n =  40
taille =  397
Mat = [0 2 -0.9354858 ;
1 2 -0.9092871 ;
2 3 0.9723234 ;
0 5 0.3093707 ;
1 5 0.5683252 ;
3 5 0.01273818 ;
0 6 -0.05976499 ;
2 6 -0.5783679 ;
3 6 -0.1271734 ;
4 6 0.3828391 ;
1 7 0.5973449 ;
2 7 -0.7399651 ;
4 7 -0.2977516 ;
0 8 -0.5900985 ;
2 8 0.6039819 ;
3 8 -0.1129142 ;
4 8 -0.7309544 ;
6 8 -0.9881556 ;
7 8 0.5218573 ;
1 9 0.07408881 ;
4 9 0.8656627 ;
6 9 -0.6756577 ;
7 9 0.9456245 ;
0 10 0.6062057 ;
1 10 -0.950561 ;
2 10 -0.2718251 ;
3 10 -0.8377261 ;
4 10 0.8563302 ;
9 10 0.3976005 ;
0 11 -0.9026454 ;
4 11 0.410044 ;
8 11 0.1952053 ;
9 11 -0.345193 ;
10 11 -0.2485952 ;
1 12 0.653947 ;
2 12 0.07912658 ;
3 12 -0.8335654 ;
4 12 -0.9364753 ;
6 12 0.4407724 ;
7 12 0.7153694 ;
9 12 0.03278031 ;
0 13 -0.9106001 ;
3 13 0.5311273 ;
10 13 0.1585608 ;
12 13 0.7994532 ;
4 14 0.7318429 ;
6 14 -0.05712928 ;
7 14 0.3534408 ;
9 14 0.7050867 ;
10 14 0.5347376 ;
1 15 0.2542007 ;
2 15 0.6099553 ;
3 15 0.7575701 ;
4 15 0.6421532 ;
5 15 0.1259483 ;
6 15 -0.2089771 ;
10 15 0.9510479 ;
11 15 0.3581172 ;
12 15 -0.3518196 ;
13 15 0.8581593 ;
2 16 0.4497793 ;
3 16 0.7124669 ;
6 16 -0.04837631 ;
7 16 -0.9248438 ;
8 16 -0.6997725 ;
9 16 -0.7224288 ;
10 16 0.3601987 ;
11 16 0.01354613 ;
14 16 -0.9086505 ;
0 17 0.1568722 ;
1 17 0.08262638 ;
5 17 0.8386068 ;
12 17 0.5300821 ;
14 17 -0.7312559 ;
0 18 -0.6289145 ;
3 18 -0.2403056 ;
4 18 0.5123159 ;
5 18 -0.3238729 ;
6 18 0.2537119 ;
7 18 -0.5356846 ;
10 18 0.5644627 ;
12 18 0.08568261 ;
13 18 0.8066001 ;
14 18 -0.6477672 ;
15 18 0.27753 ;
1 19 -0.7601717 ;
3 19 0.09912442 ;
4 19 0.008676114 ;
5 19 0.7086254 ;
6 19 0.237936 ;
7 19 -0.3031666 ;
8 19 -0.4709389 ;
18 19 -0.6259402 ;
1 20 -0.1777762 ;
4 20 -0.3459422 ;
6 20 -0.9898941 ;
8 20 0.2258741 ;
9 20 -0.9032298 ;
10 20 -0.3190932 ;
11 20 -0.7364454 ;
12 20 0.7636378 ;
13 20 0.4502859 ;
14 20 0.1131521 ;
0 21 0.5243295 ;
3 21 0.7492795 ;
5 21 0.4566142 ;
7 21 -0.1602037 ;
11 21 -0.8695736 ;
13 21 -0.2371567 ;
15 21 -0.09089901 ;
16 21 0.9747371 ;
17 21 0.9454552 ;
18 21 0.8025819 ;
19 21 0.6886981 ;
0 22 -0.7293096 ;
1 22 -0.292384 ;
2 22 -0.3229 ;
3 22 -0.5131468 ;
5 22 0.5724181 ;
6 22 0.4236554 ;
8 22 0.3215972 ;
10 22 -0.1155582 ;
13 22 -0.6454241 ;
14 22 0.577196 ;
15 22 -0.2286674 ;
18 22 -0.1362216 ;
19 22 -0.4204202 ;
20 22 0.6797178 ;
0 23 -0.8668113 ;
1 23 -0.7661413 ;
4 23 0.08062288 ;
5 23 0.938969 ;
6 23 0.957918 ;
8 23 -0.4854586 ;
10 23 0.09129231 ;
11 23 -0.8895996 ;
12 23 -0.8937295 ;
14 23 0.8791314 ;
16 23 0.9866669 ;
18 23 0.02969008 ;
21 23 0.7427426 ;
3 24 -0.02047598 ;
4 24 0.06410652 ;
10 24 -0.8687203 ;
11 24 -0.4371408 ;
12 24 -0.9465208 ;
13 24 -0.3897339 ;
14 24 -0.7229269 ;
15 24 -0.9869554 ;
19 24 0.2379226 ;
22 24 -0.533056 ;
0 25 0.7963672 ;
3 25 -0.607679 ;
5 25 0.2716718 ;
6 25 -0.840145 ;
7 25 0.604267 ;
10 25 0.1230237 ;
11 25 -0.9369041 ;
14 25 0.08224503 ;
16 25 -0.06025491 ;
20 25 0.4809021 ;
23 25 -0.291306 ;
1 26 0.6857236 ;
2 26 0.8768978 ;
3 26 -0.9396769 ;
5 26 -0.32919 ;
7 26 0.2441473 ;
8 26 0.7698007 ;
9 26 0.0941921 ;
10 26 -0.6528123 ;
11 26 -0.1129554 ;
13 26 0.7659854 ;
15 26 -0.4696143 ;
16 26 -0.05050168 ;
18 26 -0.8273518 ;
23 26 0.2043099 ;
24 26 0.7516445 ;
25 26 0.5122407 ;
0 27 0.673677 ;
2 27 0.8307818 ;
6 27 0.9443864 ;
7 27 0.555211 ;
14 27 0.7735916 ;
15 27 -0.9579326 ;
19 27 -0.8903719 ;
20 27 -0.1872638 ;
22 27 -0.2849787 ;
23 27 0.5595536 ;
24 27 -0.1168162 ;
25 27 -0.05006018 ;
0 28 -0.4585594 ;
1 28 0.2628251 ;
3 28 -0.2823381 ;
5 28 -0.2317246 ;
6 28 -0.1769469 ;
7 28 -0.03735557 ;
8 28 0.2593517 ;
11 28 -0.9967975 ;
12 28 -0.9624123 ;
13 28 -0.1967949 ;
14 28 -0.2050425 ;
17 28 0.8120002 ;
18 28 0.3713402 ;
19 28 -0.8981055 ;
20 28 -0.2891668 ;
26 28 -0.7078906 ;
27 28 -0.554476 ;
0 29 -0.5720055 ;
3 29 0.289367 ;
4 29 0.9945328 ;
5 29 -0.1693349 ;
6 29 0.1786245 ;
7 29 0.4495933 ;
9 29 0.4460271 ;
10 29 0.7119965 ;
11 29 -0.5137334 ;
13 29 -0.7654321 ;
17 29 0.8078903 ;
18 29 -0.01187534 ;
19 29 0.9827648 ;
22 29 -0.2412869 ;
0 30 0.4183634 ;
3 30 0.7960754 ;
4 30 0.1598839 ;
6 30 0.6972723 ;
7 30 0.4454284 ;
9 30 -0.1936449 ;
10 30 0.8472082 ;
13 30 0.1443565 ;
15 30 -0.1884133 ;
17 30 -0.6962247 ;
18 30 -0.5669641 ;
19 30 -0.04466284 ;
22 30 -0.8047399 ;
24 30 0.3204411 ;
29 30 0.8608178 ;
0 31 0.1731229 ;
1 31 -0.62903 ;
2 31 0.07279449 ;
3 31 -0.6068848 ;
4 31 0.1251818 ;
5 31 -0.6081393 ;
6 31 0.08613773 ;
8 31 0.8784511 ;
9 31 0.07868107 ;
10 31 0.8393528 ;
13 31 -0.4207618 ;
14 31 0.8012595 ;
15 31 -0.08477833 ;
17 31 0.01571757 ;
18 31 0.5513408 ;
21 31 0.4776062 ;
26 31 -0.5571287 ;
30 31 -0.3826461 ;
2 32 -0.6309788 ;
3 32 -0.6464323 ;
4 32 -0.006483347 ;
6 32 -0.2277498 ;
7 32 -0.3071998 ;
9 32 0.7113571 ;
10 32 0.995103 ;
11 32 -0.1676738 ;
13 32 -0.4203476 ;
15 32 -0.5758565 ;
18 32 -0.3177055 ;
21 32 -0.06048993 ;
23 32 0.2878904 ;
24 32 -0.05862654 ;
25 32 -0.5458397 ;
26 32 0.5192357 ;
29 32 -0.619207 ;
30 32 0.008205537 ;
0 33 -0.511191 ;
3 33 -0.1035092 ;
6 33 -0.6744837 ;
10 33 -0.8823998 ;
12 33 0.8678773 ;
13 33 -0.4236038 ;
14 33 -0.01423228 ;
15 33 -0.8592327 ;
17 33 -0.580283 ;
18 33 0.2365259 ;
21 33 0.00246363 ;
23 33 0.935146 ;
25 33 -0.2562332 ;
26 33 0.5456658 ;
28 33 -0.9172172 ;
29 33 -0.9546683 ;
32 33 0.6382753 ;
1 34 0.06727753 ;
2 34 -0.2534251 ;
5 34 -0.6849918 ;
6 34 -0.06685015 ;
7 34 -0.6093156 ;
8 34 0.5618698 ;
9 34 -0.7016617 ;
10 34 0.6087033 ;
11 34 0.4845425 ;
14 34 0.6285858 ;
15 34 0.05417878 ;
16 34 0.2909042 ;
18 34 -0.7432909 ;
20 34 0.1306823 ;
25 34 0.7257929 ;
26 34 -0.6931714 ;
29 34 -0.04556697 ;
32 34 0.8403939 ;
0 35 0.7342363 ;
2 35 0.3343011 ;
5 35 0.2713598 ;
6 35 0.02579327 ;
8 35 0.9906078 ;
9 35 -0.02159569 ;
10 35 0.6408156 ;
16 35 -0.534081 ;
20 35 0.03907249 ;
22 35 -0.4927074 ;
24 35 0.4141863 ;
25 35 -0.9275939 ;
30 35 0.4644873 ;
31 35 0.5658176 ;
33 35 -0.3811565 ;
0 36 0.9908914 ;
3 36 -0.4132191 ;
4 36 0.2259763 ;
6 36 -0.3815346 ;
7 36 0.2013013 ;
9 36 -0.2098201 ;
11 36 -0.5259341 ;
12 36 0.3280991 ;
13 36 -0.6891571 ;
14 36 -0.2468666 ;
18 36 0.06815406 ;
23 36 0.9553552 ;
25 36 0.8765301 ;
26 36 0.1350147 ;
27 36 -0.4157869 ;
32 36 0.6245448 ;
0 37 -0.7406334 ;
1 37 0.8491018 ;
2 37 -0.6032082 ;
3 37 0.4762469 ;
4 37 -0.1971164 ;
7 37 -0.6098075 ;
12 37 0.5185046 ;
13 37 0.03569612 ;
18 37 -0.6351705 ;
21 37 -0.8257101 ;
22 37 -0.06769248 ;
23 37 -0.7460046 ;
24 37 -0.1465128 ;
30 37 0.9635289 ;
31 37 0.860971 ;
35 37 0.8333822 ;
2 38 0.8428924 ;
3 38 -0.6241521 ;
5 38 0.2315695 ;
8 38 0.588818 ;
9 38 -0.444651 ;
10 38 0.2310302 ;
11 38 0.1732547 ;
13 38 -0.6070643 ;
14 38 -0.9239675 ;
15 38 -0.4180357 ;
17 38 0.017574 ;
18 38 -0.3295761 ;
19 38 -0.7328683 ;
24 38 0.4547407 ;
31 38 -0.6898093 ;
32 38 -0.2555671 ;
33 38 0.5381969 ;
35 38 -0.2022944 ;
36 38 0.3813396 ;
37 38 -0.002896706 ;
1 39 0.3169193 ;
2 39 -0.8382258 ;
3 39 -0.9193254 ;
5 39 -0.8780418 ;
6 39 -0.2049857 ;
7 39 0.05086695 ;
8 39 -0.9473288 ;
10 39 -0.8906403 ;
11 39 0.9069201 ;
12 39 0.6558162 ;
17 39 -0.9096951 ;
18 39 -0.9869644 ;
19 39 -0.6925383 ;
20 39 -0.6235507 ;
22 39 0.8127052 ;
24 39 -0.4887232 ;
25 39 -0.9893712 ;
26 39 -0.7419089 ;
28 39 -0.6800343 ;
33 39 -0.9379716 ;
35 39 0.5932762 ;
37 39 -0.02111064 ;
38 39 0.6829946 ]