n =  45
taille =  803
Mat = [0 1 0.1053466 ;
0 2 -0.8472006 ;
0 3 -0.3864149 ;
1 3 0.9041231 ;
2 3 0.1715768 ;
1 4 0.8897731 ;
2 4 0.8408233 ;
0 5 -0.8386592 ;
2 5 0.8851896 ;
3 5 0.09205134 ;
4 5 -0.831646 ;
0 6 0.3946059 ;
1 6 -0.6269812 ;
2 6 0.9671058 ;
3 6 0.290589 ;
4 6 -0.1460346 ;
5 6 0.5658499 ;
0 7 0.1414427 ;
1 7 0.7003976 ;
2 7 -0.9845326 ;
3 7 -0.6652373 ;
4 7 0.2508056 ;
5 7 0.2058042 ;
6 7 0.005260596 ;
0 8 0.3135856 ;
2 8 0.6816125 ;
3 8 0.3999802 ;
4 8 0.467289 ;
5 8 -0.8691783 ;
7 8 -0.04822792 ;
0 9 0.5222402 ;
1 9 -0.9298336 ;
2 9 0.9519305 ;
3 9 0.01697069 ;
4 9 -0.5942852 ;
5 9 0.206589 ;
6 9 0.6936639 ;
7 9 -0.6989293 ;
8 9 -0.1613824 ;
0 10 0.2774881 ;
1 10 -0.2561579 ;
2 10 -0.7605825 ;
4 10 -0.8469947 ;
5 10 -0.5728423 ;
6 10 -0.4074698 ;
7 10 -0.4603055 ;
8 10 0.4074387 ;
9 10 0.1954344 ;
0 11 -0.07242398 ;
3 11 -0.02963448 ;
4 11 0.7354544 ;
5 11 -0.6341211 ;
6 11 0.4787532 ;
7 11 -0.8551742 ;
8 11 -0.2469478 ;
9 11 -0.463659 ;
10 11 0.01113126 ;
0 12 0.1710561 ;
2 12 0.4926009 ;
3 12 -0.5076724 ;
4 12 0.5203503 ;
5 12 0.6687916 ;
6 12 0.5550719 ;
7 12 0.3085107 ;
8 12 -0.02118185 ;
9 12 -0.06843527 ;
10 12 -0.4828324 ;
11 12 -0.3765708 ;
1 13 -0.5622732 ;
2 13 -0.1488912 ;
3 13 0.3923523 ;
4 13 -0.7928085 ;
5 13 -0.12495 ;
6 13 -0.06879638 ;
7 13 0.4437004 ;
9 13 -0.6735508 ;
10 13 -0.1075384 ;
11 13 -0.3713011 ;
12 13 -0.7497601 ;
1 14 -0.2880139 ;
2 14 0.536815 ;
3 14 0.6766448 ;
4 14 -0.3982131 ;
5 14 0.3624872 ;
6 14 0.7627713 ;
8 14 0.01764789 ;
10 14 -0.1614985 ;
13 14 -0.8528086 ;
0 15 -0.9407604 ;
1 15 0.1028449 ;
2 15 -0.4622724 ;
3 15 0.3346607 ;
4 15 -0.3198042 ;
5 15 0.3904141 ;
7 15 -0.7508615 ;
9 15 -0.308426 ;
10 15 0.1133821 ;
11 15 -0.1738476 ;
12 15 0.1324658 ;
13 15 -0.719667 ;
14 15 0.8248535 ;
0 16 0.9929894 ;
3 16 -0.6864833 ;
5 16 -0.4644613 ;
6 16 -0.6259976 ;
7 16 -0.1495831 ;
8 16 0.01043492 ;
9 16 -0.5465042 ;
10 16 -0.1659317 ;
11 16 0.5997038 ;
12 16 0.0713472 ;
13 16 -0.05816855 ;
15 16 -0.6687743 ;
0 17 0.09504876 ;
1 17 0.2006697 ;
2 17 0.9712059 ;
3 17 0.5754457 ;
4 17 -0.4011415 ;
5 17 -0.1288939 ;
7 17 -0.6915412 ;
8 17 -0.8572769 ;
11 17 -0.6674875 ;
15 17 0.1664377 ;
1 18 0.01342372 ;
2 18 0.8809638 ;
5 18 -0.431116 ;
6 18 -0.1062728 ;
7 18 -0.5610491 ;
8 18 0.6621348 ;
9 18 0.3939636 ;
14 18 -0.3345498 ;
15 18 -0.5226144 ;
16 18 0.9942445 ;
17 18 -0.26503 ;
0 19 -0.8284084 ;
3 19 0.4637574 ;
4 19 -0.7734803 ;
5 19 0.8568363 ;
6 19 -0.9280348 ;
8 19 -0.3708257 ;
10 19 -0.4109154 ;
11 19 0.1320228 ;
12 19 0.1149226 ;
13 19 0.9020256 ;
14 19 0.5157166 ;
16 19 0.08842387 ;
17 19 -0.931089 ;
18 19 -0.8624164 ;
0 20 -0.9748717 ;
1 20 -0.3767272 ;
2 20 0.9683289 ;
3 20 -0.6699519 ;
4 20 0.1919951 ;
6 20 -0.8358935 ;
7 20 -0.2378215 ;
9 20 0.7975917 ;
10 20 -0.1386695 ;
11 20 0.6657505 ;
12 20 0.8864266 ;
13 20 -0.8140156 ;
15 20 -0.1974156 ;
16 20 0.5400298 ;
17 20 0.5736507 ;
18 20 0.6793045 ;
1 21 0.1840862 ;
2 21 -0.8279459 ;
5 21 0.578046 ;
6 21 -0.3768912 ;
8 21 -0.4784327 ;
10 21 -0.4398862 ;
11 21 0.05349586 ;
12 21 -0.3594282 ;
13 21 -0.194607 ;
14 21 0.05971643 ;
15 21 0.6277383 ;
16 21 0.05325542 ;
17 21 0.2053703 ;
18 21 -0.3397638 ;
19 21 -0.5567899 ;
0 22 -0.7894143 ;
1 22 -0.9005101 ;
2 22 -0.1918122 ;
3 22 0.1093348 ;
4 22 0.05275611 ;
6 22 -0.4789256 ;
7 22 0.4193335 ;
8 22 0.7956856 ;
12 22 -0.6905133 ;
14 22 -0.5120707 ;
16 22 -0.06799211 ;
19 22 -0.6985907 ;
20 22 0.7852648 ;
21 22 0.3898771 ;
0 23 -0.007986758 ;
1 23 -0.700671 ;
2 23 -0.6511071 ;
3 23 -0.419844 ;
4 23 0.8376372 ;
5 23 0.8284996 ;
6 23 0.6267336 ;
7 23 -0.7918024 ;
8 23 0.3448757 ;
10 23 -0.7478716 ;
11 23 0.1654236 ;
12 23 -0.7604199 ;
13 23 -0.2753719 ;
14 23 -0.9380121 ;
15 23 -0.5669917 ;
16 23 0.8545814 ;
17 23 -0.3028607 ;
19 23 -0.4780809 ;
20 23 0.07638614 ;
21 23 -0.8633534 ;
0 24 0.9421238 ;
1 24 0.5721703 ;
3 24 -0.0123456 ;
4 24 -0.380344 ;
5 24 0.6691819 ;
6 24 0.5297746 ;
7 24 0.8534805 ;
8 24 -0.501132 ;
9 24 -0.2273276 ;
10 24 0.5780015 ;
12 24 -0.2111008 ;
13 24 0.6581018 ;
14 24 -0.1006185 ;
15 24 0.3226842 ;
16 24 0.2794882 ;
17 24 -0.114439 ;
18 24 0.9786116 ;
19 24 -0.1309535 ;
23 24 0.1473498 ;
0 25 0.983671 ;
1 25 -0.4636058 ;
2 25 0.282556 ;
3 25 -0.1534147 ;
4 25 0.7420359 ;
5 25 0.3755758 ;
6 25 -0.4606592 ;
7 25 -0.3137914 ;
8 25 -0.196722 ;
9 25 -0.4604682 ;
10 25 0.8486852 ;
11 25 -0.9962377 ;
12 25 -0.6942779 ;
13 25 -0.7711839 ;
14 25 -0.1971621 ;
15 25 -0.2424699 ;
17 25 0.9661146 ;
18 25 0.1973631 ;
19 25 0.6798652 ;
20 25 0.5934113 ;
22 25 -0.9341557 ;
23 25 -0.7463491 ;
24 25 0.5723072 ;
1 26 0.8197175 ;
2 26 0.09163601 ;
3 26 0.2855353 ;
4 26 0.09666174 ;
6 26 -0.717198 ;
7 26 -0.6716507 ;
8 26 0.861674 ;
9 26 -0.8696985 ;
10 26 -0.9223062 ;
12 26 0.3721469 ;
14 26 0.7462624 ;
15 26 0.971107 ;
17 26 -0.9032229 ;
18 26 0.5139407 ;
19 26 0.4404634 ;
20 26 0.2087955 ;
21 26 -0.3902339 ;
22 26 0.5082562 ;
23 26 -0.1975766 ;
24 26 0.1323023 ;
25 26 0.8428184 ;
0 27 0.9643392 ;
1 27 0.8622911 ;
2 27 0.5946223 ;
3 27 0.8198099 ;
5 27 0.3642911 ;
6 27 0.9829928 ;
8 27 0.85817 ;
9 27 0.3309188 ;
10 27 -0.6696006 ;
11 27 -0.1879052 ;
12 27 0.7339958 ;
14 27 -0.2268397 ;
15 27 -0.8774057 ;
16 27 -0.6535071 ;
17 27 0.5557834 ;
18 27 0.6601418 ;
19 27 0.2346275 ;
21 27 -0.06947941 ;
22 27 0.5677725 ;
23 27 0.1161727 ;
24 27 -0.3869365 ;
25 27 -0.7085906 ;
26 27 -0.4023597 ;
0 28 -0.8833143 ;
2 28 0.5508367 ;
3 28 0.4715092 ;
4 28 -0.5625076 ;
5 28 -0.2286526 ;
8 28 0.7269189 ;
9 28 -0.8470951 ;
10 28 0.8602953 ;
11 28 -0.05034467 ;
12 28 0.1780883 ;
14 28 0.3200391 ;
15 28 0.9546773 ;
20 28 -0.7252999 ;
21 28 0.837392 ;
22 28 -0.5031946 ;
23 28 0.4203319 ;
26 28 -0.5886933 ;
27 28 0.4107667 ;
0 29 0.3264981 ;
1 29 -0.9989854 ;
2 29 0.8965885 ;
3 29 -0.5169995 ;
4 29 -0.4168758 ;
5 29 0.2771628 ;
7 29 0.4368579 ;
8 29 -0.7275889 ;
10 29 -0.2709854 ;
11 29 0.5754467 ;
12 29 -0.031071 ;
13 29 0.2565431 ;
14 29 -0.8668762 ;
15 29 -0.3396087 ;
17 29 -0.9842279 ;
18 29 0.2513829 ;
19 29 0.4558591 ;
20 29 0.7776425 ;
21 29 -0.3292622 ;
23 29 -0.1260041 ;
24 29 -0.1978245 ;
25 29 0.1393722 ;
28 29 0.3206938 ;
0 30 -0.3575275 ;
1 30 -0.523966 ;
4 30 -0.2628693 ;
5 30 -0.9966615 ;
6 30 0.1785068 ;
7 30 0.6957254 ;
8 30 -0.1799255 ;
9 30 -0.6839383 ;
10 30 -0.2332045 ;
11 30 0.553845 ;
12 30 -0.3980236 ;
13 30 0.4197826 ;
14 30 0.5634692 ;
15 30 -0.6554972 ;
19 30 0.9135377 ;
21 30 0.4321885 ;
22 30 -0.8736639 ;
23 30 0.8701219 ;
24 30 -0.3215952 ;
25 30 -0.192483 ;
26 30 0.8514273 ;
27 30 0.6032339 ;
28 30 -0.4332842 ;
29 30 -0.158393 ;
0 31 -0.4919518 ;
1 31 -0.6700939 ;
2 31 -0.3186198 ;
3 31 -0.3351436 ;
4 31 -0.4120791 ;
5 31 -0.8817611 ;
6 31 0.2993426 ;
8 31 0.2554467 ;
9 31 0.6444349 ;
10 31 -0.9242011 ;
11 31 -0.1794481 ;
12 31 0.6840533 ;
13 31 -0.5982308 ;
14 31 -0.7486547 ;
15 31 0.4748556 ;
17 31 0.8259201 ;
18 31 -0.6473078 ;
19 31 0.8662887 ;
20 31 -0.1381501 ;
21 31 -0.4866297 ;
22 31 0.3436994 ;
23 31 -0.6264233 ;
24 31 -0.685126 ;
25 31 -0.7612898 ;
26 31 -0.5565122 ;
27 31 0.8464634 ;
28 31 0.8946592 ;
29 31 -0.2550228 ;
30 31 0.6342577 ;
0 32 -0.5283001 ;
1 32 -0.6228199 ;
2 32 0.5169509 ;
3 32 -0.4766593 ;
4 32 -0.9806226 ;
5 32 -0.754152 ;
6 32 -0.2867643 ;
7 32 0.5733587 ;
8 32 0.7067128 ;
10 32 -0.06274036 ;
12 32 0.1477756 ;
13 32 0.993617 ;
14 32 -0.8138671 ;
15 32 -0.9789564 ;
16 32 -0.5552717 ;
17 32 0.6400583 ;
18 32 0.9381132 ;
19 32 0.9366382 ;
22 32 0.03228746 ;
23 32 -0.6790511 ;
25 32 0.5153347 ;
26 32 -0.7428455 ;
27 32 -0.8023497 ;
28 32 -0.2930801 ;
29 32 0.1514481 ;
30 32 0.4812623 ;
31 32 -0.2539136 ;
1 33 -0.0219692 ;
2 33 0.7221795 ;
3 33 0.5037946 ;
5 33 -0.01389184 ;
6 33 -0.3867606 ;
7 33 -0.2044111 ;
8 33 0.9594439 ;
9 33 -0.3472649 ;
10 33 0.4473988 ;
12 33 0.7998468 ;
13 33 -0.9555178 ;
14 33 0.848895 ;
15 33 -0.952738 ;
16 33 -0.4923702 ;
17 33 0.3406249 ;
18 33 -0.8865119 ;
19 33 -0.2356179 ;
20 33 -0.1365533 ;
21 33 -0.7609878 ;
22 33 0.3144713 ;
23 33 0.7606189 ;
24 33 -0.8993369 ;
26 33 0.9061732 ;
27 33 -0.6625683 ;
28 33 0.08968204 ;
29 33 -0.240978 ;
30 33 -0.7830455 ;
31 33 -0.7072401 ;
32 33 0.7895844 ;
0 34 0.6256707 ;
2 34 0.02758017 ;
4 34 -0.1290364 ;
5 34 -0.07369503 ;
6 34 -0.03406727 ;
7 34 -0.6324818 ;
8 34 0.744724 ;
9 34 -0.9755935 ;
10 34 0.6026693 ;
11 34 0.7241141 ;
12 34 0.3853317 ;
13 34 0.3983762 ;
15 34 0.5540632 ;
16 34 -0.6536626 ;
17 34 -0.10232 ;
18 34 0.02470279 ;
21 34 -0.8037476 ;
22 34 0.1882322 ;
23 34 -0.8151663 ;
25 34 -0.6368493 ;
26 34 -0.2282026 ;
27 34 0.7832788 ;
28 34 0.1750949 ;
29 34 0.02843707 ;
30 34 0.1538813 ;
31 34 -0.9484212 ;
32 34 0.7877256 ;
33 34 -0.0180256 ;
0 35 -0.04657811 ;
1 35 0.1682894 ;
4 35 -0.5458995 ;
5 35 -0.7146046 ;
6 35 0.005869071 ;
7 35 0.7980202 ;
10 35 -0.01588275 ;
12 35 0.08824007 ;
13 35 -0.2586496 ;
14 35 0.8524493 ;
15 35 0.3562226 ;
16 35 0.7206366 ;
17 35 -0.5210198 ;
18 35 -0.7151214 ;
19 35 -0.1495668 ;
20 35 -0.374013 ;
22 35 0.2211076 ;
23 35 0.1698409 ;
24 35 -0.8661478 ;
25 35 0.8581318 ;
26 35 0.2356284 ;
27 35 -0.6227238 ;
28 35 0.1831703 ;
29 35 -0.1028234 ;
30 35 -0.1177885 ;
31 35 -0.953206 ;
32 35 -0.26869 ;
33 35 -0.9213326 ;
34 35 -0.6168788 ;
0 36 -0.8234064 ;
1 36 0.6780781 ;
2 36 -0.1659848 ;
3 36 -0.2755649 ;
4 36 -0.9158317 ;
5 36 0.719989 ;
6 36 0.04176721 ;
7 36 -0.01377372 ;
8 36 -0.4598076 ;
9 36 0.06332341 ;
10 36 0.9412688 ;
11 36 -0.3441217 ;
12 36 -0.5494542 ;
14 36 -0.6226355 ;
15 36 -0.6102847 ;
16 36 -0.7796983 ;
17 36 0.08117144 ;
18 36 0.2831785 ;
20 36 0.6707741 ;
21 36 -0.3934653 ;
22 36 0.6898485 ;
23 36 -0.5535063 ;
24 36 -0.3737273 ;
26 36 -0.06020267 ;
27 36 -0.5682766 ;
28 36 -0.5404925 ;
29 36 0.02648324 ;
30 36 0.4158513 ;
31 36 -0.7120566 ;
33 36 0.90392 ;
34 36 0.5770243 ;
0 37 0.05597124 ;
1 37 -0.3089229 ;
2 37 0.9377097 ;
4 37 -0.6140534 ;
5 37 -0.4637029 ;
6 37 -0.02517248 ;
7 37 0.08411977 ;
8 37 0.2330089 ;
10 37 -0.168192 ;
11 37 -0.4307642 ;
12 37 0.7506311 ;
13 37 -0.580238 ;
15 37 -0.6738746 ;
16 37 0.3166323 ;
17 37 -0.09208563 ;
18 37 -0.4881943 ;
19 37 -0.6265103 ;
20 37 -0.01562263 ;
21 37 -0.0339925 ;
22 37 0.6921592 ;
23 37 0.5793173 ;
24 37 -0.6008449 ;
25 37 0.7671557 ;
26 37 -0.9196726 ;
27 37 -0.3190612 ;
28 37 0.1630014 ;
30 37 -0.3903753 ;
31 37 -0.292307 ;
33 37 -0.2967901 ;
35 37 -0.1827518 ;
36 37 0.9567214 ;
0 38 -0.8457227 ;
1 38 -0.4931342 ;
2 38 -0.7654609 ;
3 38 -0.1150494 ;
4 38 0.1827689 ;
5 38 -0.1870393 ;
7 38 -0.4901059 ;
8 38 -0.7278082 ;
9 38 0.1419312 ;
10 38 0.6528295 ;
11 38 0.2559821 ;
12 38 0.1656459 ;
13 38 0.7632899 ;
14 38 0.8600952 ;
15 38 0.06312634 ;
17 38 0.4364984 ;
18 38 0.2154824 ;
19 38 0.6478235 ;
23 38 0.9283577 ;
24 38 0.2363028 ;
25 38 0.480552 ;
26 38 0.114977 ;
27 38 0.6725093 ;
28 38 0.5768591 ;
29 38 -0.6363224 ;
30 38 0.7743955 ;
31 38 -0.4612055 ;
32 38 0.9876624 ;
33 38 -0.2659713 ;
35 38 -0.4499163 ;
36 38 -0.2771586 ;
0 39 0.8804621 ;
1 39 0.4291032 ;
2 39 -0.5690362 ;
3 39 -0.7393609 ;
4 39 -0.8782432 ;
6 39 -0.7554477 ;
7 39 -0.1408263 ;
8 39 -0.7238422 ;
9 39 -0.4032761 ;
11 39 -0.06472911 ;
12 39 0.3985541 ;
14 39 -0.247294 ;
15 39 -0.1678603 ;
16 39 0.117245 ;
17 39 0.646262 ;
18 39 0.4599546 ;
19 39 0.08415073 ;
20 39 0.2318484 ;
21 39 0.5340898 ;
23 39 0.9230152 ;
24 39 -0.625875 ;
25 39 -0.02284917 ;
26 39 0.3836347 ;
27 39 0.04337488 ;
29 39 0.760283 ;
31 39 -0.9981789 ;
32 39 0.6241695 ;
34 39 0.7511979 ;
35 39 -0.2582623 ;
36 39 0.5385089 ;
37 39 -0.9467869 ;
38 39 0.9172788 ;
0 40 -0.266997 ;
1 40 -0.8398683 ;
2 40 -0.1646999 ;
3 40 -0.1238156 ;
4 40 -0.357962 ;
5 40 0.2580998 ;
6 40 -0.6646186 ;
7 40 -0.7461027 ;
8 40 -0.3110656 ;
9 40 0.2499544 ;
10 40 0.6561311 ;
11 40 -0.6749501 ;
14 40 -0.236774 ;
15 40 -0.7460707 ;
16 40 -0.2528946 ;
17 40 -0.1468007 ;
18 40 -0.1361402 ;
19 40 -0.9272914 ;
21 40 -0.1363877 ;
23 40 -0.7847387 ;
24 40 0.7205304 ;
25 40 0.1318696 ;
26 40 -0.584944 ;
27 40 -0.4755406 ;
29 40 -0.5732274 ;
30 40 0.06661017 ;
31 40 0.4863125 ;
32 40 0.1273964 ;
33 40 0.4800537 ;
34 40 0.596106 ;
35 40 -0.1140214 ;
36 40 0.6172098 ;
37 40 -0.4418384 ;
38 40 0.1273829 ;
39 40 -0.2613308 ;
0 41 -0.3409604 ;
1 41 0.5110312 ;
2 41 -0.4322743 ;
3 41 -0.7469141 ;
5 41 -0.0205628 ;
6 41 0.7567078 ;
8 41 -0.3114686 ;
10 41 -0.5187955 ;
11 41 -0.2935855 ;
12 41 0.4838987 ;
13 41 0.7333562 ;
15 41 -0.2238713 ;
16 41 0.3647654 ;
17 41 -0.6352918 ;
20 41 -0.6563557 ;
21 41 -0.9051844 ;
22 41 0.5675776 ;
24 41 -0.5474934 ;
26 41 0.3583527 ;
27 41 0.4742457 ;
29 41 -0.7796038 ;
31 41 0.6724922 ;
32 41 0.6398184 ;
33 41 -0.7823897 ;
34 41 0.3114805 ;
35 41 0.09154809 ;
36 41 -0.1648268 ;
37 41 -0.6609251 ;
39 41 -0.3370959 ;
40 41 0.1157164 ;
0 42 0.1842053 ;
2 42 -0.8908795 ;
3 42 0.2737098 ;
4 42 0.744938 ;
5 42 0.5407767 ;
6 42 -0.4049746 ;
7 42 -0.4013038 ;
8 42 0.06856666 ;
9 42 0.5488471 ;
10 42 -0.9566828 ;
11 42 0.5755585 ;
12 42 -0.1366364 ;
13 42 0.9225822 ;
15 42 -0.2978292 ;
16 42 -0.6878141 ;
17 42 -0.9779074 ;
18 42 -0.2658202 ;
19 42 0.8318867 ;
20 42 0.2718856 ;
21 42 0.5773898 ;
22 42 -0.8617554 ;
23 42 -0.08571865 ;
24 42 -0.0511318 ;
25 42 -0.5113951 ;
28 42 0.8830238 ;
29 42 0.5103949 ;
30 42 -0.1743861 ;
31 42 0.2797483 ;
32 42 -0.2010759 ;
33 42 0.9381481 ;
35 42 -0.3104518 ;
36 42 0.8592873 ;
37 42 0.8491439 ;
38 42 -0.5105504 ;
39 42 0.5842133 ;
40 42 0.1231931 ;
41 42 -0.7372793 ;
1 43 0.4931042 ;
2 43 -0.8665042 ;
3 43 -0.9656968 ;
4 43 0.6560892 ;
5 43 0.08631767 ;
7 43 -0.2089619 ;
8 43 0.3713899 ;
9 43 -0.8448785 ;
10 43 0.2882749 ;
11 43 -0.5331126 ;
12 43 0.7605356 ;
13 43 0.3612808 ;
16 43 -0.1050102 ;
17 43 -0.8536891 ;
18 43 0.4650105 ;
19 43 0.4727154 ;
20 43 -0.3330263 ;
21 43 0.28132 ;
22 43 0.1246333 ;
23 43 0.5148434 ;
24 43 0.6304075 ;
26 43 -0.7276166 ;
27 43 0.5233706 ;
28 43 -0.7837897 ;
30 43 0.9982683 ;
31 43 0.7932004 ;
32 43 0.7624143 ;
33 43 0.1072364 ;
34 43 0.6078246 ;
36 43 0.08462419 ;
37 43 -0.6785588 ;
39 43 -0.2563014 ;
41 43 -0.2828867 ;
1 44 0.8593232 ;
2 44 0.6946437 ;
4 44 -0.4922975 ;
5 44 0.4587575 ;
6 44 -0.4151063 ;
8 44 -0.09420818 ;
9 44 0.8649265 ;
10 44 -0.4558426 ;
11 44 -0.7289665 ;
12 44 0.205571 ;
13 44 -0.5722215 ;
14 44 0.6247511 ;
15 44 0.2775076 ;
18 44 -0.3092305 ;
20 44 0.6012935 ;
21 44 -0.3049122 ;
22 44 -0.9931196 ;
23 44 -0.7669109 ;
24 44 -0.3483689 ;
25 44 0.04321778 ;
26 44 0.08406746 ;
27 44 -0.7231818 ;
28 44 0.5596726 ;
29 44 0.8570319 ;
30 44 0.6611278 ;
31 44 -0.8092774 ;
32 44 -0.5745048 ;
33 44 0.2215894 ;
34 44 0.6078009 ;
35 44 0.3511022 ;
36 44 0.8640868 ;
37 44 -0.6716691 ;
38 44 -0.9514176 ;
39 44 0.499724 ;
40 44 -0.542077 ;
42 44 0.8337666 ;
43 44 0.9520939 ]