n =  35
taille =  300
Mat = [0 1 0.7975631 ;
0 2 0.3294405 ;
1 2 -0.5535695 ;
2 3 -0.5996563 ;
0 4 -0.4912323 ;
3 4 -0.6755058 ;
1 5 0.1506734 ;
4 5 0.5448092 ;
0 6 0.8927073 ;
1 6 0.07906341 ;
3 6 0.8435398 ;
5 6 -0.1171737 ;
1 7 0.1698785 ;
3 7 0.8135564 ;
5 7 0.7023855 ;
6 7 0.2620387 ;
1 8 -0.2121358 ;
2 8 0.289361 ;
7 8 0.3270898 ;
0 9 -0.1084969 ;
2 9 -0.8195099 ;
4 9 0.5109296 ;
5 9 0.4803903 ;
8 9 0.1988444 ;
1 10 0.4308032 ;
3 10 0.226978 ;
1 11 -0.1764161 ;
3 11 0.04770937 ;
5 11 0.6378596 ;
7 11 -0.3751586 ;
10 11 0.3444892 ;
1 12 -0.5341626 ;
3 12 0.4269659 ;
9 12 0.0007725935 ;
10 12 -0.4775989 ;
11 12 0.7918133 ;
0 13 0.5284888 ;
1 13 0.08592902 ;
2 13 0.02011496 ;
3 13 0.9754615 ;
4 13 -0.2754293 ;
5 13 -0.1918205 ;
6 13 0.1489555 ;
8 13 0.1738585 ;
9 13 0.9630678 ;
0 14 0.6075209 ;
1 14 0.9828976 ;
6 14 0.9097347 ;
8 14 0.7271062 ;
10 14 0.5675569 ;
13 14 -0.2700505 ;
3 15 0.04971814 ;
8 15 0.5065954 ;
11 15 -0.5277318 ;
13 15 0.4340615 ;
0 16 0.3588693 ;
2 16 0.1654977 ;
4 16 0.2837979 ;
7 16 0.3820047 ;
9 16 -0.6001736 ;
11 16 -0.1702136 ;
13 16 -0.4854708 ;
14 16 0.8657503 ;
15 16 0.9678848 ;
0 17 0.3923173 ;
5 17 0.5639159 ;
7 17 0.6333926 ;
8 17 -0.05543752 ;
9 17 -0.8412724 ;
11 17 -0.005169356 ;
12 17 -0.1212399 ;
13 17 0.3004678 ;
14 17 -0.1541838 ;
16 17 0.540533 ;
0 18 -0.05330809 ;
2 18 0.3486405 ;
3 18 -0.3612095 ;
7 18 0.3848514 ;
9 18 0.7902111 ;
10 18 0.03446986 ;
12 18 -0.5792953 ;
13 18 -0.3486451 ;
16 18 -0.09065131 ;
17 18 -0.6848293 ;
1 19 0.300308 ;
7 19 -0.3508788 ;
8 19 -0.25478 ;
9 19 -0.5436592 ;
10 19 -0.7469833 ;
13 19 0.3146257 ;
15 19 -0.7424159 ;
18 19 0.105355 ;
3 20 -0.3286005 ;
4 20 0.07292579 ;
6 20 -0.4760856 ;
9 20 0.6868096 ;
10 20 -0.6982486 ;
11 20 -0.1252273 ;
19 20 -0.3751372 ;
0 21 0.9729483 ;
1 21 -0.7191858 ;
4 21 0.15067 ;
5 21 0.2626656 ;
9 21 -0.8607418 ;
13 21 0.02293512 ;
14 21 -0.627076 ;
15 21 0.03463411 ;
17 21 0.3993258 ;
2 22 0.5551831 ;
5 22 -0.298545 ;
6 22 -0.09977 ;
7 22 -0.4400437 ;
8 22 0.3257435 ;
9 22 0.2869493 ;
10 22 -0.6689158 ;
12 22 0.6824135 ;
13 22 0.1538859 ;
18 22 0.7706524 ;
19 22 0.9631083 ;
21 22 0.9264432 ;
2 23 0.8205964 ;
3 23 0.7354714 ;
4 23 0.04714838 ;
5 23 0.1851141 ;
7 23 0.1295443 ;
8 23 -0.9431741 ;
11 23 0.7775327 ;
13 23 -0.1046171 ;
22 23 0.08494747 ;
0 24 -0.5668708 ;
1 24 -0.1235103 ;
2 24 -0.8569263 ;
3 24 0.2151343 ;
4 24 -0.7231559 ;
5 24 -0.4002728 ;
7 24 -0.4975795 ;
9 24 -0.7197414 ;
10 24 0.9023659 ;
12 24 0.7960331 ;
13 24 -0.4958268 ;
15 24 0.8513105 ;
16 24 -0.2113278 ;
17 24 -0.7096585 ;
18 24 0.3004064 ;
19 24 0.1681018 ;
0 25 -0.7917834 ;
3 25 0.8919741 ;
5 25 -0.4540053 ;
6 25 0.915461 ;
9 25 -0.8826825 ;
10 25 -0.731041 ;
11 25 -0.1607443 ;
15 25 -0.704314 ;
19 25 0.2547168 ;
22 25 0.2588767 ;
24 25 -0.9227209 ;
0 26 -0.9078562 ;
1 26 0.4631298 ;
2 26 -0.9271103 ;
4 26 -0.4262379 ;
5 26 0.6160287 ;
10 26 -0.855181 ;
11 26 0.7464876 ;
12 26 -0.4722958 ;
13 26 -0.7483071 ;
18 26 -0.8366713 ;
19 26 0.2775743 ;
20 26 -0.8835923 ;
21 26 -0.1395522 ;
23 26 -0.7054862 ;
2 27 0.9023931 ;
3 27 0.4061978 ;
4 27 -0.05825469 ;
6 27 -0.3694061 ;
7 27 0.09632047 ;
8 27 -0.6912284 ;
10 27 0.728261 ;
13 27 -0.2760393 ;
14 27 0.9152098 ;
16 27 0.4745861 ;
17 27 -0.6733309 ;
18 27 -0.0168772 ;
24 27 0.04792902 ;
25 27 -0.3973161 ;
26 27 0.6511379 ;
1 28 -0.02818433 ;
2 28 -0.5606198 ;
4 28 -0.4024093 ;
5 28 0.627463 ;
6 28 0.1617233 ;
10 28 0.06500093 ;
13 28 -0.601435 ;
14 28 0.7931751 ;
15 28 0.2505133 ;
20 28 0.895375 ;
21 28 -0.08995324 ;
22 28 -0.9381069 ;
24 28 0.355802 ;
26 28 -0.2002121 ;
0 29 -0.7930904 ;
1 29 -0.04320665 ;
4 29 -0.7063029 ;
5 29 -0.7573356 ;
6 29 -0.138114 ;
7 29 -0.8459505 ;
9 29 -0.8476501 ;
10 29 0.4402126 ;
11 29 -0.7692056 ;
12 29 0.6975571 ;
13 29 -0.2239639 ;
14 29 0.3675487 ;
15 29 -0.6324057 ;
17 29 -0.398004 ;
19 29 0.4178256 ;
20 29 0.266714 ;
21 29 0.7663569 ;
23 29 -0.3227823 ;
26 29 0.7306732 ;
27 29 -0.1755823 ;
0 30 0.9572647 ;
1 30 0.485975 ;
2 30 0.8669864 ;
3 30 0.1683719 ;
6 30 0.3112676 ;
8 30 0.4532608 ;
9 30 -0.1327247 ;
12 30 -0.8631138 ;
16 30 -0.6173556 ;
17 30 0.09917487 ;
20 30 -0.8527843 ;
21 30 0.6939548 ;
22 30 -0.9932589 ;
23 30 -0.4325935 ;
25 30 0.2896395 ;
26 30 0.5387211 ;
27 30 0.6219683 ;
29 30 0.8330961 ;
3 31 -0.9714844 ;
8 31 0.3249855 ;
9 31 0.5349806 ;
11 31 0.6789917 ;
12 31 -0.4624809 ;
13 31 0.001827047 ;
14 31 0.4972413 ;
16 31 0.3468233 ;
17 31 -0.1061656 ;
21 31 0.1703262 ;
23 31 0.01663646 ;
27 31 -0.4778743 ;
0 32 0.9393883 ;
5 32 0.9688834 ;
8 32 -0.9871084 ;
9 32 -0.5613724 ;
13 32 0.3065998 ;
15 32 -0.5006983 ;
16 32 -0.202829 ;
17 32 -0.5706148 ;
19 32 -0.6454823 ;
20 32 0.8386414 ;
23 32 0.5370806 ;
28 32 -0.678419 ;
2 33 0.5096594 ;
3 33 -0.5373572 ;
5 33 -0.7549014 ;
6 33 -0.1263269 ;
10 33 0.5789003 ;
12 33 -0.5572943 ;
13 33 -0.7179093 ;
14 33 -0.4039391 ;
17 33 0.4751086 ;
18 33 -0.2616958 ;
19 33 -0.6989609 ;
24 33 -0.7177065 ;
25 33 -0.3884438 ;
26 33 0.09922265 ;
27 33 -0.1644848 ;
30 33 0.7567298 ;
31 33 0.9526939 ;
0 34 0.9050068 ;
1 34 0.1342769 ;
2 34 -0.8325293 ;
3 34 -0.2088046 ;
6 34 0.003328231 ;
9 34 0.1263964 ;
12 34 0.6255981 ;
13 34 -0.8371976 ;
14 34 -0.537613 ;
16 34 0.8847725 ;
18 34 -0.1370372 ;
19 34 -0.626925 ;
20 34 0.1581159 ;
21 34 -0.4467959 ;
23 34 0.3679781 ;
24 34 -0.8046121 ;
27 34 0.8631129 ;
28 34 0.3906645 ;
29 34 0.7535238 ;
30 34 -0.1792814 ;
31 34 0.8167261 ;
33 34 0.9007498 ]