n =  30
taille =  211
Mat = [0 1 0.600751 ;
1 3 -0.9458692 ;
2 3 0.8059415 ;
0 4 -0.6097305 ;
1 4 0.9657383 ;
3 4 -0.8199377 ;
1 5 0.4899008 ;
2 6 0.9910702 ;
3 6 -0.06539746 ;
5 7 -0.7531952 ;
6 7 -0.9699512 ;
0 8 -0.9741925 ;
1 8 0.05374858 ;
2 8 0.8565751 ;
4 8 0.2177595 ;
4 9 -0.3246627 ;
6 9 0.02674285 ;
7 9 0.4163359 ;
8 9 0.4273424 ;
3 10 0.9710148 ;
8 10 -0.9867679 ;
9 10 -0.8746952 ;
0 11 0.9651082 ;
1 11 0.3666208 ;
3 11 -0.9283137 ;
5 11 0.06822022 ;
7 11 -0.9728487 ;
9 11 0.2077494 ;
0 12 0.5865567 ;
5 12 -0.2921484 ;
6 12 -0.1310491 ;
9 12 -0.6201985 ;
11 12 -0.9255875 ;
0 13 0.650753 ;
2 13 -0.5687496 ;
3 13 -0.0964032 ;
9 13 0.8831833 ;
10 13 0.8275684 ;
12 13 0.7095633 ;
1 14 -0.3765187 ;
2 14 0.911789 ;
6 14 -0.2380611 ;
8 14 -0.2656607 ;
9 14 -0.3561165 ;
11 14 0.6773376 ;
12 14 0.4597715 ;
2 15 0.976651 ;
3 15 -0.868298 ;
5 15 0.3564529 ;
7 15 -0.01637824 ;
10 15 -0.344852 ;
0 16 -0.2536291 ;
2 16 0.363193 ;
3 16 0.3219968 ;
5 16 0.9452622 ;
10 16 0.2810163 ;
12 16 -0.608512 ;
15 16 0.8344359 ;
1 17 0.2518877 ;
2 17 -0.5753608 ;
7 17 0.8818568 ;
9 17 0.2639871 ;
11 17 -0.3155049 ;
12 17 -0.3523852 ;
15 17 -0.7069994 ;
16 17 -0.7760227 ;
1 18 0.1951355 ;
2 18 -0.7654332 ;
5 18 0.6494797 ;
6 18 -0.1042858 ;
7 18 -0.6982122 ;
8 18 -0.228436 ;
9 18 -0.513032 ;
10 18 -0.1773222 ;
11 18 0.04693174 ;
13 18 -0.4661542 ;
14 18 -0.02901739 ;
0 19 -0.4768364 ;
3 19 -0.727704 ;
4 19 -0.9094611 ;
6 19 -0.05518061 ;
10 19 0.5641407 ;
0 20 0.6685437 ;
1 20 -0.1939314 ;
3 20 0.109713 ;
4 20 -0.6564867 ;
6 20 0.8269015 ;
7 20 -0.6010275 ;
10 20 0.8582519 ;
11 20 -0.1767173 ;
12 20 -0.1566497 ;
16 20 -0.3071413 ;
18 20 -0.3769555 ;
0 21 0.786952 ;
2 21 -0.1802044 ;
5 21 0.7871454 ;
8 21 0.6741815 ;
10 21 -0.08192205 ;
13 21 0.513758 ;
15 21 0.08957125 ;
16 21 0.4415447 ;
17 21 -0.7613928 ;
18 21 -0.8014283 ;
20 21 0.8736264 ;
0 22 0.9909104 ;
2 22 -0.8617648 ;
3 22 -0.8290104 ;
4 22 0.1686066 ;
10 22 0.6935342 ;
12 22 0.09864532 ;
14 22 -0.1651395 ;
16 22 0.1895523 ;
17 22 0.2505347 ;
18 22 -0.484326 ;
20 22 0.6587512 ;
3 23 0.3320226 ;
4 23 -0.04772502 ;
6 23 -0.7147539 ;
10 23 -0.9192286 ;
11 23 -0.8847222 ;
13 23 -0.763119 ;
15 23 0.2566431 ;
17 23 0.8029875 ;
21 23 -0.7565064 ;
0 24 0.6454472 ;
1 24 0.7867924 ;
2 24 0.8900579 ;
3 24 -0.5889625 ;
6 24 0.1427371 ;
7 24 -0.02711265 ;
8 24 0.9383261 ;
9 24 0.7470172 ;
12 24 -0.3158853 ;
13 24 -0.9569171 ;
14 24 0.515322 ;
18 24 -0.9321156 ;
21 24 0.3175855 ;
23 24 0.9364869 ;
0 25 -0.837681 ;
1 25 -0.5720415 ;
2 25 -0.4755129 ;
3 25 -0.7992917 ;
4 25 0.2921798 ;
5 25 0.6310734 ;
8 25 0.5615982 ;
11 25 0.1731232 ;
14 25 0.278837 ;
15 25 -0.7792458 ;
16 25 -0.05295767 ;
17 25 -0.7506416 ;
20 25 0.384987 ;
21 25 -0.003335013 ;
22 25 -0.5803634 ;
24 25 -0.4198155 ;
1 26 0.8539593 ;
6 26 0.7926605 ;
8 26 0.5286743 ;
10 26 0.1516989 ;
11 26 -0.5711488 ;
12 26 0.7966455 ;
13 26 0.5225411 ;
14 26 -0.7499338 ;
20 26 0.0780346 ;
24 26 -0.180035 ;
25 26 0.2878022 ;
0 27 0.6680761 ;
1 27 0.1064082 ;
3 27 -0.9851267 ;
5 27 0.4501857 ;
7 27 0.447949 ;
9 27 -0.8532255 ;
10 27 0.8650045 ;
11 27 -0.8592475 ;
12 27 -0.5345927 ;
15 27 0.5132802 ;
16 27 -0.950122 ;
18 27 -0.5610615 ;
19 27 -0.8913402 ;
20 27 -0.8946454 ;
23 27 -0.8048558 ;
24 27 -0.672104 ;
25 27 0.02825208 ;
0 28 -0.501486 ;
2 28 0.2278558 ;
3 28 -0.9900601 ;
4 28 -0.3864062 ;
5 28 0.8902235 ;
6 28 -0.6268831 ;
9 28 -0.6784979 ;
11 28 0.7336043 ;
13 28 -0.254987 ;
16 28 0.5421023 ;
18 28 -0.5673103 ;
20 28 -0.4586963 ;
22 28 0.3756912 ;
23 28 -0.6658404 ;
27 28 0.3690315 ;
2 29 -0.2713718 ;
3 29 -0.02214151 ;
4 29 -0.204171 ;
6 29 -0.5030337 ;
7 29 0.2612427 ;
10 29 0.631106 ;
12 29 0.1277518 ;
13 29 0.3585046 ;
15 29 0.315805 ;
21 29 0.4193169 ;
22 29 -0.5618747 ;
25 29 -0.6310893 ;
27 29 0.4340753 ;
28 29 0.1399577 ]