n =  35
taille =  135
Mat = [0 3 -0.3095352 ;
3 4 0.3504952 ;
1 6 0.2307317 ;
5 6 0.3488654 ;
4 7 -0.9522977 ;
6 7 -0.6116773 ;
1 8 0.8160179 ;
5 8 -0.7664067 ;
7 9 0.878606 ;
8 9 -0.4304619 ;
2 10 -0.8000081 ;
1 11 -0.3033698 ;
7 11 -0.2452181 ;
0 12 0.2350053 ;
1 12 -0.9500329 ;
7 12 0.1001193 ;
11 12 -0.9662967 ;
0 13 0.5225586 ;
1 13 -0.8095357 ;
2 13 -0.8969853 ;
6 14 0.5531834 ;
8 14 0.7128641 ;
4 15 0.9683351 ;
9 15 -0.6042831 ;
10 15 -0.4654481 ;
11 15 0.5587335 ;
12 15 -0.5463057 ;
5 16 0.9176827 ;
6 16 0.3789203 ;
7 16 -0.6522126 ;
11 16 -0.01188607 ;
12 16 0.0702202 ;
2 17 -0.4734124 ;
5 17 0.9291485 ;
0 18 -0.3776592 ;
6 18 -0.6622573 ;
7 18 0.2698558 ;
15 18 -0.5192478 ;
0 19 0.6581442 ;
2 19 -0.8803206 ;
8 19 -0.2498628 ;
11 19 -0.3503087 ;
14 19 -0.2643756 ;
15 19 0.9934884 ;
17 19 0.1332417 ;
5 20 0.9308087 ;
6 20 0.6157783 ;
8 20 -0.949172 ;
10 20 0.4860222 ;
12 20 0.3438451 ;
19 20 -0.7103057 ;
7 21 -0.4914172 ;
8 21 -0.8803183 ;
9 21 0.8125568 ;
13 21 0.4077169 ;
7 22 0.828642 ;
9 22 0.0003258367 ;
16 22 0.6606414 ;
17 22 0.8261092 ;
4 23 -0.009610308 ;
5 23 -0.006518296 ;
9 23 0.8388373 ;
14 23 0.04532601 ;
5 24 -0.03377607 ;
17 24 0.6886058 ;
19 24 0.5403417 ;
20 24 -0.2208496 ;
21 24 0.3171223 ;
23 24 0.9956619 ;
0 25 -0.396523 ;
3 25 -0.5707666 ;
13 25 -0.176138 ;
17 25 0.227005 ;
1 26 -0.8935462 ;
4 26 0.8785946 ;
5 26 -0.732089 ;
15 26 0.5096163 ;
21 26 0.6352629 ;
22 26 -0.7973828 ;
4 27 -0.6954134 ;
10 27 -0.09801497 ;
17 27 0.6525948 ;
18 27 -0.1086613 ;
19 27 0.3761932 ;
20 27 -0.02064119 ;
23 27 0.1651351 ;
1 28 0.5999707 ;
4 28 -0.6556454 ;
11 28 0.4658289 ;
12 28 0.3117342 ;
24 28 -0.6975199 ;
3 29 -0.9693447 ;
4 29 -0.3853788 ;
9 29 -0.051089 ;
10 29 0.5735512 ;
14 29 0.9287362 ;
15 29 0.6861923 ;
19 29 -0.37423 ;
22 29 -0.01645497 ;
27 29 -0.9276942 ;
0 30 0.7766502 ;
4 30 0.9935374 ;
6 30 0.7874527 ;
26 30 0.1703941 ;
0 31 -0.3178959 ;
3 31 0.5456597 ;
4 31 0.9351598 ;
8 31 -0.9009067 ;
21 31 -0.2032565 ;
28 31 -0.4039409 ;
29 31 0.1676208 ;
8 32 -0.9323405 ;
9 32 -0.2264843 ;
14 32 0.87187 ;
17 32 0.5769736 ;
19 32 -0.9674647 ;
21 32 0.7713042 ;
25 32 0.9887468 ;
30 32 0.8457192 ;
31 32 0.7092036 ;
0 33 0.6583272 ;
1 33 -0.8810793 ;
4 33 -0.3008442 ;
11 33 0.5999828 ;
12 33 0.5285834 ;
13 33 -0.2031738 ;
16 33 -0.1256581 ;
20 33 0.744797 ;
2 34 0.5113038 ;
3 34 0.2409364 ;
7 34 0.60606 ;
11 34 0.113727 ;
13 34 -0.2543316 ;
18 34 0.05234713 ;
21 34 -0.178258 ]