n =  30
taille =  212
Mat = [0 3 -0.4908864 ;
1 3 -0.9161332 ;
0 4 0.08950924 ;
2 4 -0.9768477 ;
0 5 0.4978155 ;
2 5 -0.6125669 ;
3 5 -0.7618653 ;
0 6 -0.1249392 ;
2 6 0.009642487 ;
4 6 -0.3760851 ;
5 6 0.7547971 ;
1 7 0.9342262 ;
2 7 0.04272078 ;
3 7 -0.3481135 ;
2 8 0.1913105 ;
5 8 0.9952833 ;
6 8 -0.1707878 ;
3 9 -0.1331433 ;
5 9 -0.6711577 ;
7 9 0.6384756 ;
2 10 -0.5976566 ;
3 10 0.1169117 ;
5 10 0.1544284 ;
8 10 0.8487272 ;
9 10 0.6794376 ;
1 11 0.327644 ;
4 11 0.5452886 ;
5 11 0.7629428 ;
7 11 -0.7315649 ;
8 11 0.2973965 ;
3 12 0.8578323 ;
4 12 -0.1630933 ;
5 12 -0.3359688 ;
6 12 -0.5493072 ;
7 12 -0.4951355 ;
8 12 0.04369001 ;
11 12 -0.961908 ;
1 13 -0.9889954 ;
3 13 0.10033 ;
4 13 0.8005382 ;
5 13 0.896667 ;
7 13 -0.8458463 ;
11 13 -0.7094028 ;
2 14 0.3739003 ;
3 14 0.2709032 ;
6 14 0.4573551 ;
8 14 -0.09156114 ;
12 14 0.4569 ;
2 15 -0.2872805 ;
5 15 -0.1222138 ;
9 15 -0.6757943 ;
10 15 0.1005909 ;
14 15 0.8535931 ;
0 16 0.7761078 ;
2 16 0.6116362 ;
4 16 0.04572437 ;
6 16 -0.4874914 ;
7 16 0.7015334 ;
8 16 0.492956 ;
12 16 0.5078242 ;
13 16 -0.2580833 ;
0 17 0.5571174 ;
1 17 0.8207582 ;
2 17 -0.8367385 ;
3 17 0.9666368 ;
4 17 0.645841 ;
6 17 -0.7506571 ;
7 17 0.06962856 ;
9 17 0.9705878 ;
10 17 0.05058137 ;
11 17 0.8495093 ;
12 17 -0.2737214 ;
16 17 0.6684385 ;
0 18 0.4948064 ;
1 18 -0.9472107 ;
4 18 0.6913657 ;
9 18 0.5847988 ;
10 18 0.1220688 ;
13 18 0.6593038 ;
15 18 -0.4318882 ;
17 18 0.01270651 ;
0 19 -0.9490573 ;
1 19 0.4390586 ;
2 19 0.4297434 ;
8 19 -0.9550073 ;
10 19 0.00468538 ;
12 19 0.8859611 ;
14 19 0.7062264 ;
15 19 -0.6760464 ;
17 19 -0.51762 ;
18 19 -0.3180172 ;
0 20 0.1767349 ;
1 20 0.4453483 ;
2 20 0.795534 ;
3 20 0.9495905 ;
4 20 -0.6396432 ;
5 20 0.6664939 ;
6 20 0.2896805 ;
7 20 -0.05101256 ;
9 20 -0.8725276 ;
10 20 -0.6590153 ;
11 20 0.61003 ;
12 20 -0.982626 ;
15 20 -0.1631257 ;
16 20 0.3162554 ;
17 20 0.6581491 ;
0 21 0.5381889 ;
1 21 -0.1001671 ;
2 21 0.8381354 ;
7 21 0.8877411 ;
9 21 0.3473913 ;
12 21 -0.5459142 ;
13 21 -0.1783768 ;
14 21 0.1402927 ;
15 21 0.3550299 ;
16 21 -0.6921516 ;
18 21 0.1531163 ;
20 21 -0.3258798 ;
1 22 0.6450541 ;
5 22 0.1989178 ;
6 22 0.6068986 ;
7 22 0.2750966 ;
9 22 -0.02695414 ;
12 22 -0.07921902 ;
15 22 0.9785634 ;
16 22 0.5732292 ;
17 22 0.8843106 ;
18 22 0.9060865 ;
19 22 0.6501208 ;
20 22 -0.0453583 ;
21 22 -0.6073842 ;
1 23 0.3163914 ;
2 23 0.9627639 ;
5 23 -0.7334892 ;
6 23 -0.6654823 ;
8 23 -0.07426731 ;
9 23 0.5006567 ;
12 23 0.2960441 ;
13 23 -0.8077468 ;
14 23 -0.5330431 ;
18 23 -0.01804255 ;
21 23 -0.7416594 ;
1 24 -0.9233182 ;
2 24 -0.4754616 ;
4 24 0.1979365 ;
5 24 0.5548032 ;
6 24 -0.799501 ;
8 24 0.9341153 ;
9 24 -0.7894647 ;
11 24 0.8498544 ;
13 24 0.4192568 ;
14 24 0.7723261 ;
15 24 -0.447214 ;
17 24 -0.3410094 ;
18 24 -0.6429454 ;
21 24 0.05426514 ;
22 24 0.2875096 ;
23 24 -0.0284647 ;
1 25 -0.3277396 ;
2 25 -0.8943633 ;
3 25 0.5392679 ;
5 25 0.2663291 ;
7 25 -0.8479439 ;
12 25 -0.01338558 ;
14 25 0.1342556 ;
18 25 0.9601291 ;
19 25 -0.7695419 ;
21 25 -0.5179082 ;
22 25 0.07591886 ;
24 25 0.6741956 ;
1 26 0.3704604 ;
5 26 -0.6355612 ;
7 26 -0.009927402 ;
9 26 0.04679188 ;
11 26 0.9990478 ;
13 26 0.7822361 ;
15 26 -0.5819067 ;
18 26 0.8328623 ;
20 26 -0.4996125 ;
24 26 -0.5372393 ;
25 26 0.102563 ;
0 27 -0.4539253 ;
1 27 0.9066581 ;
3 27 -0.9200016 ;
5 27 -0.7530542 ;
9 27 -0.5999165 ;
11 27 0.2067695 ;
13 27 0.8329751 ;
17 27 0.4762852 ;
18 27 -0.5005165 ;
20 27 0.6690938 ;
22 27 -0.2389642 ;
23 27 -0.2749141 ;
24 27 -0.5875381 ;
26 27 -0.423483 ;
1 28 0.4117915 ;
2 28 -0.4977781 ;
5 28 -0.2421097 ;
7 28 0.06565572 ;
10 28 0.6719477 ;
15 28 -0.02036051 ;
21 28 -0.7836006 ;
22 28 0.09156764 ;
24 28 -0.4237469 ;
3 29 0.3829083 ;
5 29 -0.463233 ;
8 29 0.8261415 ;
12 29 0.8272016 ;
18 29 -0.09713972 ;
19 29 -0.7854055 ;
25 29 -0.0902734 ;
26 29 -0.6173847 ]