n =  40
taille =  172
Mat = [0 1 0.7715023 ;
0 2 -0.08240122 ;
2 4 -0.2950407 ;
0 7 0.6290344 ;
2 8 -0.08782773 ;
6 8 0.9646294 ;
7 8 -0.1386761 ;
3 9 -0.411188 ;
5 9 0.5259691 ;
7 9 0.3111063 ;
8 9 0.3931412 ;
2 10 0.6768304 ;
7 10 -0.6612407 ;
9 11 0.5715219 ;
3 13 -0.8007963 ;
6 13 0.6790079 ;
11 13 -0.6455545 ;
7 14 -0.5100939 ;
13 14 0.5477233 ;
0 15 0.7931808 ;
1 15 0.001396909 ;
5 15 0.600625 ;
6 15 0.9554089 ;
8 16 0.07608665 ;
9 16 -0.1673029 ;
10 16 -0.5345608 ;
14 16 0.07867054 ;
4 17 0.5702607 ;
7 17 -0.2164891 ;
12 17 -0.3254437 ;
13 17 0.9353919 ;
2 18 -0.412869 ;
3 18 -0.8021678 ;
5 18 -0.5775684 ;
6 19 0.4027379 ;
9 19 -0.459481 ;
0 20 -0.3987652 ;
3 20 0.7150235 ;
9 20 -0.7677376 ;
10 20 0.1914549 ;
11 20 -0.4774193 ;
15 20 0.5197556 ;
5 21 -0.1060972 ;
9 21 0.01973976 ;
13 21 -0.07113847 ;
14 21 0.8350666 ;
1 22 -0.8215078 ;
2 22 0.9435027 ;
3 22 0.7000853 ;
17 22 -0.6110581 ;
21 22 0.4370543 ;
3 23 0.8610916 ;
6 23 0.208137 ;
8 23 -0.0813689 ;
15 23 -0.5772696 ;
17 23 -0.9202266 ;
20 23 0.2432345 ;
3 24 0.9871068 ;
4 24 0.3163756 ;
10 24 0.850638 ;
12 24 -0.2579942 ;
23 24 0.2820152 ;
6 25 0.5405988 ;
10 25 -0.9999896 ;
14 25 -0.7427766 ;
15 25 -0.7036669 ;
24 25 0.03972548 ;
9 26 0.05271361 ;
10 26 0.6511799 ;
13 26 0.4015916 ;
16 26 0.8948236 ;
24 26 0.7188019 ;
25 26 -0.6928369 ;
0 27 -0.6008126 ;
6 27 -0.6646767 ;
9 27 0.2344437 ;
12 27 0.7716408 ;
17 27 0.1633213 ;
18 27 0.9657971 ;
21 27 -0.8728128 ;
6 28 -0.6061653 ;
16 28 -0.6265389 ;
17 28 -0.798868 ;
18 28 0.7549149 ;
19 28 -0.3091457 ;
26 28 -0.7161618 ;
0 29 0.8415476 ;
13 29 0.5062811 ;
15 29 0.8140303 ;
19 29 -0.004100952 ;
24 29 -0.5875782 ;
27 29 -0.3016475 ;
4 30 0.05447311 ;
5 30 0.9133519 ;
9 30 -0.5435377 ;
11 30 0.3662363 ;
13 30 0.3458718 ;
14 30 -0.007374251 ;
19 30 0.8748515 ;
21 30 -0.8018494 ;
7 31 -0.7360489 ;
10 31 0.380888 ;
15 31 -0.258267 ;
18 31 0.4969276 ;
1 32 0.2948146 ;
3 32 0.9480031 ;
7 32 -0.7377515 ;
13 32 -0.5747856 ;
22 32 -0.7646278 ;
24 32 0.9198168 ;
28 32 -0.321499 ;
0 33 -0.9018538 ;
4 33 -0.5961716 ;
8 33 -0.05747991 ;
11 33 -0.8866007 ;
13 33 -0.1933299 ;
15 33 -0.2175326 ;
21 33 0.3557999 ;
23 33 0.6303197 ;
29 33 -0.3680864 ;
30 33 -0.6779117 ;
32 33 -0.1623304 ;
8 34 -0.8180353 ;
11 34 0.1554121 ;
19 34 0.117634 ;
23 34 0.6694311 ;
24 34 0.5791906 ;
26 34 -0.9524833 ;
0 35 -0.08750596 ;
2 35 0.4326135 ;
5 35 0.9540446 ;
6 35 -0.09915705 ;
8 35 -0.7375231 ;
12 35 -0.7344731 ;
18 35 0.9102069 ;
19 35 -0.4817486 ;
24 35 -0.6916769 ;
32 35 -0.1154684 ;
34 35 -0.3813915 ;
3 36 0.4362177 ;
4 36 0.2279561 ;
9 36 -0.03546032 ;
20 36 -0.4174366 ;
21 36 0.6022743 ;
22 36 -0.6314141 ;
29 36 -0.8055699 ;
32 36 -0.6802959 ;
34 36 -0.04429556 ;
6 37 -0.2624852 ;
9 37 -0.6274348 ;
16 37 -0.09666687 ;
17 37 0.1793477 ;
18 37 -0.8943899 ;
19 37 -0.5239709 ;
22 37 0.6746499 ;
27 37 -0.3050787 ;
30 37 -0.7376731 ;
36 37 -0.748301 ;
2 38 0.191132 ;
3 38 0.9433932 ;
14 38 -0.3979773 ;
24 38 -0.7495905 ;
32 38 -0.1378212 ;
6 39 0.9176125 ;
7 39 -0.2596617 ;
20 39 -0.2722653 ;
24 39 0.9714475 ;
26 39 0.06166372 ;
27 39 -0.520175 ;
31 39 -0.03811032 ;
37 39 -0.9839927 ;
38 39 0.6364091 ]