n =  45
taille =  496
Mat = [0 1 0.330965 ;
0 3 0.2317379 ;
1 3 -0.909886 ;
2 3 0.7265551 ;
0 5 -0.6428443 ;
2 5 0.765274 ;
1 6 -0.8112082 ;
5 6 0.04457411 ;
0 7 0.9860617 ;
2 7 0.9485594 ;
4 7 -0.2077862 ;
6 7 0.378746 ;
1 8 0.2791658 ;
3 8 -0.970786 ;
4 8 -0.03251646 ;
7 8 -0.9755206 ;
0 9 0.4607009 ;
3 9 -0.4821099 ;
4 9 -0.9007435 ;
7 9 -0.05129368 ;
1 10 0.5163229 ;
2 10 0.8790177 ;
3 10 -0.1192169 ;
5 10 -0.969495 ;
8 10 0.7040483 ;
3 11 0.7012259 ;
4 11 0.230102 ;
6 11 -0.3071723 ;
7 11 -0.3683485 ;
0 12 -0.5217288 ;
6 12 -0.1615971 ;
7 12 -0.6867938 ;
8 12 0.419377 ;
11 12 0.1498245 ;
1 13 -0.5533192 ;
2 13 0.3951744 ;
4 13 0.008885228 ;
5 13 -0.08472995 ;
6 13 -0.2529828 ;
9 13 0.70998 ;
11 13 0.8237037 ;
12 13 -0.3895168 ;
0 14 -0.6653973 ;
1 14 -0.1442661 ;
3 14 0.8153427 ;
7 14 0.08452536 ;
9 14 -0.8061699 ;
10 14 -0.5851089 ;
11 14 0.8698445 ;
12 14 -0.04516369 ;
1 15 0.1949419 ;
4 15 0.667344 ;
5 15 0.4463505 ;
6 15 -0.7119523 ;
7 15 0.7793537 ;
11 15 0.7549555 ;
13 15 -0.9593453 ;
0 16 0.4825483 ;
5 16 0.3988131 ;
7 16 -0.01475361 ;
9 16 0.9066757 ;
10 16 0.8059294 ;
11 16 -0.728706 ;
0 17 0.1322265 ;
2 17 0.9031721 ;
4 17 -0.03149154 ;
6 17 0.6892441 ;
7 17 0.7167558 ;
8 17 0.5320996 ;
9 17 0.2327698 ;
14 17 0.04653052 ;
16 17 0.6499835 ;
0 18 0.4275077 ;
1 18 -0.8431692 ;
4 18 0.1735862 ;
5 18 0.7517472 ;
11 18 -0.1188793 ;
13 18 0.1259251 ;
17 18 0.8211079 ;
0 19 0.5974227 ;
1 19 -0.812751 ;
3 19 -0.9695923 ;
5 19 0.360639 ;
6 19 0.7260154 ;
7 19 -0.1806915 ;
8 19 -0.5190679 ;
9 19 -0.4085212 ;
10 19 0.5505785 ;
11 19 -0.9438549 ;
14 19 -0.5157587 ;
15 19 -0.3115753 ;
17 19 0.928642 ;
2 20 -0.5432108 ;
3 20 0.066031 ;
6 20 -0.5593788 ;
9 20 -0.1035727 ;
10 20 -0.8256436 ;
11 20 0.5436136 ;
13 20 0.5249482 ;
15 20 -0.04559029 ;
17 20 -0.5077447 ;
18 20 -0.09601797 ;
2 21 -0.456783 ;
5 21 0.9780507 ;
10 21 0.5796177 ;
11 21 0.9760797 ;
14 21 0.8510655 ;
17 21 0.04373272 ;
18 21 -0.5151623 ;
19 21 0.3504728 ;
20 21 -0.5222578 ;
0 22 0.1150003 ;
1 22 0.8355301 ;
2 22 -0.4413326 ;
4 22 -0.2517363 ;
5 22 -0.05636792 ;
8 22 0.717759 ;
10 22 0.06586209 ;
13 22 -0.6526602 ;
16 22 -0.008172448 ;
18 22 0.7543834 ;
21 22 -0.7849171 ;
0 23 0.9771983 ;
3 23 -0.3927684 ;
4 23 -0.7845168 ;
5 23 -0.6103504 ;
6 23 0.3339527 ;
9 23 0.8375456 ;
13 23 -0.9043018 ;
14 23 0.7645761 ;
15 23 -0.7365375 ;
16 23 0.7194193 ;
17 23 -0.1644865 ;
18 23 0.5830377 ;
19 23 -0.6778955 ;
0 24 0.6784481 ;
2 24 -0.3344368 ;
5 24 -0.02395109 ;
6 24 0.415387 ;
7 24 0.9326558 ;
8 24 0.01457472 ;
10 24 -0.3167322 ;
12 24 0.1035543 ;
13 24 0.701283 ;
17 24 -0.08407796 ;
19 24 -0.5155647 ;
22 24 -0.234436 ;
1 25 0.5358765 ;
5 25 -0.2001133 ;
7 25 -0.117203 ;
8 25 -0.6029722 ;
13 25 0.6511665 ;
14 25 -0.5500802 ;
15 25 -0.5251718 ;
17 25 0.117156 ;
18 25 -0.08937495 ;
23 25 0.1672691 ;
0 26 -0.8740527 ;
1 26 0.904143 ;
2 26 -0.5763629 ;
3 26 -0.7811444 ;
5 26 -0.9965959 ;
6 26 0.1747229 ;
9 26 -0.05609953 ;
13 26 -0.6512748 ;
16 26 -0.07738555 ;
21 26 0.5982735 ;
22 26 0.03592868 ;
23 26 0.5129548 ;
24 26 0.8184965 ;
0 27 0.5998786 ;
1 27 -0.7470783 ;
4 27 -0.7767523 ;
6 27 -0.2436461 ;
7 27 0.5293687 ;
8 27 0.3940341 ;
12 27 -0.6155556 ;
13 27 -0.7001734 ;
17 27 -0.5473875 ;
18 27 0.465154 ;
19 27 -0.4408981 ;
22 27 -0.01411208 ;
24 27 0.7607888 ;
25 27 0.6757821 ;
26 27 0.5132726 ;
0 28 0.2483666 ;
1 28 0.1393224 ;
2 28 0.02687741 ;
5 28 0.2745079 ;
6 28 -0.1341508 ;
7 28 0.07908436 ;
8 28 0.48284 ;
9 28 0.4412863 ;
11 28 -0.04868905 ;
12 28 0.9496244 ;
13 28 0.3689667 ;
16 28 -0.9208209 ;
17 28 -0.02403781 ;
19 28 0.481342 ;
20 28 -0.405706 ;
22 28 0.1636244 ;
23 28 -0.6210917 ;
24 28 -0.7410318 ;
27 28 -0.2014539 ;
2 29 0.1934579 ;
6 29 -0.1862549 ;
10 29 -0.399071 ;
12 29 0.1050006 ;
16 29 0.7515183 ;
18 29 -0.9925037 ;
19 29 -0.6057237 ;
22 29 0.6061531 ;
23 29 0.1632927 ;
24 29 -0.32536 ;
25 29 0.02583314 ;
3 30 0.6125313 ;
4 30 0.3623383 ;
6 30 0.2348478 ;
7 30 0.61907 ;
8 30 -0.1397371 ;
9 30 0.2853358 ;
10 30 -0.2548008 ;
11 30 -0.110382 ;
13 30 0.9741247 ;
17 30 -0.6680933 ;
19 30 0.5923347 ;
20 30 -0.01004343 ;
22 30 -0.6869044 ;
25 30 0.1758473 ;
26 30 0.807659 ;
27 30 0.2970843 ;
28 30 0.8957364 ;
29 30 0.7219564 ;
0 31 0.4401606 ;
3 31 -0.4540858 ;
6 31 -0.1471418 ;
8 31 -0.3006719 ;
9 31 0.9375866 ;
12 31 0.8183374 ;
13 31 -0.3994019 ;
15 31 0.1299341 ;
18 31 -0.5366173 ;
19 31 -0.4791409 ;
23 31 0.3595975 ;
25 31 0.3070457 ;
27 31 0.4363921 ;
28 31 -0.540714 ;
0 32 0.07177474 ;
2 32 -0.1195892 ;
3 32 0.7297661 ;
4 32 0.806265 ;
6 32 0.8177485 ;
9 32 0.3538036 ;
10 32 0.09995105 ;
11 32 0.4513675 ;
12 32 -0.9735934 ;
15 32 0.3440169 ;
16 32 0.3513498 ;
19 32 0.4705932 ;
20 32 0.209035 ;
23 32 -0.8389358 ;
27 32 -0.7260922 ;
29 32 -0.7170865 ;
30 32 -0.5632223 ;
0 33 -0.7074301 ;
1 33 0.2421674 ;
2 33 -0.9126997 ;
3 33 -0.8191549 ;
6 33 -0.859094 ;
7 33 -0.2498818 ;
8 33 -0.1025345 ;
10 33 -0.08320389 ;
11 33 0.2473429 ;
14 33 0.4666319 ;
15 33 -0.2583351 ;
16 33 -0.4591413 ;
18 33 -0.1752428 ;
28 33 0.5424027 ;
0 34 0.3116582 ;
4 34 0.6337272 ;
9 34 -0.7352988 ;
13 34 0.8995523 ;
14 34 -0.8241226 ;
16 34 -0.3173979 ;
18 34 -0.5946722 ;
23 34 -0.3357918 ;
24 34 -0.01650682 ;
25 34 -0.7991053 ;
26 34 -0.9957571 ;
2 35 -0.351739 ;
4 35 -0.4875561 ;
5 35 0.09996924 ;
6 35 0.9065146 ;
7 35 0.1850704 ;
8 35 0.6249691 ;
12 35 -0.5557214 ;
13 35 0.03539951 ;
15 35 -0.4610253 ;
17 35 0.720114 ;
20 35 -0.3284158 ;
21 35 -0.3440085 ;
22 35 0.6626985 ;
24 35 0.9944361 ;
25 35 -0.01339526 ;
28 35 0.9414639 ;
29 35 0.0541788 ;
31 35 0.8356295 ;
33 35 -0.1071383 ;
2 36 -0.3242341 ;
3 36 -0.5503732 ;
6 36 -0.7161684 ;
7 36 -0.5872347 ;
8 36 -0.5908934 ;
10 36 0.3828557 ;
11 36 -0.4579107 ;
12 36 -0.1861304 ;
13 36 -0.3244384 ;
16 36 -0.9524868 ;
17 36 -0.9619106 ;
19 36 0.08000391 ;
20 36 -0.3607302 ;
21 36 0.4050886 ;
23 36 -0.9297906 ;
26 36 0.9484628 ;
29 36 0.1939218 ;
31 36 -0.6101736 ;
32 36 0.1143087 ;
33 36 -0.06085837 ;
0 37 0.1688957 ;
2 37 0.4074898 ;
3 37 -0.6250431 ;
5 37 -0.5290179 ;
7 37 -0.8953368 ;
8 37 0.06446102 ;
12 37 0.5562328 ;
13 37 0.3408783 ;
15 37 0.342986 ;
17 37 0.07701572 ;
20 37 -0.08987854 ;
21 37 0.9105069 ;
22 37 0.1158453 ;
23 37 -0.1774033 ;
24 37 0.6926923 ;
26 37 -0.2304144 ;
28 37 0.4572919 ;
30 37 0.3105518 ;
31 37 0.3203569 ;
36 37 -0.629152 ;
0 38 0.7761493 ;
9 38 0.8707496 ;
10 38 -0.612763 ;
11 38 -0.7430215 ;
12 38 -0.1029465 ;
13 38 -0.7174987 ;
14 38 -0.4342177 ;
17 38 0.7279085 ;
19 38 0.2054993 ;
20 38 0.5085272 ;
23 38 0.2571417 ;
24 38 -0.4849543 ;
26 38 0.138394 ;
27 38 0.9626326 ;
29 38 0.6757882 ;
31 38 -0.884904 ;
32 38 -0.7868329 ;
33 38 0.5402073 ;
34 38 -0.8969273 ;
35 38 0.7282896 ;
36 38 0.7653934 ;
37 38 -0.9038159 ;
0 39 0.06824793 ;
1 39 0.8471954 ;
2 39 -0.4765331 ;
3 39 0.5171091 ;
4 39 -0.7910464 ;
5 39 -0.116649 ;
9 39 -0.6865615 ;
11 39 0.8804711 ;
13 39 -0.5031491 ;
15 39 0.4528462 ;
18 39 -0.8072044 ;
19 39 0.526018 ;
20 39 -0.6341869 ;
23 39 0.7450788 ;
26 39 -0.2947177 ;
28 39 -0.05568085 ;
30 39 -0.08086204 ;
31 39 0.005614978 ;
33 39 -0.5535329 ;
35 39 -0.3276043 ;
2 40 0.2145923 ;
3 40 0.8482738 ;
6 40 -0.9851479 ;
7 40 0.7781294 ;
8 40 -0.8523097 ;
12 40 0.5547462 ;
13 40 -0.2152326 ;
14 40 0.1013046 ;
18 40 0.5429785 ;
21 40 -0.4536007 ;
25 40 0.2988044 ;
29 40 -0.007722133 ;
33 40 0.7564765 ;
34 40 -0.226551 ;
36 40 0.08164375 ;
37 40 0.9857968 ;
1 41 0.3735104 ;
4 41 -0.6969042 ;
5 41 -0.8455594 ;
7 41 0.8292566 ;
8 41 -0.4451192 ;
12 41 -0.2437885 ;
13 41 -0.3776931 ;
14 41 0.0513921 ;
16 41 -0.4509685 ;
18 41 0.1184506 ;
20 41 -0.2722574 ;
21 41 0.5051312 ;
22 41 0.04620982 ;
25 41 -0.3779888 ;
28 41 0.8057581 ;
29 41 0.4254965 ;
31 41 0.2005242 ;
39 41 0.5104524 ;
2 42 0.6837136 ;
6 42 -0.02192635 ;
10 42 0.4710907 ;
11 42 -0.5723766 ;
13 42 0.5201998 ;
15 42 -0.1702583 ;
16 42 -0.3040087 ;
18 42 -0.6871324 ;
19 42 0.7236886 ;
20 42 -0.8104764 ;
22 42 -0.9714859 ;
23 42 0.9619404 ;
24 42 -0.8372893 ;
25 42 0.5016662 ;
26 42 0.08274619 ;
31 42 -0.9736316 ;
35 42 -0.7627742 ;
36 42 -0.9899362 ;
38 42 0.6435172 ;
39 42 0.8474376 ;
40 42 -0.1804351 ;
41 42 0.4769234 ;
1 43 0.4291515 ;
2 43 0.7801582 ;
3 43 0.3562597 ;
6 43 -0.5362486 ;
7 43 -0.6372775 ;
8 43 -0.1280129 ;
9 43 0.6336054 ;
10 43 -0.01397997 ;
11 43 0.1963209 ;
12 43 -0.6683886 ;
14 43 0.8911965 ;
15 43 -0.3564333 ;
16 43 0.01328732 ;
18 43 0.8075275 ;
21 43 -0.6819429 ;
22 43 -0.7074346 ;
25 43 -0.4220245 ;
26 43 0.4047582 ;
27 43 0.8365953 ;
29 43 0.2116881 ;
30 43 -0.2194152 ;
31 43 -0.8001566 ;
33 43 -0.08325263 ;
37 43 -0.7154034 ;
38 43 -0.505686 ;
39 43 0.7002449 ;
1 44 0.6990607 ;
4 44 -0.7209497 ;
5 44 -0.796357 ;
6 44 0.8811709 ;
9 44 -0.2309532 ;
10 44 -0.2738768 ;
13 44 -0.3971455 ;
15 44 -0.5328022 ;
17 44 -0.465567 ;
20 44 0.4580648 ;
22 44 0.1931456 ;
23 44 -0.1793987 ;
24 44 -0.4965389 ;
25 44 -0.6487975 ;
27 44 -0.2402756 ;
29 44 -0.2524519 ;
30 44 0.676152 ;
32 44 0.8695474 ;
35 44 -0.8816569 ;
37 44 0.530247 ;
38 44 -0.05596995 ;
40 44 0.8035493 ;
41 44 -0.8517529 ;
43 44 -0.4150279 ]