n =  45
taille =  200
Mat = [2 4 -0.678721 ;
2 7 0.869175 ;
3 7 -0.729056 ;
6 7 0.9137201 ;
2 8 0.7418604 ;
1 9 0.6682545 ;
4 9 0.2417805 ;
6 9 0.4221051 ;
1 10 -0.7767986 ;
2 10 -0.1263364 ;
3 10 -0.5446775 ;
6 10 -0.9658354 ;
0 11 -0.3889485 ;
1 11 -0.1628565 ;
7 11 0.8562776 ;
0 12 -0.6438106 ;
2 12 0.7791815 ;
7 12 -0.4621073 ;
11 12 -0.8657835 ;
3 13 0.3385259 ;
9 13 0.5466999 ;
11 13 0.7334559 ;
2 14 0.5245371 ;
7 14 -0.2397516 ;
8 14 -0.2666677 ;
0 15 0.6619746 ;
4 15 -0.3651504 ;
5 15 -0.07069089 ;
6 15 0.1096536 ;
0 16 -0.08192224 ;
11 16 0.1506519 ;
12 16 0.4930015 ;
1 17 0.2068504 ;
4 17 0.7784722 ;
10 17 -0.4422374 ;
13 17 -0.5914239 ;
0 18 -0.4014417 ;
3 18 0.3476164 ;
17 18 0.2405093 ;
0 19 -0.02809839 ;
15 19 0.05194813 ;
16 19 0.9122781 ;
18 19 0.5059621 ;
3 20 0.8591327 ;
9 20 0.08349783 ;
10 20 -0.7789222 ;
15 20 -0.08733957 ;
19 20 0.6273368 ;
6 21 -0.7498248 ;
15 21 -0.7160166 ;
17 21 0.8824837 ;
18 21 0.696037 ;
4 22 0.2215007 ;
10 22 -0.6750028 ;
16 22 -0.8943846 ;
19 22 -0.4654923 ;
11 23 -0.6093662 ;
12 23 -0.1437903 ;
18 23 -0.9684484 ;
20 23 0.4706894 ;
3 24 -0.7990536 ;
12 24 0.8568301 ;
20 24 -0.09071191 ;
2 25 -0.002972451 ;
7 25 0.8254267 ;
9 25 0.01421149 ;
17 25 -0.3315826 ;
1 26 0.6834699 ;
2 26 -0.5744777 ;
8 26 0.7988854 ;
9 26 -0.5808437 ;
14 26 0.1215497 ;
17 26 0.4630369 ;
18 26 -0.997962 ;
20 26 -0.369906 ;
21 26 0.6888991 ;
23 26 -0.4856417 ;
0 27 0.06244624 ;
1 27 0.2685467 ;
18 27 -0.01064581 ;
1 28 0.1904705 ;
4 28 -0.4731345 ;
5 28 0.04631585 ;
6 28 0.9538009 ;
17 28 0.9957781 ;
21 28 0.2230107 ;
1 29 0.7881477 ;
4 29 0.1690486 ;
13 29 0.8183006 ;
14 29 0.8433502 ;
21 29 0.5210858 ;
22 29 0.9261432 ;
4 30 0.7955878 ;
6 30 0.4383014 ;
10 30 -0.7828712 ;
16 30 0.526097 ;
26 30 -0.2854996 ;
27 30 0.7511077 ;
1 31 -0.5862129 ;
3 31 0.4926915 ;
6 31 -0.8500278 ;
8 31 -0.3887555 ;
9 31 -0.4062424 ;
15 31 0.7719856 ;
17 31 0.001752548 ;
1 32 -0.3586175 ;
2 32 -0.6059621 ;
6 32 0.200634 ;
11 32 -0.03542555 ;
17 32 -0.5791317 ;
18 32 0.3747573 ;
22 32 0.52946 ;
23 32 -0.0672446 ;
27 32 0.9999891 ;
30 32 -0.2905087 ;
4 33 -0.8232278 ;
21 33 0.6060606 ;
23 33 -0.5024079 ;
25 33 -0.0245645 ;
7 34 0.3368681 ;
11 34 -0.1126515 ;
13 34 -0.5658607 ;
17 34 -0.2866109 ;
28 34 -0.2100449 ;
33 34 0.2890354 ;
15 35 -0.8559689 ;
18 35 -0.8278592 ;
20 35 0.7379966 ;
25 35 -0.1719515 ;
27 35 0.3780369 ;
29 35 0.6922547 ;
0 36 -0.6514826 ;
5 36 0.3681454 ;
11 36 0.2265178 ;
12 36 -0.6765625 ;
16 36 -0.0906979 ;
19 36 -0.253441 ;
26 36 -0.08596203 ;
30 36 -0.9570337 ;
33 36 0.01728988 ;
0 37 0.1655017 ;
1 37 -0.3204343 ;
16 37 0.05052873 ;
17 37 0.179526 ;
22 37 -0.4969535 ;
29 37 0.4754917 ;
31 37 0.7365004 ;
32 37 0.3665239 ;
33 37 0.5053527 ;
11 38 0.8533307 ;
12 38 -0.7631812 ;
17 38 -0.8615448 ;
21 38 -0.4541223 ;
25 38 0.7649416 ;
29 38 0.6483165 ;
30 38 -0.9596213 ;
34 38 0.2886359 ;
36 38 0.2668267 ;
2 39 0.4354976 ;
9 39 -0.5308391 ;
11 39 0.008859598 ;
12 39 -0.6893808 ;
13 39 -0.3200822 ;
31 39 -0.8372891 ;
32 39 -0.6119773 ;
34 39 0.6693418 ;
36 39 -0.3659777 ;
1 40 0.8161575 ;
13 40 -0.8715798 ;
20 40 0.6306431 ;
25 40 0.3538571 ;
29 40 0.7213828 ;
30 40 -0.06085915 ;
32 40 -0.7644057 ;
2 41 -0.2416417 ;
4 41 -0.2035377 ;
6 41 0.2717921 ;
7 41 0.02846478 ;
10 41 -0.008869418 ;
22 41 0.5254686 ;
29 41 0.387433 ;
30 41 -0.7705597 ;
5 42 -0.3340391 ;
17 42 -0.6525318 ;
28 42 0.6284919 ;
35 42 -0.005970938 ;
39 42 0.7300568 ;
40 42 0.9588704 ;
8 43 -0.3500593 ;
9 43 -0.5336343 ;
19 43 0.681593 ;
26 43 -0.0826325 ;
27 43 0.03838562 ;
4 44 0.9358779 ;
8 44 -0.4931249 ;
16 44 0.1720957 ;
20 44 0.1386748 ;
28 44 0.9794432 ;
29 44 -0.6785889 ;
40 44 0.2960852 ]