n =  50
taille =  242
Mat = [0 1 0.1652491 ;
1 5 0.7697921 ;
2 7 0.8103221 ;
3 7 0.4163645 ;
6 7 0.6945399 ;
5 8 -0.04291896 ;
0 9 0.4320998 ;
4 9 -0.8324814 ;
7 9 -0.2421567 ;
2 10 -0.3088903 ;
9 11 -0.9893265 ;
10 11 -0.1234854 ;
9 12 0.206064 ;
1 14 -0.2126757 ;
2 14 -0.8045713 ;
3 14 -0.6674405 ;
4 14 -0.7954823 ;
5 14 -0.6368212 ;
8 14 -0.4743229 ;
5 15 0.6773952 ;
6 15 -0.4009189 ;
7 15 -0.2990012 ;
8 15 0.4068021 ;
9 15 0.8465324 ;
13 15 -0.4119242 ;
3 16 -0.9748426 ;
9 16 0.5418928 ;
11 16 -0.4119383 ;
13 16 -0.4673238 ;
5 17 -0.1711419 ;
7 17 0.5987383 ;
9 17 0.5972764 ;
11 17 0.4126062 ;
2 18 -0.5541226 ;
9 18 -0.02882551 ;
0 19 0.06299921 ;
1 19 0.2314398 ;
5 19 0.1987746 ;
15 19 -0.673623 ;
17 19 0.2373049 ;
6 20 0.8660949 ;
7 20 -0.04641448 ;
17 20 0.8288365 ;
18 20 0.7429541 ;
0 21 0.654201 ;
1 21 -0.0497085 ;
3 21 -0.05687095 ;
4 21 -0.5359032 ;
8 21 0.206464 ;
17 21 0.7732937 ;
20 21 -0.3435332 ;
6 22 -0.09264998 ;
10 22 -0.09114328 ;
14 22 0.8684471 ;
16 22 0.9096837 ;
18 22 0.1350239 ;
20 22 0.6969295 ;
4 23 -0.5860806 ;
6 23 -0.4206587 ;
7 23 0.2996682 ;
11 23 0.2464715 ;
15 23 -0.7918244 ;
16 23 0.5932279 ;
21 23 0.6248338 ;
3 24 -0.1309113 ;
7 24 0.6374719 ;
12 24 0.8282623 ;
16 24 -0.9261146 ;
8 25 -0.0465582 ;
9 25 -0.6606623 ;
11 25 -0.1772308 ;
12 25 -0.7056734 ;
15 25 -0.3294435 ;
17 25 0.5557618 ;
18 25 0.2652966 ;
20 25 0.005776131 ;
24 25 0.9010715 ;
3 26 0.8775606 ;
7 26 -0.7338166 ;
10 26 -0.5617776 ;
0 27 -0.1530842 ;
3 27 -0.7639816 ;
15 27 -0.7732857 ;
17 27 -0.2300649 ;
18 27 -0.7748667 ;
22 27 0.2041966 ;
24 27 -0.309748 ;
0 28 -0.6068576 ;
1 28 0.7494085 ;
14 28 -0.5036589 ;
21 28 -0.5910061 ;
11 29 -0.06055685 ;
12 29 -0.2873262 ;
14 29 -0.3725583 ;
18 29 -0.4652906 ;
20 29 0.00526807 ;
0 30 -0.2193601 ;
7 30 -0.51467 ;
8 30 0.2087334 ;
10 30 -0.6630889 ;
11 30 0.5508333 ;
14 30 -0.0584404 ;
15 30 0.5769729 ;
18 30 0.7608573 ;
25 30 0.2040851 ;
26 30 0.08334167 ;
8 31 0.8653013 ;
15 31 0.5604208 ;
16 31 0.228582 ;
21 31 -0.1871154 ;
8 32 0.7895255 ;
9 32 0.293787 ;
17 32 0.4801044 ;
19 32 -0.3656912 ;
26 32 -0.2723635 ;
31 32 0.9057361 ;
6 33 0.664732 ;
11 33 0.7181754 ;
13 33 0.2387702 ;
14 33 0.0290219 ;
15 33 0.004942716 ;
19 33 0.6511731 ;
27 33 -0.2284285 ;
31 33 0.004238532 ;
7 34 0.8214811 ;
11 34 -0.6259398 ;
13 34 0.4376123 ;
15 34 0.1150888 ;
21 34 -0.5245669 ;
25 34 0.998616 ;
28 34 -0.753371 ;
0 35 0.9686071 ;
3 35 0.3004167 ;
6 35 0.8162696 ;
8 35 0.5213209 ;
13 35 -0.9887013 ;
16 35 0.1875079 ;
17 35 -0.3915116 ;
21 35 0.8453694 ;
24 35 -0.6181791 ;
25 35 -0.1743184 ;
31 35 -0.1750169 ;
33 35 -0.3360077 ;
11 36 -0.8547129 ;
22 36 -0.5080265 ;
27 36 -0.5276712 ;
30 36 0.4524704 ;
12 37 -0.6196461 ;
15 37 0.1278763 ;
22 37 0.9564389 ;
23 37 0.5894966 ;
34 37 -0.3088591 ;
35 37 0.6385715 ;
4 38 0.7728521 ;
16 38 -0.9363326 ;
37 38 -0.2571871 ;
9 39 0.2556779 ;
23 39 0.2197349 ;
24 39 0.6386818 ;
25 39 -0.7757233 ;
26 39 -0.3627923 ;
30 39 0.9441388 ;
35 39 0.5843383 ;
37 39 -0.08584604 ;
38 39 -0.2973283 ;
3 40 -0.2292179 ;
4 40 0.5746672 ;
6 40 -0.195719 ;
7 40 0.3601242 ;
16 40 0.6561168 ;
35 40 0.06001536 ;
16 41 0.5062915 ;
31 41 -0.09797007 ;
35 41 -0.8708755 ;
39 41 0.5006694 ;
40 41 -0.3007098 ;
19 42 -0.1441672 ;
32 42 0.09716814 ;
36 42 -0.6644484 ;
39 42 0.02210112 ;
25 43 -0.116713 ;
30 43 0.8688175 ;
37 43 0.9499559 ;
38 43 -0.870978 ;
3 44 -0.1607073 ;
18 44 -0.3284025 ;
31 44 -0.4798367 ;
33 44 0.2026339 ;
38 44 0.6451135 ;
42 44 0.8485928 ;
1 45 0.8276992 ;
4 45 -0.3955416 ;
13 45 -0.5298528 ;
14 45 -0.4581504 ;
18 45 0.1402066 ;
24 45 -0.4403425 ;
26 45 -0.7629351 ;
29 45 -0.3798964 ;
36 45 -0.1594295 ;
2 46 -0.2590625 ;
4 46 -0.6769127 ;
16 46 0.5805633 ;
17 46 0.5387744 ;
22 46 0.9136721 ;
23 46 0.1272877 ;
24 46 -0.7428742 ;
30 46 0.2826041 ;
35 46 0.461699 ;
41 46 0.2971679 ;
1 47 -0.2516351 ;
7 47 -0.09564803 ;
18 47 0.4231109 ;
21 47 0.6342205 ;
34 47 0.1511135 ;
39 47 -0.03438752 ;
44 47 -0.2172258 ;
45 47 0.003021067 ;
0 48 -0.9944644 ;
1 48 0.7265952 ;
6 48 -0.1868947 ;
20 48 0.5280298 ;
21 48 -0.5070501 ;
25 48 -0.5376691 ;
29 48 -0.02571898 ;
30 48 -0.8071819 ;
33 48 -0.9412422 ;
35 48 -0.7223887 ;
37 48 0.7489029 ;
38 48 0.2722456 ;
40 48 -0.3479188 ;
41 48 -0.4845893 ;
0 49 0.2964808 ;
9 49 0.7833463 ;
10 49 0.04637847 ;
17 49 -0.1506807 ;
18 49 0.2156491 ;
19 49 -0.205938 ;
23 49 0.119419 ;
40 49 0.9529684 ;
42 49 -0.5187493 ;
43 49 0.8922922 ;
46 49 -0.9806611 ]