n =  50
taille =  633
Mat = [0 2 -0.3817393 ;
1 2 0.4915318 ;
0 3 -0.6860327 ;
1 3 -0.2263625 ;
2 3 0.8967274 ;
1 4 0.8126797 ;
2 4 0.5650378 ;
3 4 -0.3611036 ;
0 5 0.8601454 ;
1 5 0.488236 ;
4 5 0.6036715 ;
1 6 -0.4504383 ;
5 6 0.7174099 ;
2 7 -0.7910267 ;
3 7 0.8717793 ;
5 7 0.9006783 ;
6 7 0.2380259 ;
0 8 0.4203623 ;
1 8 0.5312005 ;
3 8 -0.7634839 ;
4 8 -0.4269491 ;
6 8 0.1816146 ;
0 9 -0.8123926 ;
4 9 -0.4183623 ;
6 9 -0.4285656 ;
8 9 0.8551546 ;
2 10 -0.02454102 ;
4 10 0.5422496 ;
5 10 -0.2933118 ;
8 10 0.402493 ;
0 11 -0.5393377 ;
1 11 0.7098968 ;
4 11 0.5076831 ;
6 11 0.6901311 ;
7 11 -0.01513099 ;
9 11 -0.0107112 ;
2 12 0.296715 ;
3 12 0.6361247 ;
4 12 -0.3563333 ;
6 12 0.6242333 ;
7 12 -0.938924 ;
10 12 0.1165312 ;
11 12 -0.2724557 ;
2 13 0.1026474 ;
5 13 0.8029897 ;
8 13 0.6346819 ;
9 13 -0.4034603 ;
12 13 0.7079552 ;
0 14 0.7635698 ;
2 14 -0.8099594 ;
5 14 -0.5295272 ;
7 14 0.6391379 ;
9 14 0.8564916 ;
0 15 -0.7906654 ;
2 15 0.4067392 ;
6 15 -0.1985293 ;
9 15 0.4027501 ;
10 15 0.3041335 ;
12 15 -0.2621061 ;
5 16 -0.2974222 ;
6 16 0.2567164 ;
11 16 0.5476726 ;
13 16 0.2221656 ;
14 16 0.2586384 ;
0 17 -0.2750163 ;
3 17 0.4330943 ;
5 17 0.8978723 ;
6 17 -0.5671243 ;
11 17 -0.8532979 ;
0 18 -0.6978839 ;
1 18 0.4291024 ;
2 18 0.6277559 ;
4 18 -0.5016527 ;
7 18 -0.8263582 ;
8 18 0.9246499 ;
10 18 -0.5907143 ;
14 18 -0.3190639 ;
15 18 -0.6833418 ;
16 18 0.07442926 ;
17 18 0.5373933 ;
0 19 0.96329 ;
5 19 0.794923 ;
8 19 -0.2347069 ;
9 19 0.1622749 ;
10 19 0.634415 ;
12 19 -0.4577341 ;
13 19 -0.941614 ;
14 19 -0.764614 ;
17 19 -0.1313791 ;
2 20 0.8803833 ;
4 20 -0.04558714 ;
5 20 0.2114605 ;
7 20 -0.8316277 ;
12 20 -0.2365719 ;
15 20 0.08086514 ;
18 20 0.585484 ;
0 21 -0.07380899 ;
4 21 0.1736949 ;
5 21 -0.9084288 ;
6 21 -0.757842 ;
7 21 0.07449591 ;
8 21 -0.02317029 ;
13 21 0.4751901 ;
15 21 -0.6303309 ;
16 21 -0.3496424 ;
18 21 0.2933754 ;
0 22 0.5365903 ;
1 22 0.4559204 ;
2 22 -0.3637921 ;
4 22 -0.2705829 ;
7 22 -0.3514257 ;
10 22 -0.9767884 ;
13 22 0.3885269 ;
14 22 0.355916 ;
18 22 -0.5936598 ;
20 22 0.7309465 ;
21 22 -0.4069739 ;
0 23 -0.8569991 ;
2 23 0.6062501 ;
4 23 0.3291736 ;
6 23 -0.6715707 ;
10 23 -0.6301049 ;
11 23 0.07897139 ;
13 23 -0.407923 ;
14 23 -0.6513948 ;
16 23 0.245001 ;
19 23 -0.4488459 ;
20 23 -0.639796 ;
21 23 -0.2321121 ;
2 24 0.4013943 ;
6 24 0.9290353 ;
7 24 0.6899779 ;
10 24 -0.9388647 ;
11 24 0.6731948 ;
12 24 0.1508218 ;
14 24 -0.1910605 ;
16 24 0.5741433 ;
17 24 -0.2786476 ;
18 24 0.1435684 ;
21 24 -0.1742532 ;
22 24 0.9912598 ;
23 24 -0.5848622 ;
0 25 -0.1171798 ;
1 25 -0.1809398 ;
4 25 0.4442737 ;
5 25 0.6612677 ;
6 25 -0.5022621 ;
7 25 -0.6628141 ;
10 25 -0.2587426 ;
12 25 -0.8599668 ;
14 25 -0.3343977 ;
15 25 0.01485145 ;
16 25 -0.1866804 ;
18 25 0.6211219 ;
20 25 0.8896087 ;
21 25 -0.1868523 ;
24 25 -0.3555083 ;
1 26 0.9767237 ;
2 26 0.3919597 ;
5 26 -0.2967914 ;
6 26 0.04291499 ;
7 26 -0.8795065 ;
9 26 0.1436618 ;
11 26 0.6292716 ;
13 26 -0.630472 ;
14 26 -0.9106082 ;
16 26 0.1337329 ;
19 26 0.5866678 ;
21 26 0.3599032 ;
22 26 -0.4030496 ;
23 26 0.3663801 ;
24 26 -0.7724808 ;
25 26 0.7766788 ;
1 27 -0.9525524 ;
4 27 0.7717106 ;
9 27 -0.8670369 ;
10 27 0.7651634 ;
14 27 -0.2631938 ;
15 27 0.4554275 ;
17 27 -0.24787 ;
19 27 0.9783866 ;
20 27 -0.1112927 ;
21 27 0.5646446 ;
22 27 -0.5701045 ;
25 27 0.9205631 ;
26 27 -0.8130468 ;
1 28 0.2801871 ;
3 28 0.9933803 ;
4 28 -0.5345293 ;
5 28 0.9425991 ;
6 28 -0.5411004 ;
7 28 0.7563556 ;
8 28 0.3621179 ;
10 28 -0.3515412 ;
11 28 0.3297032 ;
12 28 -0.3261916 ;
16 28 -0.7120122 ;
17 28 -0.6180354 ;
19 28 -0.2346421 ;
20 28 0.6505786 ;
24 28 0.495304 ;
27 28 0.1392004 ;
2 29 -0.1007545 ;
3 29 0.8233739 ;
5 29 -0.3864913 ;
6 29 0.6037896 ;
8 29 -0.1721015 ;
10 29 0.43922 ;
11 29 -0.1478561 ;
14 29 -0.6085607 ;
17 29 -0.2695296 ;
22 29 -0.6193432 ;
24 29 0.9453845 ;
28 29 -0.7555901 ;
7 30 0.2919214 ;
8 30 -0.1500058 ;
11 30 0.9075653 ;
13 30 0.5497539 ;
14 30 0.3551542 ;
15 30 -0.952196 ;
17 30 -0.6991273 ;
18 30 -0.8612535 ;
19 30 0.03175868 ;
20 30 -0.281452 ;
22 30 -0.7664516 ;
26 30 -0.9365705 ;
27 30 -0.6274317 ;
29 30 -0.3743247 ;
0 31 0.2282718 ;
1 31 -0.2364619 ;
3 31 0.4485652 ;
5 31 -0.512102 ;
6 31 -0.8675655 ;
8 31 0.9674257 ;
12 31 0.06922565 ;
15 31 -0.5110725 ;
17 31 0.6216849 ;
18 31 -0.2684829 ;
20 31 -0.6882436 ;
21 31 -0.9373264 ;
22 31 0.4615375 ;
24 31 0.678637 ;
25 31 -0.507661 ;
27 31 -0.819699 ;
29 31 -0.8861912 ;
30 31 0.6919241 ;
0 32 -0.9506495 ;
2 32 0.27038 ;
5 32 0.690844 ;
7 32 -0.3570607 ;
8 32 -0.6897518 ;
9 32 0.6424094 ;
10 32 -0.6233427 ;
11 32 0.3493597 ;
12 32 -0.8276565 ;
13 32 0.7809052 ;
14 32 0.07818616 ;
15 32 0.3972004 ;
19 32 -0.1327927 ;
20 32 -0.7650511 ;
22 32 0.123914 ;
25 32 0.8168901 ;
30 32 -0.3179773 ;
31 32 -0.9741319 ;
0 33 0.7079193 ;
1 33 0.2971423 ;
3 33 -0.08305449 ;
4 33 0.2120338 ;
5 33 -0.4192887 ;
8 33 -0.5023044 ;
9 33 0.9373653 ;
16 33 -0.8589597 ;
18 33 -0.3211814 ;
19 33 -0.9583142 ;
21 33 0.2791793 ;
22 33 0.2957716 ;
23 33 0.8975217 ;
25 33 -0.2738747 ;
26 33 0.08319301 ;
29 33 -0.9122373 ;
30 33 -0.2896172 ;
31 33 0.7099183 ;
1 34 0.02211698 ;
3 34 0.7508535 ;
6 34 0.4569142 ;
7 34 0.286505 ;
11 34 0.8259419 ;
13 34 0.7995199 ;
20 34 -0.4379103 ;
25 34 0.1239479 ;
27 34 0.5254313 ;
28 34 -0.1199605 ;
32 34 0.0570783 ;
33 34 -0.1956288 ;
3 35 -0.9873038 ;
4 35 -0.07456716 ;
5 35 0.1555997 ;
8 35 0.3524838 ;
10 35 0.5873629 ;
11 35 -0.08630128 ;
12 35 -0.4812498 ;
14 35 -0.6355188 ;
15 35 0.4505608 ;
16 35 0.1432258 ;
17 35 0.7279585 ;
18 35 0.6004998 ;
20 35 -0.4345596 ;
23 35 0.7632612 ;
25 35 0.9581654 ;
26 35 -0.2176495 ;
30 35 -0.6207565 ;
31 35 0.1730218 ;
32 35 -0.8302072 ;
33 35 0.6128003 ;
34 35 0.2935672 ;
1 36 -0.894281 ;
5 36 0.3939049 ;
6 36 0.03154711 ;
7 36 -0.283892 ;
9 36 0.009939301 ;
13 36 0.1449229 ;
17 36 -0.3142924 ;
18 36 -0.9969793 ;
19 36 -0.7565866 ;
21 36 -0.3382942 ;
22 36 0.1421361 ;
23 36 -0.6741076 ;
24 36 0.4552902 ;
25 36 0.7328976 ;
28 36 0.7609897 ;
31 36 0.4825106 ;
32 36 -0.8602474 ;
33 36 -0.6910352 ;
1 37 0.3651686 ;
2 37 -0.9191048 ;
4 37 -0.5070032 ;
5 37 -0.9264178 ;
8 37 -0.7065346 ;
10 37 0.9406432 ;
12 37 0.9331457 ;
13 37 0.68795 ;
14 37 0.3940192 ;
17 37 0.5708911 ;
18 37 0.9714229 ;
19 37 0.2916416 ;
22 37 0.5576219 ;
25 37 -0.7477455 ;
26 37 -0.9910437 ;
28 37 0.6266144 ;
29 37 -0.7349756 ;
31 37 0.8896392 ;
33 37 -0.2109037 ;
35 37 -0.5279803 ;
0 38 -0.3362623 ;
1 38 -0.4309027 ;
3 38 0.2671267 ;
5 38 0.5077041 ;
7 38 -0.8641428 ;
9 38 -0.683539 ;
10 38 -0.8249113 ;
11 38 0.1418285 ;
14 38 0.06866833 ;
15 38 0.6202226 ;
17 38 0.6106356 ;
22 38 0.7166671 ;
23 38 -0.9287564 ;
28 38 0.9577532 ;
30 38 0.8199547 ;
32 38 0.8642115 ;
33 38 -0.4881598 ;
34 38 0.07649722 ;
35 38 -0.349886 ;
36 38 -0.5522337 ;
37 38 -0.05010656 ;
1 39 0.8315353 ;
8 39 0.659323 ;
9 39 0.007415374 ;
13 39 -0.8855439 ;
15 39 0.2433171 ;
16 39 -0.2397622 ;
19 39 -0.125516 ;
21 39 -0.8260848 ;
22 39 -0.1992614 ;
23 39 -0.2015323 ;
26 39 -0.3827371 ;
27 39 -0.1069617 ;
29 39 -0.2613874 ;
32 39 -0.07333458 ;
34 39 -0.1350924 ;
35 39 0.4552778 ;
2 40 -0.6680712 ;
8 40 0.6605583 ;
15 40 0.681886 ;
16 40 0.4779646 ;
17 40 0.7178018 ;
21 40 -0.08851829 ;
22 40 0.4264107 ;
24 40 -0.2440206 ;
25 40 0.2053783 ;
30 40 0.07227102 ;
31 40 0.7623208 ;
32 40 0.6315097 ;
35 40 -0.6440267 ;
38 40 -0.8344732 ;
0 41 0.3400116 ;
2 41 -0.1276559 ;
3 41 0.01351611 ;
4 41 -0.1901529 ;
5 41 -0.9016572 ;
7 41 0.1092541 ;
9 41 0.1285108 ;
11 41 0.3644803 ;
13 41 0.6766646 ;
14 41 0.05381317 ;
21 41 -0.1586909 ;
22 41 0.5740063 ;
25 41 0.1927882 ;
28 41 -0.864418 ;
32 41 0.160381 ;
34 41 -0.2792945 ;
35 41 0.8273681 ;
37 41 -0.1490319 ;
40 41 0.2293816 ;
0 42 -0.8937781 ;
1 42 0.03918983 ;
2 42 0.3821589 ;
3 42 -0.9768921 ;
6 42 0.6100769 ;
10 42 -0.574905 ;
15 42 0.09805166 ;
16 42 -0.009864273 ;
20 42 -0.3024833 ;
21 42 -0.9393625 ;
23 42 0.9862671 ;
24 42 0.4063617 ;
25 42 -0.8456716 ;
27 42 0.370422 ;
29 42 -0.7626558 ;
31 42 -0.1889127 ;
32 42 0.4718248 ;
35 42 -0.7232486 ;
37 42 -0.1455171 ;
38 42 -0.2215007 ;
39 42 0.7491938 ;
40 42 0.5135436 ;
3 43 -0.7471924 ;
5 43 -0.4976377 ;
6 43 0.02078942 ;
7 43 0.9928913 ;
8 43 -0.8387413 ;
9 43 -0.7487509 ;
10 43 0.1328338 ;
11 43 -0.5491753 ;
13 43 0.4400695 ;
14 43 0.4746699 ;
16 43 0.1772406 ;
17 43 -0.05703255 ;
18 43 0.13059 ;
20 43 -0.6828042 ;
23 43 -0.04870346 ;
24 43 -0.6047029 ;
25 43 -0.5637079 ;
27 43 0.1042472 ;
28 43 0.9452651 ;
30 43 0.9416473 ;
33 43 0.5834657 ;
35 43 0.1535141 ;
36 43 0.01893956 ;
38 43 0.5177193 ;
41 43 -0.8570118 ;
42 43 0.7063045 ;
1 44 0.2670723 ;
8 44 0.7943259 ;
9 44 -0.5157499 ;
10 44 -0.3642208 ;
11 44 -0.809704 ;
12 44 0.2251399 ;
14 44 -0.1305369 ;
16 44 0.8188964 ;
17 44 0.2347275 ;
18 44 -0.6694905 ;
19 44 -0.6648151 ;
20 44 -0.07729801 ;
21 44 -0.6030365 ;
22 44 0.2504157 ;
23 44 0.553687 ;
27 44 0.372697 ;
30 44 0.08200775 ;
31 44 -0.8175978 ;
32 44 0.118533 ;
34 44 -0.8184704 ;
36 44 0.7502062 ;
37 44 -0.2023019 ;
38 44 -0.04663723 ;
39 44 -0.3836881 ;
42 44 0.531808 ;
1 45 0.9408458 ;
2 45 0.8803687 ;
4 45 -0.9485626 ;
5 45 -0.05953745 ;
7 45 -0.8690449 ;
8 45 -0.9604358 ;
9 45 -0.4791491 ;
11 45 -0.1378189 ;
12 45 0.5905992 ;
15 45 0.0940745 ;
18 45 -0.4038578 ;
20 45 -0.6000326 ;
21 45 0.288011 ;
23 45 -0.2148228 ;
25 45 -0.2068133 ;
27 45 -0.5491231 ;
28 45 0.4494232 ;
29 45 -0.8436253 ;
30 45 -0.512012 ;
31 45 -0.07455864 ;
33 45 0.2727532 ;
34 45 -0.2506429 ;
36 45 -0.9954451 ;
38 45 -0.05104619 ;
39 45 -0.09384972 ;
40 45 -0.3082823 ;
41 45 -0.1674775 ;
42 45 0.8518154 ;
43 45 0.3452058 ;
44 45 0.03349567 ;
9 46 0.9985721 ;
12 46 0.7717872 ;
13 46 0.7851847 ;
15 46 -0.5301321 ;
17 46 0.7287959 ;
18 46 -0.6762913 ;
22 46 0.5404863 ;
23 46 0.07067047 ;
24 46 -0.2919817 ;
26 46 0.3571793 ;
28 46 0.5465646 ;
30 46 -0.6440628 ;
31 46 -0.8316671 ;
33 46 0.1944877 ;
34 46 -0.2928203 ;
37 46 0.8985524 ;
39 46 -0.3240084 ;
40 46 0.6611812 ;
42 46 -0.9591473 ;
43 46 0.1961935 ;
44 46 -0.5261635 ;
45 46 -0.7955598 ;
1 47 0.18976 ;
2 47 -0.4004356 ;
3 47 0.1713215 ;
4 47 -0.4499244 ;
5 47 0.9204318 ;
9 47 -0.7095405 ;
12 47 0.9435796 ;
13 47 0.8039114 ;
16 47 -0.6416889 ;
17 47 0.9748512 ;
18 47 -0.1956024 ;
19 47 0.03060748 ;
23 47 0.4940764 ;
25 47 -0.9150557 ;
26 47 0.4824302 ;
28 47 -0.1645001 ;
29 47 0.5839597 ;
33 47 -0.6719432 ;
35 47 -0.1369264 ;
36 47 -0.2136727 ;
38 47 0.8847099 ;
39 47 -0.2043965 ;
40 47 -0.3445338 ;
41 47 -0.428511 ;
43 47 0.4804696 ;
44 47 -0.9628722 ;
0 48 0.7712982 ;
2 48 0.4570701 ;
3 48 0.7752216 ;
6 48 0.8796242 ;
7 48 -0.4967027 ;
10 48 -0.7875658 ;
13 48 -0.6929302 ;
14 48 -0.5292618 ;
16 48 0.1017257 ;
18 48 -0.1303068 ;
20 48 0.7118877 ;
22 48 -0.5978911 ;
23 48 0.6472684 ;
24 48 0.4378699 ;
25 48 0.4429342 ;
27 48 -0.1579314 ;
28 48 -0.2146195 ;
29 48 -0.002091581 ;
30 48 -0.1872686 ;
31 48 -0.5972084 ;
32 48 -0.2024528 ;
33 48 -0.4928688 ;
34 48 -0.3751285 ;
35 48 0.4774706 ;
36 48 0.4469976 ;
37 48 0.5350903 ;
38 48 -0.8067266 ;
39 48 -0.2559816 ;
40 48 0.4860179 ;
43 48 -0.1720703 ;
44 48 0.4274009 ;
47 48 0.991306 ;
0 49 -0.405012 ;
5 49 -0.3254703 ;
6 49 -0.05081343 ;
9 49 -0.1046235 ;
15 49 0.7196846 ;
16 49 0.4455558 ;
17 49 0.4145682 ;
18 49 -0.4075903 ;
19 49 -0.3921577 ;
20 49 0.5977158 ;
22 49 0.7873587 ;
23 49 0.7922245 ;
24 49 0.7048546 ;
27 49 -0.9006078 ;
28 49 0.9707817 ;
29 49 -0.7411548 ;
30 49 0.5344732 ;
33 49 -0.4191725 ;
34 49 -0.7472643 ;
39 49 0.4335952 ;
41 49 -0.7907215 ;
42 49 -0.1267822 ;
43 49 0.1139455 ;
44 49 0.5087636 ;
45 49 -0.510225 ;
46 49 -0.3484343 ;
48 49 -0.4672256 ]