n =  35
taille =  116
Mat = [0 2 0.4423653 ;
3 5 0.968078 ;
4 7 0.3858857 ;
1 9 -0.6883243 ;
3 9 -0.427867 ;
0 10 -0.7384483 ;
5 10 -0.8240638 ;
4 11 -0.8039712 ;
5 11 0.6627819 ;
8 11 -0.3885322 ;
2 12 -0.001104802 ;
8 12 -0.1145029 ;
11 12 -0.004438221 ;
4 13 -0.9794182 ;
5 13 -0.6966092 ;
9 13 -0.1326078 ;
10 13 0.3154018 ;
7 14 0.3734852 ;
8 14 -0.4377313 ;
8 15 0.3795554 ;
12 15 -0.3258939 ;
1 16 0.6494605 ;
5 16 -0.9620286 ;
9 16 0.8802366 ;
10 16 -0.6602182 ;
15 16 -0.6353026 ;
2 17 -0.4179857 ;
7 17 0.271821 ;
8 17 0.008572931 ;
12 17 -0.08205121 ;
13 18 0.0931401 ;
14 18 0.4958819 ;
1 19 0.8918666 ;
2 19 -0.95455 ;
1 20 0.5047392 ;
3 20 0.1255778 ;
5 20 0.9612609 ;
13 20 -0.2164082 ;
17 20 0.5300328 ;
18 20 -0.09446186 ;
19 20 -0.119844 ;
2 21 0.357359 ;
5 21 -0.156877 ;
7 21 -0.6946226 ;
8 21 0.6092428 ;
9 21 0.2213216 ;
10 21 -0.5371398 ;
11 21 -0.7466138 ;
14 21 0.6826728 ;
0 22 0.01841494 ;
8 22 0.5875981 ;
11 22 -0.8851281 ;
6 23 0.6974393 ;
8 23 0.8936945 ;
12 23 -0.7225978 ;
19 23 -0.6114203 ;
22 23 -0.3300865 ;
7 24 0.507545 ;
14 24 -0.6020565 ;
22 24 0.8012015 ;
23 24 -0.5443518 ;
0 25 -0.7769268 ;
2 25 -0.1355481 ;
4 25 0.8360201 ;
10 25 -0.7988708 ;
12 25 0.2138642 ;
13 25 0.7445927 ;
2 26 0.0005966593 ;
5 26 0.5752216 ;
23 26 -0.2235393 ;
15 27 0.009894759 ;
19 27 -0.2120605 ;
0 28 -0.1719991 ;
10 28 -0.3455274 ;
15 28 0.435077 ;
24 28 -0.2685264 ;
0 29 0.3304823 ;
1 29 -0.6327255 ;
4 29 -0.560882 ;
16 29 -0.7560904 ;
18 29 0.7032327 ;
28 29 -0.4927206 ;
0 30 -0.8768718 ;
4 30 -0.4394004 ;
5 30 0.008134874 ;
7 30 0.3362462 ;
8 30 0.5281148 ;
13 30 -0.3617942 ;
15 30 -0.4416491 ;
16 30 0.3643606 ;
24 30 0.9105972 ;
3 31 0.004025165 ;
12 31 0.3239724 ;
14 31 -0.1829318 ;
24 31 -0.5556186 ;
25 31 0.1003409 ;
26 31 -0.7737944 ;
27 31 -0.2296951 ;
30 31 0.9293417 ;
1 32 0.2037188 ;
6 32 0.7327601 ;
7 32 0.1073376 ;
8 32 -0.7400784 ;
15 32 -0.6174308 ;
19 32 -0.8077099 ;
21 32 -0.5044694 ;
29 32 0.343264 ;
30 32 0.3571459 ;
28 33 -0.2220454 ;
5 34 0.412209 ;
6 34 -0.2977565 ;
12 34 -0.6485909 ;
13 34 0.2400263 ;
15 34 0.1387511 ;
16 34 0.86949 ;
20 34 0.3560162 ]