n =  50
taille =  252
Mat = [0 2 -0.7611706 ;
1 2 0.1630261 ;
1 4 -0.5442809 ;
3 6 0.2240122 ;
1 7 0.2595227 ;
3 7 -0.1533107 ;
2 8 0.3067385 ;
5 8 -0.8026532 ;
1 9 -0.5180146 ;
1 10 -0.5384889 ;
5 10 0.4463409 ;
1 11 -0.2708653 ;
2 11 -0.4891117 ;
8 12 0.7789608 ;
4 14 -0.4318211 ;
10 14 0.1476159 ;
12 14 -0.6924149 ;
1 15 0.5823152 ;
7 15 0.4044583 ;
9 15 -0.9537373 ;
12 15 0.7711397 ;
1 16 0.08317783 ;
10 16 -0.259188 ;
11 17 0.8139703 ;
16 17 0.373991 ;
3 18 -0.4924004 ;
13 18 0.3913246 ;
4 19 -0.1931753 ;
5 19 0.5012532 ;
8 19 0.5461183 ;
14 19 0.5538896 ;
16 19 0.8865712 ;
18 19 -0.9729927 ;
0 20 -0.5408781 ;
1 20 0.3978106 ;
7 20 0.05546288 ;
10 20 0.1682831 ;
11 20 -0.8905788 ;
13 20 0.3427693 ;
17 20 -0.7753867 ;
0 21 -0.5353571 ;
3 21 0.3152824 ;
12 21 -0.9352291 ;
13 21 -0.3023138 ;
14 21 0.3510331 ;
15 21 0.6575194 ;
16 21 0.3518859 ;
10 22 0.9735512 ;
11 22 -0.02359412 ;
12 22 0.5246005 ;
16 22 -0.5594214 ;
4 23 -0.05910187 ;
5 23 -0.8908446 ;
8 23 0.1405056 ;
9 23 0.361526 ;
14 23 -0.4474422 ;
7 24 0.3326337 ;
8 24 0.688288 ;
15 24 0.1742482 ;
16 24 0.1164085 ;
3 25 -0.4269701 ;
8 25 0.02232075 ;
23 25 -0.5170397 ;
0 26 0.05939564 ;
2 26 -0.9727975 ;
4 26 0.8000258 ;
6 26 -0.2341191 ;
11 26 -0.7046296 ;
12 26 0.7310564 ;
16 26 0.1113093 ;
25 26 -0.2650632 ;
0 27 -0.8621207 ;
8 27 0.0427616 ;
10 27 -0.6818961 ;
16 27 -0.2929517 ;
24 27 0.7785373 ;
3 28 -0.1450241 ;
4 28 0.6862138 ;
6 28 0.2536246 ;
8 28 -0.7220985 ;
21 28 0.7611491 ;
25 28 -0.1015044 ;
1 29 0.4624772 ;
6 29 0.1112482 ;
7 29 0.8020969 ;
13 29 -0.6798343 ;
14 29 -0.1728037 ;
17 29 0.6076108 ;
20 29 -0.9312943 ;
6 30 -0.7527809 ;
19 30 -0.4078291 ;
21 30 0.3512435 ;
25 30 0.462339 ;
0 31 -0.435795 ;
6 31 -0.3486358 ;
9 31 -0.01949551 ;
30 31 -0.5721908 ;
4 32 0.2816181 ;
8 32 0.3343586 ;
12 32 0.8178326 ;
26 32 0.9065325 ;
2 33 -0.986849 ;
7 33 -0.8165478 ;
8 33 0.9332876 ;
17 33 -0.3296762 ;
25 33 0.4804065 ;
26 33 -0.5049761 ;
30 33 -0.1954974 ;
31 33 0.5515122 ;
1 34 -0.7558383 ;
4 34 -0.8240423 ;
5 34 -0.5935945 ;
8 34 -0.3508136 ;
14 34 -0.5866476 ;
16 34 -0.194167 ;
27 34 -0.9533565 ;
11 35 0.9937426 ;
19 35 -0.3592336 ;
22 35 0.1010899 ;
24 35 -0.311122 ;
27 35 0.2987202 ;
29 35 -0.2133414 ;
30 35 0.1607589 ;
32 35 -0.5827468 ;
6 36 -0.2794155 ;
23 36 -0.06213867 ;
30 36 -0.9282463 ;
31 36 -0.1043562 ;
0 37 -0.5359261 ;
1 37 -0.320849 ;
11 37 -0.8591941 ;
16 37 -0.3043873 ;
24 37 -0.7218998 ;
26 37 0.6157777 ;
31 37 -0.5678615 ;
35 37 -0.8908181 ;
36 37 0.9737196 ;
4 38 0.5046668 ;
10 38 0.1386478 ;
12 38 -0.167325 ;
18 38 0.7138958 ;
26 38 0.1388856 ;
31 38 -0.9634726 ;
34 38 -0.8347679 ;
1 39 0.9991244 ;
4 39 -0.8873808 ;
7 39 -0.7773512 ;
18 39 -0.05880276 ;
20 39 0.8677379 ;
27 39 -0.2125696 ;
30 39 -0.8842431 ;
34 39 -0.1125491 ;
3 40 0.7558416 ;
16 40 0.3008284 ;
25 40 -0.5606552 ;
28 40 -0.08934653 ;
34 40 0.8008438 ;
35 40 -0.00671669 ;
2 41 -0.7164846 ;
4 41 0.907001 ;
5 41 0.5418698 ;
9 41 -0.7893651 ;
11 41 -0.263076 ;
14 41 0.900926 ;
16 41 0.3881411 ;
19 41 0.268808 ;
22 41 -0.9180597 ;
23 41 -0.6121637 ;
26 41 0.6922195 ;
29 41 0.8663136 ;
32 41 -0.7441001 ;
37 41 -0.8479247 ;
38 41 0.2961202 ;
40 41 -0.1734846 ;
6 42 0.6879901 ;
9 42 0.9881125 ;
10 42 0.03042376 ;
11 42 -0.9951669 ;
13 42 -0.5865944 ;
16 42 0.3062116 ;
19 42 0.8978916 ;
21 42 -0.6394213 ;
29 42 -0.8657071 ;
30 42 0.3066418 ;
35 42 0.9917385 ;
5 43 0.1126401 ;
6 43 0.6533663 ;
7 43 -0.4665503 ;
13 43 -0.1521773 ;
18 43 -0.4577445 ;
20 43 0.8827525 ;
24 43 0.8267951 ;
27 43 -0.4090166 ;
34 43 -0.7949889 ;
38 43 -0.6310175 ;
2 44 -0.3786936 ;
6 44 0.9951677 ;
8 44 -0.8243576 ;
9 44 -0.7962114 ;
10 44 0.3406977 ;
22 44 -0.6920046 ;
30 44 -0.8046497 ;
33 44 -0.6547591 ;
18 45 0.9888241 ;
21 45 -0.2127152 ;
22 45 0.9440542 ;
25 45 0.2190942 ;
26 45 -0.8843032 ;
28 45 -0.4638274 ;
30 45 -0.3773876 ;
33 45 0.152112 ;
39 45 0.3713396 ;
41 45 -0.6048642 ;
0 46 0.4700482 ;
9 46 0.08564914 ;
15 46 0.1105531 ;
19 46 0.8165207 ;
22 46 -0.7652678 ;
29 46 -0.853778 ;
32 46 -0.7606004 ;
36 46 -0.3084547 ;
38 46 0.4022424 ;
44 46 0.4925137 ;
1 47 -0.5115645 ;
19 47 0.7339986 ;
20 47 -0.626655 ;
26 47 -0.1736721 ;
27 47 -0.7073541 ;
29 47 -0.6718464 ;
39 47 0.267362 ;
44 47 -0.5875212 ;
3 48 0.3845731 ;
8 48 0.8433336 ;
12 48 0.7968402 ;
15 48 -0.248405 ;
18 48 0.0651223 ;
21 48 -0.6475709 ;
22 48 -0.4803136 ;
23 48 0.5509312 ;
24 48 0.613739 ;
34 48 -0.1248033 ;
36 48 0.7599818 ;
42 48 -0.85431 ;
45 48 0.3866378 ;
9 49 -0.0993983 ;
12 49 0.07368101 ;
17 49 -0.7284599 ;
24 49 0.521966 ;
34 49 -0.07403948 ;
42 49 -0.4579974 ;
45 49 0.9015839 ;
46 49 -0.7806841 ]