n =  45
taille =  502
Mat = [0 1 0.04854724 ;
0 2 0.348453 ;
0 3 0.6042773 ;
2 3 0.1808308 ;
1 4 0.09872927 ;
2 4 -0.1902285 ;
3 4 -0.03191564 ;
0 5 -0.4227325 ;
1 5 -0.8627475 ;
1 6 -0.7808153 ;
3 6 -0.09618558 ;
4 6 0.3597073 ;
0 7 -0.02345421 ;
3 7 0.5410194 ;
4 7 0.7856485 ;
5 7 0.4145755 ;
0 8 -0.742967 ;
2 8 0.1043928 ;
7 8 -0.8769295 ;
0 9 -0.2491309 ;
3 9 0.2920375 ;
4 9 -0.4052233 ;
1 10 -0.3320121 ;
2 10 -0.5315245 ;
5 10 0.1148183 ;
0 11 -0.3018168 ;
2 11 0.3043538 ;
3 11 -0.1352051 ;
4 11 -0.6669346 ;
5 11 0.9080885 ;
0 12 -0.2619876 ;
1 12 0.4950828 ;
3 12 0.1053527 ;
4 12 -0.06004129 ;
5 12 0.6927293 ;
8 12 -0.8396296 ;
11 12 0.8115023 ;
1 13 -0.1076931 ;
3 13 0.9666126 ;
6 13 -0.741698 ;
7 13 -0.4781736 ;
8 13 -0.02726841 ;
9 13 0.719901 ;
11 13 0.9857343 ;
12 13 -0.2941951 ;
1 14 0.6720441 ;
4 14 0.2990137 ;
5 14 0.5018894 ;
7 14 0.2387236 ;
10 14 -0.2200035 ;
11 14 -0.552434 ;
2 15 -0.5218371 ;
4 15 -0.2139718 ;
5 15 0.3950659 ;
6 15 0.5430445 ;
7 15 0.08044983 ;
8 15 -0.01986243 ;
10 15 -0.5342508 ;
12 15 0.7103474 ;
13 15 -0.06991401 ;
14 15 -0.8111284 ;
0 16 -0.05999072 ;
1 16 -0.5782341 ;
2 16 0.7873783 ;
3 16 0.8267677 ;
5 16 -0.6747954 ;
6 16 -0.4354684 ;
10 16 0.7694371 ;
11 16 -0.02288919 ;
15 16 0.7961979 ;
1 17 0.6733579 ;
2 17 0.3486965 ;
3 17 0.1896559 ;
4 17 0.9924322 ;
5 17 -0.2764894 ;
8 17 -0.09596008 ;
11 17 -0.01327286 ;
12 17 0.247037 ;
2 18 -0.8540688 ;
3 18 0.02258218 ;
6 18 0.5778493 ;
7 18 -0.6080126 ;
8 18 -0.4650499 ;
10 18 -0.6837695 ;
11 18 -0.9312339 ;
13 18 -0.4604553 ;
14 18 0.204103 ;
15 18 -0.1369435 ;
16 18 -0.1303073 ;
17 18 0.209506 ;
0 19 -0.816999 ;
2 19 -0.3465631 ;
4 19 0.01840009 ;
5 19 0.9843279 ;
6 19 -0.8010389 ;
8 19 0.9872053 ;
11 19 0.2560202 ;
13 19 0.9965197 ;
15 19 -0.8878185 ;
17 19 0.7533989 ;
18 19 -0.1761461 ;
0 20 0.4546193 ;
3 20 0.8904964 ;
4 20 -0.5476802 ;
5 20 0.5246897 ;
6 20 0.5332292 ;
7 20 -0.2905226 ;
8 20 0.4045386 ;
9 20 0.143654 ;
10 20 0.171088 ;
11 20 -0.0545856 ;
12 20 0.4446319 ;
14 20 -0.2612089 ;
1 21 0.6296668 ;
5 21 -0.7589931 ;
6 21 -0.1533668 ;
8 21 -0.4460104 ;
9 21 0.31766 ;
10 21 0.793245 ;
11 21 -0.2517654 ;
13 21 0.7374606 ;
14 21 -0.7269647 ;
17 21 -0.337836 ;
18 21 -0.6334014 ;
19 21 -0.8267788 ;
20 21 -0.7291679 ;
0 22 0.3368007 ;
1 22 0.4281744 ;
3 22 0.7112823 ;
4 22 0.05347656 ;
5 22 0.9251336 ;
6 22 -0.1154545 ;
7 22 0.290169 ;
8 22 -0.9407741 ;
13 22 -0.02204231 ;
17 22 0.5268676 ;
20 22 0.7011352 ;
21 22 0.2691956 ;
2 23 -0.5681112 ;
4 23 0.5671692 ;
5 23 -0.3191594 ;
6 23 -0.4057906 ;
7 23 0.6975275 ;
9 23 0.3921167 ;
13 23 -0.4439065 ;
14 23 -0.5798009 ;
16 23 0.6173769 ;
17 23 0.7419365 ;
18 23 0.7067226 ;
19 23 -0.2697678 ;
0 24 -0.2165543 ;
1 24 -0.813807 ;
2 24 0.01064178 ;
3 24 0.8631914 ;
4 24 0.8130644 ;
7 24 -0.762344 ;
8 24 -0.4237751 ;
9 24 -0.08669734 ;
12 24 0.9757318 ;
13 24 0.004165439 ;
14 24 -0.5186301 ;
15 24 0.8635383 ;
16 24 -0.5405605 ;
17 24 0.4403811 ;
19 24 0.7347902 ;
21 24 0.1668547 ;
23 24 -0.863676 ;
0 25 -0.9163331 ;
2 25 0.5529068 ;
3 25 0.6508494 ;
4 25 0.5888339 ;
10 25 -0.6230996 ;
11 25 -0.5791648 ;
12 25 -0.9951956 ;
15 25 -0.6400386 ;
18 25 0.6786113 ;
20 25 -0.3275536 ;
21 25 -0.1595649 ;
22 25 0.06833103 ;
23 25 0.8291516 ;
24 25 -0.3652447 ;
0 26 0.7485827 ;
4 26 0.176851 ;
6 26 -0.5059887 ;
8 26 -0.001270147 ;
10 26 -0.1414376 ;
12 26 0.1865244 ;
16 26 -0.8790799 ;
17 26 -0.7661556 ;
18 26 -0.5539678 ;
21 26 -0.9961601 ;
22 26 0.122543 ;
1 27 0.8931654 ;
4 27 -0.6389827 ;
6 27 0.2234865 ;
7 27 0.1072922 ;
8 27 -0.6745875 ;
10 27 -0.7633451 ;
11 27 0.6160782 ;
12 27 0.03142556 ;
14 27 -0.69898 ;
15 27 -0.9281468 ;
19 27 -0.2837696 ;
21 27 -0.3927536 ;
22 27 -0.5951671 ;
26 27 0.8937586 ;
0 28 -0.9960959 ;
3 28 0.05828068 ;
5 28 0.3082594 ;
7 28 -0.490801 ;
12 28 0.7387798 ;
13 28 -0.9157833 ;
15 28 -0.9842382 ;
16 28 0.5554383 ;
19 28 -0.6872804 ;
24 28 -0.413745 ;
26 28 -0.2440513 ;
2 29 -0.180203 ;
3 29 -0.9586256 ;
5 29 -0.3571669 ;
7 29 0.2262651 ;
8 29 -0.6182046 ;
13 29 0.4607382 ;
14 29 -0.7289118 ;
15 29 -0.7953601 ;
16 29 0.388069 ;
17 29 0.1377021 ;
18 29 -0.2477845 ;
20 29 -0.1780055 ;
21 29 0.2154585 ;
26 29 -0.1708693 ;
2 30 0.8484788 ;
4 30 -0.614148 ;
5 30 -0.7942127 ;
7 30 0.2066844 ;
8 30 0.1329769 ;
10 30 -0.774028 ;
11 30 0.6802938 ;
12 30 -0.1548435 ;
17 30 -0.2594534 ;
18 30 0.8389736 ;
19 30 -0.7100218 ;
20 30 -0.4559633 ;
22 30 -0.1023913 ;
24 30 0.4770347 ;
28 30 0.2165163 ;
29 30 0.6144524 ;
1 31 0.6371372 ;
2 31 -0.2226661 ;
3 31 0.9878819 ;
4 31 0.4144747 ;
9 31 -0.485444 ;
11 31 0.09018415 ;
14 31 0.131979 ;
15 31 0.1022189 ;
17 31 -0.75591 ;
19 31 0.9692932 ;
20 31 -0.6263192 ;
22 31 0.7534961 ;
25 31 0.6718725 ;
27 31 0.6096421 ;
29 31 -0.6607659 ;
0 32 -0.1560893 ;
1 32 -0.1893964 ;
3 32 -0.7339679 ;
12 32 0.6219345 ;
13 32 0.5797504 ;
14 32 0.6729431 ;
17 32 -0.5279961 ;
21 32 0.6553747 ;
22 32 0.06957423 ;
23 32 -0.8502049 ;
28 32 0.6285603 ;
30 32 0.4740099 ;
1 33 0.1582621 ;
2 33 0.2617487 ;
3 33 -0.7182744 ;
4 33 -0.2103613 ;
6 33 0.3235775 ;
8 33 -0.8663365 ;
9 33 -0.1009836 ;
11 33 0.4946083 ;
13 33 -0.771508 ;
19 33 -0.1940001 ;
24 33 -0.578113 ;
27 33 -0.6268678 ;
30 33 -0.6387582 ;
0 34 -0.9588638 ;
3 34 0.1132899 ;
4 34 0.6553541 ;
5 34 0.609211 ;
8 34 0.957751 ;
9 34 0.09746901 ;
10 34 0.180996 ;
13 34 -0.6956632 ;
14 34 -0.5110812 ;
21 34 0.2863631 ;
22 34 0.4420313 ;
26 34 -0.2011506 ;
27 34 0.1013724 ;
28 34 -0.59547 ;
29 34 0.08840124 ;
30 34 -0.3931526 ;
33 34 0.9376734 ;
2 35 -0.1500108 ;
5 35 -0.1351343 ;
6 35 0.6759167 ;
7 35 -0.3567768 ;
9 35 -0.2637952 ;
11 35 0.1187965 ;
13 35 -0.5324364 ;
14 35 -0.2193701 ;
16 35 -0.1914567 ;
17 35 0.530827 ;
26 35 0.3924495 ;
27 35 -0.3166583 ;
29 35 0.3080484 ;
30 35 0.06371716 ;
32 35 0.4240728 ;
1 36 0.1805285 ;
2 36 -0.7867941 ;
3 36 0.4550221 ;
8 36 0.2683047 ;
10 36 -0.6680949 ;
12 36 0.7988608 ;
13 36 0.1258936 ;
17 36 0.2545702 ;
18 36 -0.2631993 ;
21 36 -0.2753767 ;
22 36 -0.04039266 ;
24 36 -0.6638912 ;
25 36 -0.6119305 ;
26 36 0.04065392 ;
28 36 0.48911 ;
32 36 -0.9473064 ;
33 36 0.05134056 ;
1 37 -0.02106892 ;
2 37 -0.7562328 ;
3 37 0.738319 ;
4 37 0.1283483 ;
8 37 0.8027295 ;
10 37 -0.1959984 ;
11 37 -0.08784505 ;
14 37 -0.09175623 ;
15 37 0.2598732 ;
16 37 0.8056764 ;
17 37 -0.1940515 ;
18 37 -0.08194487 ;
19 37 -0.6866619 ;
20 37 0.2861642 ;
22 37 0.07330401 ;
26 37 -0.3591514 ;
29 37 -0.3054863 ;
30 37 0.7776054 ;
31 37 0.1759764 ;
32 37 -0.9003394 ;
33 37 -0.630485 ;
34 37 0.2944348 ;
35 37 -0.9415871 ;
1 38 -0.1238429 ;
2 38 -0.4105684 ;
4 38 0.7878268 ;
6 38 0.2218621 ;
7 38 -0.2165 ;
8 38 -0.92737 ;
10 38 -0.02071393 ;
11 38 0.8978203 ;
12 38 0.5659587 ;
13 38 -0.7196205 ;
16 38 0.5524397 ;
17 38 0.2473835 ;
19 38 0.1877552 ;
20 38 -0.8509864 ;
22 38 0.1356501 ;
23 38 0.672979 ;
24 38 -0.3999222 ;
25 38 0.2911593 ;
31 38 0.5484578 ;
34 38 -0.4121239 ;
36 38 -0.1325358 ;
2 39 0.04350847 ;
3 39 0.5552885 ;
5 39 -0.5643168 ;
9 39 0.9424351 ;
13 39 -0.4020978 ;
14 39 0.3632587 ;
16 39 -0.3959882 ;
21 39 -0.1513369 ;
22 39 0.8023853 ;
23 39 -0.2155286 ;
24 39 0.1510385 ;
25 39 0.3269949 ;
27 39 -0.4009743 ;
29 39 0.5829112 ;
31 39 0.2115197 ;
32 39 -0.5069187 ;
33 39 -0.2144717 ;
35 39 0.3408203 ;
36 39 -0.5317263 ;
37 39 -0.3896733 ;
0 40 -0.7541555 ;
4 40 -0.7592124 ;
5 40 -0.5058323 ;
6 40 -0.1087939 ;
7 40 0.2487445 ;
8 40 0.475562 ;
9 40 -0.771621 ;
11 40 -0.2446942 ;
13 40 0.2211919 ;
18 40 0.4526911 ;
23 40 -0.1916086 ;
24 40 -0.09265938 ;
26 40 -0.06469566 ;
33 40 0.6196128 ;
39 40 0.3275159 ;
2 41 0.05218026 ;
4 41 -0.9187976 ;
5 41 0.2580304 ;
6 41 0.5296418 ;
7 41 -0.2790944 ;
9 41 -0.2651383 ;
10 41 -0.9774368 ;
11 41 -0.6538494 ;
12 41 -0.7295291 ;
13 41 -0.6101933 ;
14 41 -0.1022236 ;
15 41 -0.5825105 ;
19 41 0.4072581 ;
20 41 0.1736753 ;
21 41 0.9227342 ;
22 41 0.7158392 ;
24 41 -0.007277801 ;
25 41 -0.5786652 ;
26 41 -0.1551614 ;
30 41 0.5682786 ;
33 41 -0.4101153 ;
35 41 -0.3686549 ;
36 41 -0.7513714 ;
38 41 -0.03922789 ;
39 41 0.6164849 ;
0 42 -0.4231505 ;
3 42 -0.2316657 ;
5 42 -0.884374 ;
9 42 -0.7137271 ;
12 42 -0.9534672 ;
14 42 0.7641304 ;
17 42 -0.4873532 ;
20 42 0.9031783 ;
23 42 -0.3627408 ;
26 42 0.6650109 ;
28 42 -0.9691648 ;
29 42 0.005671907 ;
31 42 0.681961 ;
35 42 0.2334386 ;
36 42 -0.2584442 ;
39 42 -0.07433139 ;
40 42 -0.8006922 ;
41 42 0.1767948 ;
6 43 0.6508891 ;
7 43 0.03969295 ;
9 43 0.4635208 ;
10 43 0.9829172 ;
11 43 -0.7571545 ;
12 43 0.6793262 ;
13 43 -0.9278576 ;
14 43 -0.8167738 ;
16 43 0.8319696 ;
17 43 0.9891577 ;
22 43 -0.6929541 ;
24 43 0.7214044 ;
25 43 -0.0278344 ;
26 43 0.5752091 ;
29 43 -0.3437919 ;
30 43 0.8029424 ;
31 43 0.7187313 ;
33 43 0.6285461 ;
34 43 -0.2734164 ;
39 43 -0.2385651 ;
41 43 -0.006695556 ;
42 43 -0.71844 ;
3 44 0.7573266 ;
4 44 -0.7316246 ;
5 44 0.2582915 ;
7 44 -0.402075 ;
9 44 0.9242729 ;
10 44 0.1845036 ;
11 44 0.9144737 ;
12 44 0.399342 ;
16 44 0.7111556 ;
17 44 0.4614763 ;
20 44 -0.0251044 ;
24 44 0.8051719 ;
25 44 0.4288727 ;
27 44 0.6739964 ;
28 44 0.8733445 ;
31 44 0.689869 ;
34 44 -0.975346 ;
35 44 -0.06345204 ;
36 44 0.1090645 ;
37 44 0.7565002 ;
39 44 -0.7670249 ;
40 44 -0.3605744 ]