n =  50
taille =  228
Mat = [1 3 0.9455012 ;
2 4 -0.727802 ;
3 4 0.8307051 ;
0 5 -0.1122558 ;
2 5 -0.908562 ;
4 5 0.8898584 ;
4 7 0.4821571 ;
6 7 0.4563927 ;
4 8 -0.02629447 ;
7 8 -0.184575 ;
1 9 -0.05756215 ;
2 11 -0.2988875 ;
4 11 -0.1346043 ;
2 12 -0.806695 ;
3 12 0.6115945 ;
10 13 -0.06152853 ;
8 14 0.08679301 ;
12 14 -0.03264365 ;
13 14 0.5610889 ;
4 15 -0.5045948 ;
13 16 0.1448913 ;
0 17 -0.5096381 ;
5 17 0.08964469 ;
12 17 -0.8006284 ;
15 17 0.8802027 ;
11 18 -0.8545823 ;
16 18 0.07118172 ;
0 19 0.2769169 ;
6 19 0.09227394 ;
7 19 0.5017589 ;
13 19 0.5298473 ;
15 19 -0.3854339 ;
4 20 0.8458669 ;
5 20 -0.5433995 ;
6 20 0.7940364 ;
7 20 0.8625232 ;
19 20 0.2739638 ;
7 21 0.9960027 ;
17 21 0.1655344 ;
1 22 -0.7365216 ;
2 22 -0.5036457 ;
4 22 0.9168739 ;
14 22 0.5305699 ;
2 23 0.6393929 ;
12 23 -0.3115539 ;
17 23 -0.3466712 ;
3 24 0.9903952 ;
11 24 -0.3016157 ;
12 24 -0.3114873 ;
14 24 0.4099467 ;
3 25 0.7789544 ;
7 25 -0.4204676 ;
16 25 0.5584313 ;
9 26 -0.3421325 ;
11 26 -0.2026346 ;
13 26 -0.2976836 ;
14 26 0.4886624 ;
21 26 0.8112714 ;
10 27 0.8739849 ;
13 27 0.8600015 ;
19 27 -0.1535141 ;
23 27 0.4063532 ;
25 27 -0.8699002 ;
0 28 -0.8014578 ;
3 28 -0.7899426 ;
6 28 -0.326955 ;
9 28 0.6995134 ;
13 28 -0.6003446 ;
19 28 -0.7136486 ;
20 28 0.288174 ;
6 29 -0.2173699 ;
10 29 0.7382779 ;
13 29 -0.6659876 ;
16 29 0.4271464 ;
21 29 0.6613831 ;
22 29 -0.8435702 ;
25 29 0.6008434 ;
2 30 -0.9718705 ;
3 30 0.3748847 ;
11 30 -0.9485159 ;
15 30 0.04452208 ;
16 30 -0.5400252 ;
19 30 -0.8343426 ;
20 30 0.3065826 ;
21 30 -0.4341183 ;
27 30 0.2967553 ;
29 30 0.450017 ;
8 31 0.07081826 ;
15 31 0.3853911 ;
19 31 -0.2364186 ;
29 31 -0.01321184 ;
4 32 0.6132693 ;
8 32 0.2631957 ;
11 32 0.6984424 ;
15 32 -0.5121741 ;
19 32 -0.03247896 ;
27 32 -0.7974255 ;
5 33 -0.3287416 ;
6 33 0.7633022 ;
9 33 -0.4016279 ;
16 33 0.8934755 ;
17 33 0.8045141 ;
28 33 -0.6380061 ;
0 34 0.8115282 ;
10 34 0.8055134 ;
14 34 0.9730312 ;
33 34 0.2933884 ;
6 35 0.7056504 ;
9 35 0.01800846 ;
16 35 -0.1486631 ;
18 35 0.4503237 ;
26 35 0.9064585 ;
27 35 -0.3744325 ;
29 35 0.1349669 ;
34 35 -0.6558513 ;
1 36 -0.6139793 ;
2 36 -0.1707776 ;
3 36 0.4300679 ;
4 36 -0.418077 ;
8 36 0.1057984 ;
33 36 -0.6653439 ;
35 36 -0.059833 ;
8 37 0.9545009 ;
13 37 -0.2410434 ;
15 37 -0.3034986 ;
16 37 0.0786141 ;
33 37 -0.4994966 ;
35 37 0.3779731 ;
36 37 0.1872961 ;
11 38 -0.6007621 ;
14 38 0.2522277 ;
21 38 -0.5305379 ;
22 38 0.1532442 ;
31 38 0.3898399 ;
32 38 -0.7833718 ;
33 38 0.1189355 ;
36 38 0.6164704 ;
3 39 -0.2505424 ;
8 39 -0.2529935 ;
10 39 -0.1292449 ;
11 39 0.3267648 ;
17 39 0.7293274 ;
27 39 -0.576375 ;
30 39 -0.6257818 ;
0 40 0.3123858 ;
3 40 0.08532482 ;
10 40 -0.07031505 ;
20 40 -0.007801769 ;
26 40 0.5092045 ;
27 40 -0.4568675 ;
4 41 0.6037112 ;
10 41 -0.5292866 ;
21 41 -0.1524733 ;
23 41 -0.04339195 ;
29 41 -0.3378598 ;
34 41 -0.01714672 ;
38 41 0.9779935 ;
1 42 0.2377576 ;
7 42 0.313499 ;
10 42 0.03693434 ;
12 42 -0.8790341 ;
22 42 0.6566389 ;
33 42 0.06824506 ;
34 42 0.4768375 ;
39 42 -0.6496508 ;
1 43 -0.7269852 ;
3 43 -0.04102541 ;
5 43 -0.7461344 ;
8 43 0.560456 ;
24 43 0.435426 ;
31 43 -0.5358707 ;
32 43 -0.3590929 ;
40 43 0.6494188 ;
4 44 0.7822664 ;
10 44 0.8698936 ;
17 44 0.9261036 ;
22 44 0.2438255 ;
29 44 0.6044263 ;
30 44 0.7907488 ;
31 44 -0.8903528 ;
40 44 -0.4017632 ;
0 45 0.2930636 ;
8 45 -0.5919218 ;
9 45 -0.6912374 ;
14 45 -0.5775086 ;
17 45 0.982427 ;
18 45 0.2668179 ;
20 45 0.6834618 ;
24 45 0.6566103 ;
30 45 0.3484518 ;
32 45 0.05558623 ;
39 45 -0.1638551 ;
4 46 -0.6866653 ;
22 46 0.2365105 ;
25 46 0.5051308 ;
32 46 0.565794 ;
40 46 -0.06955317 ;
0 47 -0.4384721 ;
1 47 0.4955887 ;
3 47 0.8534682 ;
4 47 0.3222933 ;
7 47 -0.6089733 ;
30 47 0.7727508 ;
35 47 -0.2483514 ;
40 47 -0.2481915 ;
44 47 -0.4131798 ;
46 47 0.256602 ;
0 48 0.3176488 ;
3 48 0.5352583 ;
5 48 -0.1737663 ;
7 48 0.1458061 ;
15 48 0.4128475 ;
17 48 0.8509597 ;
18 48 -0.4235343 ;
23 48 -0.617553 ;
26 48 0.6920344 ;
34 48 0.09033245 ;
40 48 0.4533998 ;
44 48 -0.2488327 ;
7 49 0.358235 ;
19 49 0.4906735 ;
20 49 -0.9099448 ;
23 49 -0.2391456 ;
27 49 -0.9790787 ;
29 49 0.757532 ;
34 49 0.8587579 ;
37 49 0.5002704 ;
40 49 -0.008028549 ]