n =  30
taille =  345
Mat = [0 2 0.2827979 ;
0 3 -0.6409402 ;
2 3 -0.2048833 ;
0 4 -0.2016422 ;
1 4 0.6957981 ;
2 4 0.8893219 ;
3 4 0.6791766 ;
0 5 0.9448508 ;
1 5 0.6562722 ;
2 5 -0.7040442 ;
3 5 0.5620307 ;
0 6 -0.7325433 ;
1 6 -0.5335352 ;
2 6 0.3155045 ;
3 6 -0.2681851 ;
4 6 -0.6598778 ;
5 6 0.3187881 ;
0 7 -0.4447455 ;
1 7 0.1280462 ;
2 7 0.07520808 ;
3 7 -0.1219365 ;
4 7 -0.6338549 ;
5 7 0.9745495 ;
6 7 -0.1947773 ;
0 8 -0.3645206 ;
2 8 0.8393016 ;
3 8 0.05639144 ;
4 8 -0.5571808 ;
5 8 0.5448938 ;
6 8 -0.5062724 ;
7 8 0.2328838 ;
0 9 0.7038155 ;
1 9 0.8096899 ;
3 9 0.2433531 ;
4 9 0.4700545 ;
5 9 0.5981621 ;
6 9 -0.4511195 ;
0 10 0.1056063 ;
1 10 -0.1304684 ;
2 10 0.4519685 ;
4 10 -0.5139448 ;
5 10 -0.5727001 ;
6 10 -0.5123853 ;
7 10 0.2933836 ;
8 10 0.2141928 ;
9 10 -0.9834663 ;
0 11 0.01788769 ;
1 11 0.9278352 ;
2 11 -0.7686271 ;
3 11 -0.7117853 ;
5 11 0.4334183 ;
6 11 -0.4588313 ;
7 11 -0.6899074 ;
8 11 -0.9486185 ;
9 11 0.7565532 ;
10 11 -0.1439047 ;
1 12 0.3670595 ;
2 12 0.3857295 ;
3 12 0.326764 ;
4 12 0.5719687 ;
5 12 -0.6446357 ;
6 12 0.5502857 ;
7 12 0.2921617 ;
8 12 0.7843113 ;
9 12 0.6693817 ;
11 12 -0.1708374 ;
0 13 -0.182189 ;
2 13 0.5937082 ;
3 13 0.6280436 ;
4 13 -0.1011946 ;
6 13 0.07852175 ;
7 13 0.4741483 ;
8 13 -0.1104109 ;
9 13 -0.9235329 ;
11 13 0.9984275 ;
12 13 0.8231288 ;
0 14 0.3180762 ;
1 14 0.5455106 ;
2 14 -0.2108689 ;
3 14 0.6223993 ;
4 14 -0.2251834 ;
5 14 -0.4539187 ;
6 14 0.6088929 ;
7 14 0.8422876 ;
8 14 -0.4712572 ;
10 14 -0.2943785 ;
11 14 0.7285162 ;
12 14 -0.3957867 ;
13 14 0.905206 ;
0 15 0.07624673 ;
2 15 -0.6384707 ;
3 15 -0.006523964 ;
4 15 -0.001822404 ;
5 15 -0.2467889 ;
6 15 0.2993073 ;
7 15 0.984561 ;
9 15 0.1166972 ;
10 15 0.1584585 ;
11 15 0.9403024 ;
12 15 -0.03380147 ;
13 15 -0.1533417 ;
14 15 0.2258837 ;
0 16 -0.06177382 ;
1 16 -0.081914 ;
2 16 -0.717158 ;
3 16 0.7622161 ;
4 16 0.7058001 ;
5 16 0.5628453 ;
6 16 -0.3374836 ;
7 16 -0.4163221 ;
8 16 -0.5502667 ;
9 16 0.3450347 ;
11 16 -0.3689535 ;
12 16 -0.5286263 ;
13 16 0.9887353 ;
14 16 0.5266032 ;
15 16 -0.6070752 ;
1 17 -0.6640507 ;
2 17 -0.557876 ;
4 17 0.8460612 ;
5 17 0.7880731 ;
6 17 -0.770812 ;
7 17 0.05291005 ;
8 17 -0.363657 ;
9 17 0.01655987 ;
10 17 -0.6809259 ;
11 17 0.1097274 ;
12 17 0.0873201 ;
13 17 -0.6306318 ;
14 17 -0.6574796 ;
15 17 -0.8067718 ;
16 17 -0.5760729 ;
0 18 -0.5180139 ;
1 18 0.1402992 ;
2 18 -0.2931869 ;
6 18 -0.03554812 ;
7 18 0.02690127 ;
9 18 0.3195615 ;
11 18 -0.9711778 ;
12 18 -0.5360108 ;
14 18 -0.8817068 ;
15 18 -0.1205821 ;
16 18 0.08977438 ;
0 19 0.1194984 ;
1 19 0.6719786 ;
2 19 -0.02683666 ;
3 19 -0.02574088 ;
4 19 -0.5980749 ;
5 19 -0.8092435 ;
7 19 0.650489 ;
8 19 0.5037815 ;
9 19 -0.2985865 ;
10 19 -0.8460354 ;
12 19 0.4834019 ;
14 19 -0.4548255 ;
15 19 -0.4120881 ;
17 19 -0.4215969 ;
18 19 -0.9559592 ;
0 20 0.984173 ;
1 20 0.2012341 ;
2 20 -0.2000946 ;
4 20 0.664186 ;
5 20 0.6867748 ;
7 20 0.1599028 ;
8 20 0.05340734 ;
9 20 0.2578208 ;
10 20 -0.7320014 ;
11 20 0.4755001 ;
13 20 0.3943746 ;
14 20 -0.9295702 ;
15 20 -0.3058922 ;
16 20 0.06555203 ;
17 20 -0.001399079 ;
19 20 -0.078436 ;
1 21 0.6105546 ;
2 21 -0.05234935 ;
5 21 0.9232394 ;
8 21 -0.1654031 ;
9 21 0.7741533 ;
10 21 -0.5292471 ;
12 21 -0.6270904 ;
13 21 0.6654086 ;
14 21 -0.934757 ;
16 21 -0.8614336 ;
17 21 0.9212124 ;
18 21 -0.1949392 ;
19 21 0.3982898 ;
20 21 -0.5001997 ;
0 22 -0.8611927 ;
1 22 0.328674 ;
3 22 0.4556752 ;
4 22 0.4938094 ;
5 22 -0.6723114 ;
7 22 0.7405393 ;
8 22 -0.7098463 ;
10 22 -0.4834588 ;
12 22 -0.3077877 ;
14 22 -0.940044 ;
15 22 -0.2517172 ;
19 22 -0.1502141 ;
20 22 -0.4655889 ;
0 23 0.7447592 ;
1 23 0.0187423 ;
2 23 -0.7284164 ;
3 23 0.7446266 ;
4 23 -0.2858718 ;
5 23 0.6772817 ;
6 23 0.1546885 ;
7 23 -0.9512803 ;
8 23 -0.5097305 ;
9 23 -0.7671685 ;
10 23 -0.2696923 ;
11 23 0.4114524 ;
12 23 0.6045663 ;
13 23 -0.6043415 ;
14 23 0.3626715 ;
15 23 0.4502144 ;
17 23 0.7435936 ;
18 23 0.6153366 ;
19 23 0.6213324 ;
21 23 0.5806642 ;
22 23 -0.6746405 ;
0 24 -0.6797543 ;
1 24 0.7206728 ;
3 24 0.4998339 ;
4 24 -0.7923617 ;
5 24 0.009964854 ;
6 24 -0.1347935 ;
7 24 -0.1336483 ;
8 24 -0.07040138 ;
11 24 -0.9850714 ;
12 24 0.378 ;
13 24 -0.5655352 ;
14 24 -0.5027263 ;
16 24 0.01173657 ;
18 24 -0.7575422 ;
19 24 0.5640369 ;
21 24 0.01867377 ;
22 24 -0.3719405 ;
23 24 -0.3008192 ;
0 25 -0.5302956 ;
2 25 -0.2851957 ;
3 25 0.3606414 ;
4 25 -0.5751569 ;
5 25 -0.2015271 ;
6 25 -0.0170388 ;
7 25 -0.6751513 ;
8 25 0.5845376 ;
10 25 -0.6206766 ;
11 25 -0.8953485 ;
12 25 0.6596834 ;
13 25 -0.2459696 ;
14 25 0.6992906 ;
15 25 0.1689647 ;
17 25 0.5256428 ;
18 25 0.8313496 ;
21 25 -0.5232671 ;
22 25 0.8571945 ;
23 25 0.02765108 ;
24 25 -0.7473581 ;
0 26 0.4779173 ;
3 26 -0.1646496 ;
4 26 0.2847536 ;
5 26 0.4991396 ;
6 26 0.1450861 ;
7 26 -0.3942808 ;
8 26 0.5291923 ;
9 26 -0.2023088 ;
11 26 0.3985739 ;
12 26 -0.4856814 ;
13 26 0.2035638 ;
14 26 -0.8542209 ;
15 26 0.703203 ;
16 26 -0.7954626 ;
17 26 -0.6086882 ;
18 26 0.5242164 ;
19 26 0.6149991 ;
20 26 0.2626503 ;
21 26 0.9041677 ;
22 26 -0.5278727 ;
23 26 0.5806613 ;
24 26 -0.1997537 ;
25 26 -0.1380536 ;
1 27 -0.8821422 ;
2 27 -0.8486046 ;
3 27 0.2284029 ;
4 27 -0.1821059 ;
5 27 0.2959585 ;
6 27 0.9814329 ;
7 27 0.1194772 ;
8 27 0.04931937 ;
12 27 -0.1237164 ;
14 27 -0.5345823 ;
15 27 -0.08505668 ;
16 27 -0.0428605 ;
17 27 -0.433774 ;
18 27 0.9992672 ;
19 27 -0.454793 ;
20 27 0.4157832 ;
21 27 0.6458973 ;
22 27 0.4866823 ;
26 27 0.3316258 ;
0 28 -0.7834605 ;
2 28 0.2696364 ;
3 28 -0.1737484 ;
6 28 0.9171385 ;
8 28 0.4311145 ;
9 28 0.396201 ;
10 28 -0.3272693 ;
11 28 0.08350285 ;
12 28 0.1397649 ;
13 28 -0.4659123 ;
14 28 0.5336186 ;
15 28 -0.9541044 ;
16 28 0.03090589 ;
17 28 -0.9061309 ;
18 28 -0.8936629 ;
19 28 0.7119316 ;
20 28 -0.3523331 ;
21 28 -0.2271841 ;
22 28 -0.9329184 ;
23 28 -0.05704522 ;
24 28 -0.9320824 ;
25 28 -0.06617072 ;
26 28 0.9300215 ;
2 29 -0.3085473 ;
3 29 0.5274369 ;
4 29 0.8610666 ;
5 29 -0.1606193 ;
6 29 -0.9642518 ;
8 29 0.3469216 ;
10 29 -0.8193175 ;
13 29 -0.9591908 ;
14 29 0.8985318 ;
16 29 -0.5809146 ;
17 29 0.4196089 ;
18 29 -0.1723503 ;
19 29 -0.2187904 ;
20 29 0.2594531 ;
23 29 -0.2837836 ;
24 29 -0.2063632 ;
25 29 -0.4326213 ;
26 29 0.8525297 ;
27 29 0.1162971 ;
28 29 0.4208512 ]