n =  50
taille =  608
Mat = [0 1 0.2755088 ;
1 2 0.5556834 ;
1 3 -0.7736386 ;
2 3 0.2417196 ;
0 4 -0.5094737 ;
0 5 0.1852846 ;
2 5 0.1703981 ;
4 6 -0.9923746 ;
0 7 0.2632381 ;
1 8 0.5881585 ;
4 8 0.1461121 ;
5 8 -0.3531365 ;
2 9 0.5495777 ;
4 9 -0.6041162 ;
6 9 -0.8280033 ;
7 9 -0.6567853 ;
0 10 0.4963868 ;
3 10 0.085732 ;
6 10 -0.03742193 ;
8 10 -0.3848593 ;
1 11 -0.4333108 ;
2 11 -0.1949345 ;
4 11 -0.9748555 ;
5 11 0.7285827 ;
6 11 -0.232711 ;
8 11 0.2974472 ;
9 11 0.9996326 ;
10 11 0.006034728 ;
0 12 -0.1715562 ;
2 12 0.2268051 ;
7 12 0.2231215 ;
10 12 0.1402492 ;
3 13 -0.5299691 ;
5 13 0.399914 ;
6 13 0.8853659 ;
7 13 -0.3621922 ;
9 13 -0.6054297 ;
12 13 -0.9070903 ;
0 14 -0.8340121 ;
2 14 -0.6870959 ;
3 14 0.4788553 ;
9 14 -0.9133879 ;
10 14 0.01900927 ;
11 14 0.8867766 ;
12 14 -0.6162754 ;
0 15 -0.8980534 ;
2 15 0.03476118 ;
3 15 0.00788622 ;
4 15 -0.974907 ;
5 15 -0.2400414 ;
6 15 -0.4601636 ;
8 15 -0.9698438 ;
10 15 0.3910491 ;
11 15 -0.01721543 ;
12 15 0.1125193 ;
1 16 0.3741522 ;
2 16 -0.8217311 ;
3 16 -0.8781573 ;
5 16 -0.1369572 ;
10 16 -0.8376735 ;
11 16 -0.6284661 ;
12 16 -0.3834178 ;
14 16 0.2047224 ;
2 17 0.5255498 ;
3 17 0.4218986 ;
5 17 -0.2389632 ;
7 17 0.8282017 ;
8 17 -0.1691059 ;
11 17 0.03136845 ;
12 17 0.513072 ;
16 17 -0.7084318 ;
1 18 0.3752222 ;
3 18 0.7641248 ;
4 18 -0.3589345 ;
5 18 -0.5940324 ;
9 18 0.2643236 ;
10 18 -0.2801795 ;
0 19 0.07266551 ;
2 19 -0.8206815 ;
3 19 -0.2427259 ;
4 19 -0.04190509 ;
6 19 -0.9545629 ;
7 19 -0.2217285 ;
8 19 0.3173184 ;
12 19 -0.3499021 ;
15 19 -0.06125089 ;
16 19 0.9456273 ;
17 19 0.3572365 ;
0 20 0.6002004 ;
1 20 0.5356398 ;
7 20 -0.273127 ;
8 20 0.1416938 ;
9 20 0.1862987 ;
11 20 0.3144104 ;
12 20 -0.8374892 ;
16 20 -0.5932068 ;
17 20 -0.8910397 ;
18 20 0.05546293 ;
19 20 -0.3664124 ;
1 21 0.121568 ;
2 21 0.5611938 ;
4 21 -0.8916578 ;
8 21 0.496484 ;
9 21 0.1704563 ;
12 21 0.9033779 ;
13 21 -0.1111854 ;
15 21 0.8244696 ;
16 21 -0.6828865 ;
17 21 -0.3511124 ;
18 21 0.8697384 ;
19 21 0.3349345 ;
1 22 -0.2015811 ;
2 22 -0.5915538 ;
3 22 0.1349498 ;
7 22 -0.6015308 ;
8 22 0.5348531 ;
10 22 -0.9958831 ;
12 22 -0.9576259 ;
14 22 -0.1032502 ;
17 22 0.2298128 ;
18 22 -0.9137149 ;
19 22 -0.5591523 ;
20 22 0.9979379 ;
0 23 -0.3261403 ;
1 23 -0.6190459 ;
2 23 0.200452 ;
6 23 -0.1692551 ;
7 23 0.325105 ;
8 23 -0.5128154 ;
13 23 -0.006900301 ;
14 23 -0.1458681 ;
16 23 -0.8513509 ;
18 23 -0.2225145 ;
21 23 -0.4653153 ;
2 24 -0.1755094 ;
3 24 0.5791348 ;
6 24 -0.7997538 ;
7 24 -0.1866429 ;
8 24 0.5854964 ;
9 24 0.6161201 ;
10 24 0.5936259 ;
11 24 -0.6186576 ;
12 24 0.9156643 ;
13 24 -0.1112123 ;
14 24 -0.8202968 ;
16 24 -0.1651129 ;
17 24 -0.9937171 ;
18 24 -0.9838473 ;
20 24 0.1706601 ;
0 25 -0.4524068 ;
1 25 0.2151708 ;
2 25 -0.7650368 ;
3 25 0.006472565 ;
11 25 0.2788495 ;
14 25 0.2383133 ;
16 25 0.9349886 ;
18 25 -0.6385853 ;
19 25 0.6662035 ;
21 25 -0.694987 ;
23 25 -0.6365746 ;
24 25 0.3806915 ;
2 26 0.4011632 ;
3 26 -0.8537636 ;
11 26 0.7786698 ;
12 26 0.9148137 ;
13 26 -0.03263448 ;
15 26 0.7230578 ;
17 26 0.7842742 ;
19 26 0.8634457 ;
20 26 0.6879944 ;
21 26 0.1380557 ;
22 26 0.1490823 ;
23 26 0.8562095 ;
1 27 -0.3647397 ;
5 27 -0.8283754 ;
6 27 -0.2091786 ;
7 27 0.5766254 ;
8 27 -0.5751179 ;
10 27 -0.1491069 ;
14 27 -0.8194134 ;
15 27 0.7549561 ;
17 27 -0.4365122 ;
21 27 0.01949855 ;
22 27 0.2786293 ;
23 27 0.9598802 ;
25 27 0.05382481 ;
26 27 -0.9559813 ;
0 28 0.06655914 ;
3 28 0.177636 ;
4 28 -0.879416 ;
5 28 0.8756634 ;
12 28 0.01202453 ;
14 28 0.8053275 ;
15 28 0.6706144 ;
17 28 -0.4284739 ;
24 28 -0.5896622 ;
25 28 0.3125124 ;
26 28 0.4422177 ;
27 28 0.7226048 ;
6 29 -0.111647 ;
7 29 0.3568998 ;
10 29 -0.6855859 ;
11 29 0.7014237 ;
12 29 0.9932354 ;
13 29 -0.8919722 ;
16 29 -0.8273116 ;
17 29 0.1201383 ;
19 29 0.5677821 ;
21 29 -0.2685807 ;
22 29 0.09052259 ;
23 29 0.3084 ;
25 29 -0.111788 ;
27 29 0.942708 ;
0 30 -0.5417871 ;
1 30 -0.1941196 ;
2 30 0.8569683 ;
4 30 -0.09428433 ;
6 30 0.2001769 ;
7 30 0.7244601 ;
10 30 0.923778 ;
15 30 -0.7857136 ;
16 30 0.6665442 ;
18 30 0.5270256 ;
19 30 -0.5310266 ;
21 30 0.8539715 ;
22 30 -0.7487531 ;
23 30 0.2236667 ;
24 30 0.755989 ;
28 30 0.5071274 ;
29 30 -0.8466847 ;
1 31 0.5604325 ;
3 31 -0.5980982 ;
4 31 0.8946956 ;
7 31 -0.6848948 ;
9 31 0.1936028 ;
13 31 -0.4540986 ;
17 31 -0.1064488 ;
18 31 -0.5227968 ;
21 31 0.003671697 ;
23 31 0.1490832 ;
24 31 0.008524503 ;
25 31 0.9391215 ;
26 31 0.3376899 ;
27 31 0.8602623 ;
28 31 -0.4129291 ;
30 31 0.4926937 ;
0 32 -0.2006381 ;
3 32 -0.6106936 ;
7 32 -0.920182 ;
9 32 0.5294284 ;
12 32 0.4892384 ;
16 32 -0.8790355 ;
18 32 -0.9775449 ;
22 32 0.05720511 ;
25 32 0.2735721 ;
27 32 -0.4053885 ;
28 32 0.297512 ;
29 32 -0.6370911 ;
30 32 -0.4064031 ;
31 32 -0.6527446 ;
0 33 0.7459492 ;
1 33 -0.2399069 ;
3 33 0.8884302 ;
5 33 0.07073792 ;
6 33 -0.06268963 ;
7 33 -0.2423673 ;
9 33 0.09928685 ;
11 33 0.2324625 ;
12 33 -0.9027917 ;
14 33 0.2576358 ;
15 33 -0.05321509 ;
17 33 0.2677577 ;
23 33 0.4986606 ;
24 33 0.5837001 ;
26 33 0.1952546 ;
27 33 -0.1999639 ;
29 33 0.2608234 ;
30 33 -0.9845423 ;
31 33 0.6178435 ;
1 34 0.486309 ;
3 34 -0.02699766 ;
4 34 -0.4610871 ;
5 34 -0.3443976 ;
6 34 -0.2202594 ;
8 34 -0.8911948 ;
10 34 -0.2155323 ;
11 34 0.3281033 ;
13 34 0.786797 ;
14 34 -0.4074155 ;
16 34 0.6446867 ;
19 34 0.9138572 ;
21 34 -0.6540799 ;
22 34 0.7272316 ;
26 34 -0.9596385 ;
27 34 0.5184605 ;
28 34 0.7991015 ;
29 34 -0.4671067 ;
30 34 0.1072521 ;
32 34 0.7495871 ;
33 34 0.4170618 ;
5 35 0.7464221 ;
6 35 0.3858515 ;
7 35 -0.3851338 ;
8 35 0.5952995 ;
11 35 0.4707029 ;
14 35 -0.1157718 ;
15 35 -0.3236745 ;
17 35 0.1360294 ;
18 35 -0.7581492 ;
20 35 0.5805479 ;
23 35 -0.2790575 ;
24 35 -0.2338669 ;
25 35 -0.7752957 ;
27 35 0.03332104 ;
28 35 0.789319 ;
0 36 -0.4916164 ;
5 36 -0.2780295 ;
9 36 -0.7816079 ;
11 36 -0.7045919 ;
12 36 0.2891912 ;
15 36 -0.2942334 ;
17 36 0.9473792 ;
18 36 0.6814372 ;
20 36 0.5105333 ;
22 36 0.9091505 ;
24 36 0.6640925 ;
25 36 -0.2950091 ;
26 36 0.8625838 ;
27 36 0.8183149 ;
28 36 0.3087246 ;
30 36 -0.398326 ;
32 36 -0.2500058 ;
34 36 0.2483894 ;
35 36 0.1786537 ;
0 37 -0.4129086 ;
3 37 0.6060661 ;
6 37 -0.5710546 ;
10 37 0.5984135 ;
13 37 0.3857379 ;
17 37 -0.8955901 ;
19 37 0.8995289 ;
20 37 0.242371 ;
23 37 0.5381226 ;
25 37 -0.148723 ;
28 37 0.3200525 ;
31 37 0.2227663 ;
32 37 -0.440326 ;
34 37 -0.7907516 ;
36 37 0.1062299 ;
0 38 -0.4369438 ;
1 38 0.359298 ;
5 38 0.1578001 ;
6 38 -0.3545517 ;
10 38 0.006595332 ;
12 38 -0.05235206 ;
13 38 0.2160329 ;
14 38 0.3516819 ;
17 38 0.7971911 ;
18 38 -0.9498331 ;
22 38 -0.2129774 ;
26 38 0.806381 ;
28 38 -0.005292923 ;
29 38 0.3658825 ;
30 38 -0.6204022 ;
31 38 0.9406944 ;
37 38 -0.7115548 ;
5 39 0.2216779 ;
6 39 -0.2718091 ;
9 39 -0.310109 ;
12 39 -0.1750385 ;
13 39 0.8043423 ;
18 39 -0.182295 ;
19 39 -0.3890574 ;
20 39 -0.4622271 ;
21 39 -0.3947226 ;
22 39 -0.6170872 ;
24 39 0.8511263 ;
28 39 0.6749766 ;
29 39 0.1909445 ;
33 39 0.03534948 ;
37 39 -0.2490667 ;
0 40 -0.4962356 ;
4 40 -0.1416313 ;
5 40 0.7831077 ;
7 40 -0.479173 ;
8 40 -0.005719497 ;
9 40 -0.7521349 ;
11 40 -0.8192044 ;
16 40 -0.8521497 ;
19 40 -0.04795253 ;
20 40 -0.04469455 ;
21 40 0.3838412 ;
22 40 -0.09505372 ;
26 40 0.4208007 ;
27 40 0.8643542 ;
30 40 0.695707 ;
31 40 -0.9284374 ;
33 40 0.1052986 ;
34 40 0.322748 ;
1 41 -0.5991003 ;
2 41 0.1074083 ;
3 41 0.3004492 ;
4 41 -0.7152823 ;
5 41 0.9687756 ;
11 41 -0.1427436 ;
12 41 -0.09601985 ;
13 41 0.8031327 ;
14 41 -0.4936413 ;
15 41 -0.9012991 ;
16 41 0.3835411 ;
19 41 -0.6361409 ;
20 41 -0.4578517 ;
24 41 -0.04638071 ;
26 41 -0.4314363 ;
27 41 -0.2156623 ;
28 41 0.3827022 ;
29 41 0.4074199 ;
30 41 0.8054497 ;
32 41 -0.8222649 ;
34 41 0.9142636 ;
35 41 0.7056867 ;
36 41 -0.08501446 ;
37 41 -0.9538323 ;
39 41 -0.8009941 ;
40 41 -0.9704848 ;
2 42 0.09186175 ;
3 42 0.4500434 ;
8 42 0.5876861 ;
9 42 -0.03156513 ;
10 42 -0.4305782 ;
11 42 0.8070008 ;
12 42 0.9340619 ;
13 42 0.3663069 ;
15 42 0.7074146 ;
18 42 0.3678706 ;
19 42 -0.1560867 ;
20 42 -0.933119 ;
21 42 0.8105923 ;
23 42 -0.3052918 ;
24 42 0.150907 ;
25 42 -0.7917481 ;
28 42 -0.8346705 ;
29 42 0.9939417 ;
32 42 -0.3629286 ;
33 42 0.9777267 ;
37 42 -0.8937814 ;
38 42 0.2898275 ;
40 42 0.6329558 ;
41 42 -0.01379708 ;
1 43 -0.7061809 ;
2 43 -0.6098216 ;
4 43 -0.05339393 ;
7 43 0.9872218 ;
8 43 0.6270725 ;
11 43 -0.9088256 ;
12 43 0.6666969 ;
17 43 -0.5201851 ;
21 43 -0.7772462 ;
22 43 -0.100216 ;
23 43 -0.2629381 ;
27 43 -0.4269835 ;
28 43 -0.5017356 ;
30 43 -0.1237597 ;
33 43 0.1828912 ;
34 43 0.1129793 ;
37 43 -0.9092721 ;
41 43 -0.3166937 ;
42 43 -0.6294021 ;
2 44 -0.2594382 ;
3 44 -0.4069476 ;
4 44 -0.7540294 ;
5 44 -0.5523478 ;
8 44 0.8658727 ;
9 44 0.2534818 ;
12 44 0.2883229 ;
13 44 0.252527 ;
18 44 -0.6985442 ;
19 44 -0.4559368 ;
21 44 -0.3447517 ;
26 44 -0.8251161 ;
28 44 0.1705126 ;
32 44 0.1517641 ;
33 44 0.5382973 ;
34 44 -0.6490531 ;
39 44 -0.9979051 ;
41 44 0.7382613 ;
42 44 0.3923016 ;
43 44 0.646105 ;
0 45 0.08510432 ;
3 45 0.5694944 ;
4 45 0.7247166 ;
5 45 -0.8385926 ;
6 45 -0.09264754 ;
7 45 -0.9700619 ;
10 45 -0.1433025 ;
12 45 0.5624108 ;
13 45 -0.2286531 ;
14 45 0.2476688 ;
15 45 0.8407544 ;
17 45 -0.2898578 ;
18 45 0.4794472 ;
21 45 -0.5064455 ;
26 45 0.8222727 ;
28 45 0.08472251 ;
29 45 -0.5432057 ;
30 45 -0.2743552 ;
32 45 0.810843 ;
35 45 -0.7763309 ;
39 45 -0.6939979 ;
40 45 0.8188663 ;
42 45 -0.9746209 ;
43 45 -0.02243292 ;
44 45 0.7256868 ;
0 46 -0.7098505 ;
2 46 -0.634804 ;
3 46 0.6287382 ;
6 46 0.298578 ;
7 46 -0.6688062 ;
14 46 -0.6139927 ;
15 46 -0.5639798 ;
16 46 -0.02108442 ;
21 46 -0.2784846 ;
26 46 0.4454515 ;
27 46 -0.2279445 ;
30 46 -0.9033984 ;
32 46 0.1996328 ;
36 46 0.9767206 ;
40 46 -0.7393435 ;
41 46 0.7237858 ;
42 46 0.3428613 ;
43 46 0.2128546 ;
44 46 0.6700828 ;
45 46 -0.9004925 ;
2 47 0.8204569 ;
4 47 -0.9500148 ;
7 47 -0.2936249 ;
8 47 -0.7859598 ;
9 47 -0.02660483 ;
10 47 0.9640051 ;
12 47 0.3381337 ;
15 47 -0.0392118 ;
17 47 -0.7076672 ;
21 47 -0.2905235 ;
22 47 -0.5448145 ;
23 47 0.6450234 ;
25 47 -0.5722626 ;
27 47 -0.4248711 ;
30 47 -0.1610847 ;
31 47 0.2939355 ;
32 47 0.9108336 ;
37 47 0.2954316 ;
38 47 0.2669115 ;
40 47 0.5600943 ;
41 47 -0.2388042 ;
42 47 -0.2934487 ;
44 47 0.7800712 ;
46 47 -0.8898659 ;
0 48 0.3709161 ;
1 48 -0.4194938 ;
2 48 -0.4379469 ;
3 48 0.5496314 ;
6 48 0.6316345 ;
9 48 0.6397503 ;
10 48 -0.5926827 ;
12 48 -0.9065111 ;
13 48 0.2546716 ;
14 48 -0.07693668 ;
15 48 -0.06945106 ;
16 48 0.651054 ;
17 48 0.05704652 ;
18 48 0.1406011 ;
20 48 -0.7807196 ;
25 48 -0.5427167 ;
30 48 0.8383668 ;
33 48 -0.1408219 ;
34 48 -0.476546 ;
37 48 -0.1588425 ;
40 48 0.9938817 ;
41 48 -0.5039548 ;
42 48 0.438569 ;
43 48 -0.07927821 ;
44 48 -0.7561088 ;
47 48 0.3592241 ;
1 49 -0.9656519 ;
2 49 -0.8819484 ;
3 49 0.7824007 ;
4 49 -0.9093107 ;
9 49 -0.1971394 ;
15 49 0.3610451 ;
18 49 -0.5486484 ;
20 49 0.7124368 ;
22 49 -0.713522 ;
23 49 -0.7470938 ;
25 49 0.9475466 ;
26 49 -0.002016248 ;
27 49 -0.1683217 ;
28 49 0.02931219 ;
29 49 -0.02763907 ;
30 49 0.1657957 ;
31 49 0.7116062 ;
33 49 0.8101541 ;
36 49 -0.3591881 ;
37 49 -0.2515565 ;
38 49 0.5997651 ;
40 49 -0.9217973 ;
41 49 -0.2728244 ;
46 49 -0.2415218 ;
47 49 -0.5540941 ]