n =  45
taille =  786
Mat = [0 1 0.8014467 ;
0 2 -0.7144549 ;
0 3 0.1556954 ;
1 3 -0.7084697 ;
2 3 -0.254629 ;
0 4 -0.7474411 ;
1 4 0.5280496 ;
2 4 0.7790633 ;
3 4 -0.4513125 ;
0 5 0.0371339 ;
1 5 -0.02749798 ;
2 5 -0.4060638 ;
3 5 0.7428956 ;
4 5 -0.1036075 ;
0 6 0.3447493 ;
2 6 -0.490577 ;
3 6 0.8597595 ;
4 6 0.1777211 ;
5 6 -0.640522 ;
1 7 -0.7534358 ;
3 7 -0.5087902 ;
5 7 0.7251116 ;
0 8 -0.2675993 ;
1 8 0.1771334 ;
2 8 0.3453201 ;
3 8 -0.8251173 ;
4 8 -0.221726 ;
5 8 -0.1567501 ;
7 8 0.6533662 ;
0 9 0.6201573 ;
1 9 0.9737938 ;
2 9 0.7444832 ;
3 9 0.8609914 ;
4 9 0.229325 ;
5 9 0.0796075 ;
6 9 -0.5416463 ;
8 9 -0.6341742 ;
0 10 0.05636361 ;
1 10 0.9076951 ;
2 10 -0.9407652 ;
3 10 0.4672643 ;
4 10 -0.1282559 ;
5 10 0.8813968 ;
7 10 -0.02744513 ;
8 10 -0.4410367 ;
9 10 0.07986464 ;
0 11 0.7465645 ;
1 11 -0.3895606 ;
2 11 0.8686308 ;
3 11 -0.8154063 ;
4 11 -0.7473273 ;
5 11 0.4925654 ;
6 11 0.04782328 ;
9 11 0.357796 ;
10 11 -0.8527728 ;
0 12 -0.7154356 ;
1 12 0.9191136 ;
2 12 -0.5942144 ;
3 12 -0.3781924 ;
4 12 0.8591959 ;
5 12 0.775815 ;
6 12 0.2814873 ;
7 12 0.9567517 ;
8 12 0.6467656 ;
10 12 -0.03885138 ;
0 13 -0.8920328 ;
1 13 -0.2702327 ;
2 13 -0.1254183 ;
4 13 0.6884133 ;
6 13 0.09816938 ;
7 13 -0.5707178 ;
8 13 0.5099868 ;
9 13 0.4365923 ;
10 13 -0.7912747 ;
11 13 0.08602806 ;
12 13 0.0963714 ;
0 14 0.7965695 ;
1 14 -0.7996111 ;
2 14 -0.870171 ;
3 14 -0.1232095 ;
5 14 -0.2918944 ;
6 14 -0.7542667 ;
7 14 0.9703152 ;
8 14 0.6683372 ;
9 14 -0.8756072 ;
10 14 -0.8075383 ;
11 14 -0.1988419 ;
12 14 -0.7750253 ;
13 14 0.9832262 ;
0 15 -0.7284684 ;
2 15 0.05973599 ;
3 15 -0.6576179 ;
4 15 -0.4682608 ;
5 15 0.04949376 ;
6 15 -0.3224475 ;
8 15 0.6163704 ;
9 15 0.5820029 ;
10 15 -0.9811792 ;
12 15 0.6035606 ;
13 15 -0.3684401 ;
14 15 0.9737656 ;
0 16 0.5537554 ;
1 16 -0.3945732 ;
3 16 -0.2779687 ;
4 16 -0.3634814 ;
6 16 -0.5095577 ;
8 16 0.3883766 ;
9 16 -0.2838823 ;
10 16 -0.1230763 ;
11 16 0.9824789 ;
12 16 -0.1606082 ;
13 16 -0.4507745 ;
14 16 -0.02620077 ;
15 16 -0.6228451 ;
0 17 -0.1171437 ;
1 17 0.7370885 ;
2 17 0.4818021 ;
3 17 0.3582691 ;
4 17 -0.6209648 ;
5 17 0.8804888 ;
6 17 0.1948986 ;
7 17 -0.3682594 ;
8 17 0.6611012 ;
9 17 0.8813725 ;
10 17 0.4239185 ;
11 17 -0.3434901 ;
12 17 -0.7528454 ;
14 17 -0.3551583 ;
15 17 0.1210105 ;
16 17 -0.1348374 ;
0 18 -0.5154788 ;
1 18 0.2453982 ;
2 18 0.5941599 ;
3 18 -0.2578329 ;
4 18 -0.1741137 ;
6 18 0.5532003 ;
7 18 -0.1618907 ;
9 18 0.993311 ;
10 18 -0.8199783 ;
11 18 -0.4501583 ;
12 18 0.4559699 ;
13 18 -0.5096466 ;
14 18 0.52141 ;
15 18 -0.2277812 ;
16 18 -0.9494216 ;
17 18 0.3029106 ;
0 19 0.3573332 ;
1 19 0.927092 ;
2 19 -0.9400654 ;
3 19 -0.653987 ;
4 19 0.3816999 ;
5 19 -0.6130124 ;
6 19 0.6135769 ;
8 19 0.6680268 ;
9 19 0.6222845 ;
10 19 -0.1141172 ;
11 19 -0.2664909 ;
12 19 0.1918806 ;
13 19 -0.2472309 ;
14 19 -0.7200161 ;
16 19 -0.4415199 ;
17 19 -0.3573715 ;
0 20 -0.8266539 ;
1 20 -0.1837506 ;
3 20 -0.176319 ;
4 20 -0.7587998 ;
5 20 -0.403431 ;
7 20 -0.9613305 ;
8 20 -0.3407734 ;
9 20 0.07894792 ;
11 20 0.4953864 ;
12 20 -0.3908819 ;
13 20 -0.1300643 ;
14 20 0.5783452 ;
15 20 -0.03204107 ;
17 20 -0.3648405 ;
0 21 -0.1805766 ;
1 21 0.9584574 ;
2 21 0.2789569 ;
3 21 0.0408005 ;
4 21 0.7840379 ;
6 21 -0.6045827 ;
7 21 0.3877068 ;
8 21 -0.05553806 ;
9 21 -0.6332293 ;
10 21 0.02457308 ;
11 21 -0.08565441 ;
13 21 0.5488624 ;
14 21 -0.7922667 ;
17 21 -0.5029496 ;
18 21 -0.827002 ;
19 21 -0.1012263 ;
20 21 0.7736845 ;
0 22 0.7703026 ;
1 22 0.972743 ;
2 22 0.857278 ;
4 22 -0.08608104 ;
5 22 -0.910931 ;
6 22 0.7383709 ;
8 22 0.5423824 ;
9 22 -0.6915261 ;
10 22 -0.04505822 ;
12 22 0.4743827 ;
14 22 -0.3100251 ;
16 22 -0.2969736 ;
17 22 -0.5187784 ;
18 22 0.4573997 ;
20 22 0.2068407 ;
21 22 0.8790011 ;
0 23 0.7609158 ;
1 23 -0.542069 ;
2 23 0.3084954 ;
3 23 -0.7899804 ;
4 23 0.9455354 ;
5 23 -0.1231002 ;
6 23 0.05016974 ;
8 23 0.4632982 ;
9 23 -0.8237634 ;
10 23 0.9130576 ;
11 23 0.6984549 ;
12 23 -0.3024887 ;
13 23 0.8862384 ;
14 23 -0.7057068 ;
15 23 -0.7055401 ;
16 23 0.04705053 ;
17 23 -0.06263997 ;
18 23 -0.2532349 ;
19 23 0.4032403 ;
20 23 -0.9588464 ;
21 23 0.2222567 ;
22 23 0.03870504 ;
3 24 0.6673745 ;
7 24 -0.4537191 ;
9 24 0.768397 ;
10 24 -0.9396811 ;
11 24 -0.8183734 ;
12 24 -0.6650608 ;
13 24 -0.3365998 ;
17 24 -0.1728574 ;
18 24 -0.9156026 ;
19 24 0.4711441 ;
20 24 -0.4127103 ;
21 24 0.6310105 ;
22 24 0.1311974 ;
0 25 -0.5548888 ;
1 25 -0.6899377 ;
2 25 -0.6107093 ;
3 25 -0.4904262 ;
6 25 0.3383775 ;
7 25 -0.8273838 ;
8 25 0.8941174 ;
9 25 0.6618755 ;
10 25 0.8681662 ;
12 25 0.9272319 ;
13 25 0.5625255 ;
14 25 0.8701507 ;
15 25 -0.245802 ;
16 25 -0.07421155 ;
17 25 0.5287886 ;
18 25 0.08890261 ;
19 25 0.01911676 ;
20 25 -0.4518786 ;
21 25 0.05014614 ;
22 25 -0.204698 ;
23 25 0.1619777 ;
0 26 0.7220552 ;
1 26 0.7881823 ;
2 26 0.4853781 ;
3 26 -0.3641994 ;
4 26 0.7638363 ;
5 26 0.1195546 ;
7 26 0.5290329 ;
8 26 0.3750496 ;
9 26 -0.8755218 ;
12 26 0.5789389 ;
13 26 -0.8933575 ;
14 26 0.3104531 ;
16 26 0.3179771 ;
18 26 -0.9487664 ;
20 26 -0.8900366 ;
22 26 0.7201666 ;
23 26 0.5091637 ;
24 26 0.4104534 ;
0 27 -0.4657953 ;
1 27 0.2306054 ;
2 27 0.4778518 ;
4 27 -0.9659624 ;
5 27 -0.2889422 ;
7 27 -0.7255323 ;
8 27 -0.682579 ;
9 27 0.4226649 ;
10 27 -0.1416375 ;
11 27 -0.5734687 ;
13 27 -0.6921429 ;
14 27 0.9102986 ;
15 27 0.7068162 ;
16 27 -0.8934922 ;
18 27 -0.4491735 ;
19 27 0.2452934 ;
22 27 0.1299503 ;
25 27 -0.1317861 ;
26 27 0.4263554 ;
0 28 -0.2949052 ;
1 28 -0.6926938 ;
2 28 -0.0263056 ;
3 28 -0.5456933 ;
4 28 0.6372841 ;
5 28 -0.9784252 ;
7 28 0.1662894 ;
8 28 0.894816 ;
9 28 -0.3097902 ;
10 28 0.5143951 ;
11 28 -0.9731209 ;
12 28 0.6271077 ;
13 28 -0.9637097 ;
15 28 0.4454405 ;
16 28 -0.148796 ;
17 28 0.5777114 ;
19 28 0.008999615 ;
20 28 0.3590193 ;
21 28 0.1519422 ;
22 28 -0.9417748 ;
23 28 0.8113534 ;
25 28 -0.138851 ;
27 28 -0.3410402 ;
0 29 0.3844682 ;
1 29 0.9872346 ;
5 29 -0.4321217 ;
6 29 -0.01697286 ;
9 29 -0.4027462 ;
10 29 0.7532456 ;
11 29 -0.4550424 ;
12 29 -0.01255247 ;
14 29 -0.4460969 ;
15 29 -0.195057 ;
18 29 0.311322 ;
19 29 -0.3764608 ;
20 29 -0.5179371 ;
21 29 -0.4194547 ;
22 29 -0.7396994 ;
23 29 0.47239 ;
24 29 -0.0623996 ;
25 29 -0.2503136 ;
26 29 0.7383007 ;
27 29 -0.09584412 ;
0 30 -0.9597199 ;
1 30 -0.9861793 ;
2 30 0.7181639 ;
3 30 -0.1535066 ;
4 30 0.0533608 ;
5 30 0.006698821 ;
6 30 0.853304 ;
7 30 -0.6579481 ;
9 30 -0.9022589 ;
11 30 0.5960378 ;
12 30 -0.05184648 ;
14 30 -0.7868013 ;
15 30 -0.6900685 ;
16 30 -0.815566 ;
17 30 0.4707844 ;
18 30 -0.04404699 ;
19 30 0.8410927 ;
20 30 0.6787924 ;
21 30 0.7504387 ;
22 30 -0.6261363 ;
23 30 0.9825414 ;
24 30 0.9168073 ;
26 30 0.431326 ;
27 30 0.4223121 ;
28 30 0.6733787 ;
29 30 0.3599915 ;
1 31 0.466148 ;
2 31 -0.927415 ;
3 31 0.8090181 ;
4 31 -0.03301064 ;
5 31 0.3565011 ;
8 31 -0.2330655 ;
9 31 0.3065638 ;
10 31 0.2654053 ;
11 31 0.6216013 ;
12 31 0.5979942 ;
14 31 0.9263251 ;
16 31 -0.7753086 ;
17 31 -0.9643567 ;
18 31 -0.6817439 ;
19 31 -0.9815126 ;
20 31 -0.9711064 ;
21 31 0.511716 ;
22 31 -0.03267862 ;
23 31 -0.9573992 ;
24 31 -0.07171388 ;
27 31 -0.1200357 ;
28 31 -0.7744945 ;
29 31 -0.6507573 ;
30 31 -0.7536905 ;
0 32 -0.2423778 ;
1 32 -0.3317392 ;
3 32 0.3258264 ;
4 32 -0.1984732 ;
5 32 -0.2356035 ;
6 32 -0.2721499 ;
7 32 -0.2143883 ;
8 32 -0.5154165 ;
9 32 0.2317323 ;
10 32 -0.3090308 ;
12 32 0.2935762 ;
13 32 0.7550781 ;
14 32 -0.3855462 ;
16 32 -0.3121547 ;
18 32 -0.5452249 ;
19 32 -0.4060601 ;
20 32 0.08754003 ;
21 32 0.530745 ;
22 32 -0.9572011 ;
23 32 -0.5450705 ;
25 32 0.3940328 ;
26 32 0.9898157 ;
27 32 -0.493428 ;
29 32 0.361251 ;
30 32 0.8724114 ;
31 32 0.9444079 ;
0 33 -0.08659256 ;
2 33 0.308071 ;
3 33 -0.04121939 ;
4 33 0.1523027 ;
5 33 0.4607187 ;
6 33 -0.09266352 ;
7 33 0.9124124 ;
8 33 -0.8925934 ;
9 33 -0.6157639 ;
10 33 -0.02294698 ;
11 33 0.9463482 ;
12 33 -0.2698038 ;
13 33 -0.6269534 ;
14 33 0.1928967 ;
15 33 0.4421372 ;
16 33 -0.8932679 ;
17 33 -0.9547615 ;
18 33 0.2406263 ;
20 33 0.6348271 ;
22 33 0.2137336 ;
23 33 -0.9443771 ;
24 33 0.8906596 ;
26 33 -0.7510976 ;
28 33 0.4046446 ;
29 33 0.1951831 ;
31 33 0.2755134 ;
32 33 0.2267873 ;
0 34 -0.04257797 ;
1 34 -0.4096817 ;
3 34 0.2701812 ;
4 34 0.436315 ;
5 34 -0.7774111 ;
6 34 0.949561 ;
9 34 0.6662779 ;
10 34 0.7701712 ;
11 34 -0.3263603 ;
12 34 -0.8147641 ;
14 34 -0.4486065 ;
16 34 0.2647577 ;
17 34 -0.1210751 ;
18 34 0.2513459 ;
19 34 0.5245329 ;
22 34 0.03746316 ;
23 34 0.680543 ;
24 34 0.8271727 ;
25 34 -0.9884067 ;
26 34 0.4403982 ;
27 34 0.8649606 ;
28 34 -0.1863111 ;
29 34 0.5666674 ;
30 34 -0.0835111 ;
31 34 -0.8055119 ;
32 34 0.0690712 ;
33 34 -0.8801425 ;
2 35 0.5510446 ;
3 35 -0.375275 ;
4 35 0.8381327 ;
5 35 -0.7327833 ;
6 35 -0.8000516 ;
8 35 0.5027494 ;
9 35 0.6788173 ;
10 35 -0.7767502 ;
11 35 0.1497976 ;
12 35 0.8766183 ;
13 35 0.8105503 ;
14 35 0.983824 ;
15 35 -0.8204059 ;
17 35 0.6409308 ;
18 35 0.8088378 ;
19 35 -0.4531003 ;
20 35 0.1304226 ;
21 35 -0.842939 ;
22 35 0.8047497 ;
23 35 -0.8631095 ;
24 35 0.242445 ;
25 35 0.1727513 ;
26 35 -0.617178 ;
27 35 0.9145053 ;
29 35 0.2796537 ;
30 35 -0.6044321 ;
31 35 -0.538383 ;
32 35 -0.7198442 ;
34 35 0.3524294 ;
0 36 0.5886453 ;
2 36 -0.8508016 ;
5 36 0.2779646 ;
6 36 -0.6042621 ;
9 36 -0.8108089 ;
10 36 0.6347063 ;
12 36 -0.8106957 ;
13 36 0.1082954 ;
14 36 0.5928921 ;
16 36 0.4658811 ;
17 36 -0.1564927 ;
18 36 0.5523352 ;
20 36 -0.4187066 ;
22 36 -0.4973662 ;
25 36 0.2422098 ;
26 36 0.9857584 ;
27 36 -0.4798914 ;
28 36 0.3029096 ;
29 36 0.02537318 ;
30 36 0.09713785 ;
32 36 0.3768393 ;
33 36 0.9251151 ;
34 36 -0.3758807 ;
35 36 0.1745723 ;
0 37 0.2630303 ;
2 37 -0.5377497 ;
3 37 0.7089194 ;
4 37 0.9931196 ;
6 37 0.8622994 ;
9 37 -0.8319481 ;
10 37 -0.1896142 ;
12 37 -0.5337319 ;
15 37 -0.1311977 ;
16 37 0.5782191 ;
17 37 -0.2734888 ;
19 37 -0.8403757 ;
21 37 -0.3681331 ;
22 37 0.2206974 ;
23 37 -0.4531763 ;
24 37 -0.8635566 ;
26 37 0.1781934 ;
27 37 -0.9853018 ;
28 37 0.4008336 ;
29 37 -0.6175007 ;
30 37 0.947402 ;
31 37 -0.9367728 ;
32 37 0.8131469 ;
34 37 -0.7249475 ;
35 37 0.8180517 ;
0 38 -0.4613745 ;
1 38 -0.8322438 ;
2 38 0.04688105 ;
3 38 0.669196 ;
4 38 0.3495862 ;
5 38 -0.5905766 ;
6 38 -0.786548 ;
7 38 -0.03113582 ;
8 38 0.8221054 ;
9 38 0.2903453 ;
10 38 0.5257975 ;
12 38 0.8146609 ;
13 38 -0.8936506 ;
14 38 -0.0664363 ;
15 38 0.5543341 ;
16 38 -0.5959472 ;
17 38 -0.2435436 ;
18 38 0.5253286 ;
19 38 -0.2330291 ;
20 38 -0.7370677 ;
21 38 -0.9548131 ;
23 38 -0.783444 ;
25 38 -0.2622334 ;
26 38 0.5907191 ;
27 38 -0.1577911 ;
28 38 -0.994516 ;
29 38 -0.05703635 ;
30 38 0.2615541 ;
31 38 -0.02391099 ;
33 38 -0.932373 ;
34 38 0.6034242 ;
35 38 -0.7103408 ;
37 38 0.4362894 ;
0 39 0.4002479 ;
1 39 -0.9519163 ;
2 39 0.8009132 ;
4 39 -0.544233 ;
5 39 -0.6044548 ;
6 39 0.2556237 ;
7 39 -0.1468967 ;
8 39 -0.001846265 ;
10 39 -0.575286 ;
12 39 0.752438 ;
13 39 0.1520594 ;
14 39 -0.1024901 ;
16 39 0.4011191 ;
19 39 -0.6057535 ;
20 39 -0.08644449 ;
21 39 0.03171146 ;
22 39 -0.532181 ;
23 39 -0.5578131 ;
24 39 -0.8596033 ;
25 39 0.4393584 ;
28 39 -0.831249 ;
31 39 0.2653589 ;
32 39 -0.3639645 ;
33 39 0.9303537 ;
34 39 0.4402402 ;
35 39 -0.8079453 ;
37 39 -0.6056691 ;
38 39 -0.4574197 ;
0 40 0.3682745 ;
1 40 0.4563316 ;
2 40 0.3847729 ;
4 40 0.3604944 ;
6 40 0.08879603 ;
7 40 0.1018025 ;
9 40 -0.5561724 ;
12 40 0.424084 ;
13 40 0.3783894 ;
15 40 -0.04401321 ;
16 40 0.6424871 ;
17 40 0.06481497 ;
18 40 -0.5599671 ;
20 40 -0.1583811 ;
21 40 0.02451534 ;
22 40 -0.2633895 ;
24 40 -0.4774307 ;
26 40 -0.6397792 ;
29 40 -0.5711163 ;
30 40 -0.5690785 ;
31 40 0.4821115 ;
32 40 0.03239863 ;
33 40 0.306156 ;
34 40 -0.2492931 ;
35 40 -0.9398614 ;
37 40 -0.6647615 ;
38 40 0.6710675 ;
39 40 -0.9856884 ;
1 41 -0.0787152 ;
2 41 0.07153058 ;
4 41 0.637273 ;
5 41 0.3207293 ;
6 41 -0.3460908 ;
7 41 -0.9680876 ;
8 41 0.7956042 ;
9 41 -0.3539301 ;
10 41 -0.2138701 ;
11 41 -0.5171119 ;
12 41 -0.7973993 ;
13 41 0.7763183 ;
14 41 0.4485348 ;
15 41 0.1251497 ;
16 41 0.1218571 ;
17 41 0.2891072 ;
18 41 0.615788 ;
19 41 0.5276354 ;
20 41 0.03841575 ;
21 41 -0.8897083 ;
22 41 0.600297 ;
23 41 -0.244459 ;
24 41 0.9882163 ;
25 41 0.9940054 ;
27 41 -0.7487408 ;
30 41 -0.9614631 ;
31 41 0.00722264 ;
32 41 0.2357406 ;
33 41 0.5406511 ;
34 41 0.5490256 ;
36 41 -0.9944724 ;
37 41 0.840143 ;
39 41 -0.1695384 ;
40 41 0.6644956 ;
0 42 -0.5058603 ;
1 42 -0.2929812 ;
2 42 0.7048852 ;
3 42 0.9917307 ;
4 42 -0.01408994 ;
5 42 0.8202058 ;
6 42 -0.3686575 ;
8 42 0.5476631 ;
9 42 -0.08312021 ;
10 42 0.8856278 ;
11 42 0.8229006 ;
12 42 -0.6359062 ;
13 42 -0.7921584 ;
14 42 0.2942593 ;
15 42 -0.1732267 ;
16 42 0.5719155 ;
17 42 0.2079156 ;
18 42 -0.39779 ;
19 42 -0.3840057 ;
20 42 0.3335311 ;
21 42 -0.706538 ;
23 42 0.4352006 ;
25 42 -0.6298739 ;
26 42 -0.2462399 ;
27 42 -0.7694268 ;
28 42 0.6817869 ;
29 42 0.6893812 ;
30 42 -0.5700871 ;
31 42 0.186816 ;
32 42 0.2068483 ;
33 42 0.1081299 ;
34 42 -0.05754454 ;
35 42 0.7623831 ;
36 42 0.770797 ;
38 42 0.764502 ;
39 42 0.1890893 ;
41 42 0.9039601 ;
0 43 -0.8301173 ;
1 43 -0.2800607 ;
2 43 0.05901982 ;
4 43 0.1336032 ;
5 43 0.4297304 ;
6 43 -0.6521891 ;
7 43 -0.5656367 ;
8 43 -0.6313348 ;
9 43 0.555496 ;
10 43 0.9805357 ;
11 43 -0.6703263 ;
12 43 0.9236371 ;
13 43 -0.2986006 ;
14 43 0.387745 ;
17 43 -0.5521175 ;
18 43 -0.8175072 ;
20 43 -0.9626009 ;
21 43 0.2524845 ;
22 43 0.9407207 ;
23 43 -0.9721543 ;
24 43 -0.6014793 ;
25 43 -0.9486953 ;
27 43 0.1967342 ;
29 43 0.7747373 ;
30 43 -0.1071457 ;
31 43 0.929697 ;
32 43 0.3021354 ;
34 43 -0.7423657 ;
35 43 0.5532958 ;
36 43 0.1197312 ;
37 43 -0.02619522 ;
38 43 -0.5746761 ;
39 43 0.7965942 ;
40 43 0.3033683 ;
41 43 0.1817835 ;
42 43 -0.7780007 ;
0 44 -0.4409015 ;
1 44 0.5366668 ;
2 44 0.4591925 ;
4 44 -0.4851903 ;
6 44 0.4917035 ;
7 44 0.03887392 ;
9 44 -0.5028671 ;
10 44 0.8746912 ;
12 44 -0.0938259 ;
13 44 0.643393 ;
14 44 0.6425897 ;
15 44 0.8677904 ;
16 44 0.05484246 ;
18 44 -0.9577412 ;
19 44 0.0209223 ;
20 44 0.7965305 ;
21 44 0.8540406 ;
22 44 -0.06245144 ;
23 44 -0.9355456 ;
24 44 0.0997777 ;
25 44 -0.3777344 ;
26 44 0.3206539 ;
27 44 0.5232498 ;
28 44 0.5099972 ;
29 44 -0.2346714 ;
30 44 0.4739483 ;
31 44 -0.6558608 ;
32 44 -0.5025897 ;
33 44 -0.2907656 ;
34 44 0.3794852 ;
35 44 -0.7279827 ;
36 44 -0.7538163 ;
37 44 0.6955454 ;
39 44 -0.03027147 ;
40 44 -0.7200431 ;
41 44 -0.7311674 ;
42 44 -0.2621256 ]