n =  30
taille =  207
Mat = [0 1 0.2948303 ;
1 3 -0.2318823 ;
2 3 -0.09449186 ;
0 4 -0.1653297 ;
2 4 -0.6276742 ;
4 5 0.9969396 ;
0 6 -0.4264845 ;
4 6 0.3665914 ;
2 7 0.8368796 ;
4 7 -0.1261359 ;
5 7 -0.06352227 ;
0 8 -0.3264015 ;
1 8 -0.5370827 ;
2 8 0.7490304 ;
3 8 -0.3610986 ;
5 8 0.3902019 ;
6 8 -0.00545474 ;
7 8 0.439271 ;
1 9 -0.4056979 ;
3 9 0.1763508 ;
4 9 -0.04632784 ;
5 9 -0.7547979 ;
6 9 0.128218 ;
7 9 -0.1998551 ;
8 9 0.2362798 ;
0 10 -0.4793102 ;
1 10 -0.309096 ;
2 10 -0.2319521 ;
4 10 0.909408 ;
5 10 0.7505682 ;
8 10 -0.4603943 ;
9 10 -0.4231766 ;
4 11 0.02851433 ;
8 11 0.4075501 ;
10 11 -0.9925435 ;
4 12 0.03387219 ;
8 12 0.9158541 ;
10 12 -0.007781836 ;
11 12 -0.4796775 ;
4 13 -0.09290956 ;
7 13 0.07001633 ;
12 13 -0.5925028 ;
0 14 -0.2895822 ;
1 14 0.6250298 ;
2 14 -0.6026678 ;
3 14 -0.1303277 ;
4 14 0.5207645 ;
6 14 0.6594037 ;
7 14 -0.1006829 ;
11 14 0.8830256 ;
12 14 0.2212852 ;
13 14 -0.7211083 ;
0 15 -0.8901201 ;
7 15 -0.7237353 ;
9 15 0.3457519 ;
11 15 -0.1223285 ;
14 15 0.9151266 ;
2 16 -0.02615901 ;
6 16 -0.8083234 ;
7 16 0.7432336 ;
8 16 -0.6971734 ;
11 16 -0.1437816 ;
12 16 -0.06110954 ;
13 16 -0.5829896 ;
14 16 -0.9478491 ;
0 17 -0.08269919 ;
4 17 -0.5311159 ;
6 17 -0.4319787 ;
10 17 -0.700084 ;
14 17 0.5593225 ;
15 17 0.4233716 ;
16 17 -0.6095344 ;
0 18 -0.3935344 ;
4 18 0.2931427 ;
5 18 -0.7239586 ;
6 18 -0.3802635 ;
7 18 0.2815018 ;
8 18 -0.8485532 ;
10 18 0.2093035 ;
11 18 0.2054526 ;
12 18 -0.3246485 ;
13 18 0.03545671 ;
15 18 -0.6366466 ;
16 18 0.2997609 ;
0 19 0.6033211 ;
4 19 0.5838378 ;
7 19 -0.1461964 ;
8 19 -0.567589 ;
10 19 -0.3690945 ;
11 19 0.8240497 ;
17 19 0.2655219 ;
18 19 0.2012461 ;
0 20 -0.3015647 ;
1 20 0.8401445 ;
2 20 -0.5865344 ;
5 20 0.6585851 ;
6 20 0.4547314 ;
7 20 -0.5818156 ;
12 20 0.04091467 ;
0 21 0.4427245 ;
2 21 -0.2547743 ;
5 21 -0.1812012 ;
6 21 0.4376073 ;
8 21 0.3188285 ;
12 21 0.8377883 ;
15 21 0.5520722 ;
16 21 -0.9568605 ;
18 21 -0.1202348 ;
19 21 0.6622639 ;
20 21 0.4111749 ;
0 22 -0.4734484 ;
2 22 0.6261095 ;
4 22 -0.3965715 ;
6 22 0.8836751 ;
9 22 -0.04673825 ;
11 22 -0.4064563 ;
14 22 0.7869563 ;
15 22 -0.7878281 ;
18 22 0.9584948 ;
0 23 0.630061 ;
1 23 -0.113291 ;
6 23 0.9383927 ;
14 23 -0.7888372 ;
17 23 -0.2183992 ;
22 23 0.609636 ;
1 24 -0.189315 ;
3 24 -0.8128912 ;
7 24 0.9015343 ;
8 24 -0.08473176 ;
10 24 0.03668549 ;
12 24 0.4404677 ;
13 24 0.2629168 ;
16 24 0.1726532 ;
17 24 0.5175968 ;
18 24 0.1376337 ;
23 24 0.1373151 ;
0 25 0.3133848 ;
1 25 0.4288275 ;
2 25 0.4156153 ;
5 25 -0.1173405 ;
6 25 -0.2859512 ;
7 25 -0.03399509 ;
9 25 0.5641145 ;
12 25 0.7594428 ;
14 25 -0.9434473 ;
15 25 -0.5157773 ;
16 25 -0.4908395 ;
17 25 0.04151511 ;
20 25 0.7977754 ;
21 25 -0.3604361 ;
22 25 -0.3840784 ;
1 26 -0.7728462 ;
2 26 -0.8412529 ;
6 26 0.4333923 ;
9 26 -0.8097737 ;
11 26 0.8199156 ;
15 26 0.5292619 ;
16 26 0.5700875 ;
19 26 0.4543881 ;
20 26 0.8451503 ;
22 26 -0.1983753 ;
23 26 -0.7367643 ;
1 27 -0.3907844 ;
4 27 0.8096096 ;
5 27 -0.5569235 ;
6 27 0.8922185 ;
8 27 0.9991644 ;
9 27 -0.1136016 ;
11 27 -0.4479226 ;
12 27 -0.6937171 ;
15 27 0.8431689 ;
20 27 -0.7357019 ;
22 27 0.4501709 ;
24 27 -0.2001917 ;
25 27 -0.2033266 ;
26 27 0.3936585 ;
1 28 -0.6219544 ;
4 28 -0.3573116 ;
8 28 -0.08987226 ;
11 28 0.2144375 ;
13 28 0.2187078 ;
16 28 -0.9638356 ;
17 28 0.2011808 ;
18 28 -0.1713558 ;
19 28 0.8280132 ;
22 28 0.531946 ;
23 28 -0.68843 ;
24 28 -0.511264 ;
25 28 -0.8962162 ;
26 28 0.6095865 ;
2 29 -0.820824 ;
3 29 0.8670288 ;
5 29 0.5653776 ;
6 29 0.1351194 ;
8 29 0.6285426 ;
9 29 0.5193027 ;
10 29 0.646114 ;
11 29 -0.9585285 ;
12 29 -0.7398878 ;
15 29 -0.9339064 ;
16 29 0.08685024 ;
17 29 0.6033957 ;
19 29 -0.08772752 ;
21 29 -0.5886546 ;
22 29 0.724782 ;
23 29 0.4724208 ;
28 29 -0.9848489 ]