n =  50
taille =  250
Mat = [2 3 0.8102899 ;
2 4 0.9494233 ;
2 5 0.9471723 ;
2 6 -0.2701237 ;
5 6 -0.7536791 ;
6 7 0.7159339 ;
1 8 -0.0007227585 ;
2 11 0.7178773 ;
3 11 -0.2572926 ;
7 11 -0.4507233 ;
10 11 -0.6078752 ;
0 12 -0.561035 ;
2 12 -0.9514308 ;
3 12 0.4895511 ;
6 12 -0.5644235 ;
11 13 -0.2165545 ;
12 13 0.8619372 ;
1 14 0.3721755 ;
8 14 -0.3217493 ;
11 14 -0.002276282 ;
4 15 -0.07933911 ;
9 15 0.5408967 ;
10 16 0.5168464 ;
14 17 -0.5161107 ;
2 19 -0.6305966 ;
4 19 -0.200954 ;
9 19 -0.7677087 ;
10 19 -0.7806557 ;
11 19 -0.5618318 ;
14 19 0.3999564 ;
15 19 -0.645815 ;
18 19 0.06979827 ;
3 20 0.5526355 ;
8 20 -0.9281384 ;
13 20 -0.5366271 ;
1 21 0.5280139 ;
9 21 -0.2852902 ;
19 21 -0.4244451 ;
2 22 0.8372189 ;
3 22 -0.4035485 ;
7 22 -0.5071054 ;
16 22 0.3464735 ;
18 22 0.978326 ;
19 22 0.05301713 ;
7 23 0.07664736 ;
14 23 0.2757819 ;
16 23 -0.8315724 ;
21 23 0.6123394 ;
1 24 -0.9419524 ;
2 24 0.4603552 ;
4 24 0.1715203 ;
5 24 -0.04055709 ;
8 24 -0.3145199 ;
13 24 0.6842355 ;
14 24 0.1120245 ;
20 24 0.9869693 ;
22 24 0.1356056 ;
1 25 0.4743742 ;
2 25 -0.29701 ;
9 25 0.9284504 ;
10 25 0.305942 ;
12 25 0.373826 ;
16 25 -0.6168867 ;
22 25 0.9376828 ;
24 25 -0.3401866 ;
3 26 0.2733577 ;
5 26 -0.3907261 ;
7 26 0.7860095 ;
9 26 -0.2757196 ;
11 26 0.8873928 ;
13 26 0.4390506 ;
17 26 0.3244562 ;
19 26 0.2753233 ;
24 26 -0.4497255 ;
8 27 0.748878 ;
14 27 -0.01429729 ;
16 27 0.6068541 ;
17 27 -0.7336753 ;
0 28 -0.1002414 ;
2 28 0.587011 ;
3 28 0.8138881 ;
8 28 0.6865737 ;
9 28 0.5269174 ;
10 28 -0.3261445 ;
17 28 -0.5773133 ;
19 28 -0.692783 ;
20 28 0.7002115 ;
24 28 0.2321135 ;
7 29 0.728447 ;
12 29 0.06436459 ;
13 29 -0.5778798 ;
16 29 -0.4749074 ;
18 29 -0.6843298 ;
19 29 -0.735114 ;
0 30 -0.3450782 ;
25 30 -0.6947029 ;
26 30 -0.8092434 ;
29 30 -0.9963234 ;
0 31 0.7286258 ;
6 31 0.5755669 ;
13 31 0.1678783 ;
14 31 0.5950058 ;
19 31 -0.006596461 ;
30 31 0.1225886 ;
5 32 -0.07601551 ;
8 32 0.9221974 ;
10 32 0.944675 ;
12 32 0.2653444 ;
15 32 -0.5863201 ;
18 32 -0.5229994 ;
24 32 0.8610508 ;
0 33 0.5995782 ;
1 33 0.6085964 ;
2 33 -0.7157912 ;
13 33 -0.8145172 ;
27 33 -0.04375028 ;
30 33 -0.3965119 ;
31 33 -0.1569238 ;
2 34 -0.806454 ;
14 34 -0.695002 ;
1 35 -0.8785618 ;
2 35 0.770146 ;
5 35 -0.3216922 ;
8 35 -0.5613659 ;
20 35 -0.0171748 ;
27 35 0.7775471 ;
1 36 -0.1316483 ;
5 36 0.6290025 ;
6 36 0.3439503 ;
7 36 -0.417823 ;
10 36 -0.6185738 ;
11 36 -0.2067975 ;
13 36 0.2439182 ;
17 36 -0.3714382 ;
18 36 -0.8531127 ;
21 36 0.1531573 ;
23 36 0.5747635 ;
26 36 -0.09462918 ;
30 36 -0.449009 ;
32 36 0.790484 ;
34 36 0.4628489 ;
4 37 -0.1642974 ;
8 37 0.1638991 ;
12 37 -0.9258296 ;
20 37 0.9961863 ;
22 37 0.2962667 ;
27 37 0.04300801 ;
31 37 0.9180738 ;
35 37 0.8543983 ;
36 37 0.9992842 ;
4 38 -0.2334665 ;
5 38 -0.006980341 ;
6 38 -0.2463978 ;
8 38 0.8300468 ;
12 38 0.01749896 ;
18 38 -0.7605492 ;
23 38 0.5567393 ;
27 38 0.6609022 ;
28 38 0.148006 ;
29 38 -0.03409675 ;
31 38 -0.8897822 ;
8 39 0.7037233 ;
18 39 -0.7702834 ;
22 39 0.5337026 ;
33 39 -0.1708239 ;
34 39 0.332718 ;
0 40 0.8326838 ;
11 40 -0.3677053 ;
24 40 -0.02269843 ;
25 40 0.9819069 ;
28 40 -0.407364 ;
31 40 -0.8836774 ;
33 40 -0.9939399 ;
36 40 -0.08931863 ;
39 40 0.228194 ;
0 41 0.5216196 ;
2 41 0.8840143 ;
18 41 0.7456987 ;
26 41 0.03685915 ;
35 41 0.1912183 ;
37 41 0.1682899 ;
0 42 0.4423673 ;
9 42 0.2560433 ;
15 42 0.4577099 ;
16 42 0.7013133 ;
19 42 0.8401755 ;
30 42 0.5339066 ;
39 42 0.4428013 ;
1 43 0.6819324 ;
5 43 -0.9210665 ;
15 43 -0.06846931 ;
16 43 -0.7027599 ;
31 43 0.8262817 ;
38 43 0.2464725 ;
39 43 0.1127285 ;
40 43 -0.9014341 ;
7 44 -0.7339028 ;
10 44 0.1810888 ;
11 44 -0.2289719 ;
26 44 0.6080826 ;
30 44 -0.823952 ;
38 44 0.8389407 ;
0 45 -0.1515865 ;
2 45 0.7669267 ;
11 45 0.1909922 ;
12 45 -0.31042 ;
14 45 -0.1334327 ;
16 45 0.9269257 ;
18 45 -0.6159737 ;
20 45 -0.2792441 ;
21 45 -0.4526474 ;
28 45 0.8832561 ;
29 45 -0.1841205 ;
39 45 -0.7818238 ;
4 46 -0.01910962 ;
6 46 0.6620038 ;
13 46 0.1385378 ;
16 46 -0.150087 ;
19 46 0.6443533 ;
22 46 0.7937415 ;
23 46 0.3352313 ;
28 46 -0.7769128 ;
35 46 0.6904166 ;
36 46 -0.7065007 ;
38 46 0.5299659 ;
40 46 -0.4791091 ;
1 47 0.8460406 ;
10 47 0.5541961 ;
19 47 0.7241024 ;
23 47 -0.6550561 ;
25 47 -0.01673238 ;
34 47 -0.6053333 ;
37 47 -0.8434063 ;
40 47 -0.8054422 ;
6 48 0.1828911 ;
11 48 -0.626165 ;
16 48 0.2486791 ;
36 48 0.1654626 ;
38 48 -0.4098531 ;
39 48 0.955115 ;
42 48 0.2992447 ;
2 49 0.8342557 ;
4 49 0.9518848 ;
7 49 -0.4769283 ;
9 49 -0.2641726 ;
12 49 0.09119447 ;
25 49 0.3388231 ;
33 49 0.8119277 ;
36 49 -0.2006459 ;
39 49 -0.3229342 ]