n =  30
taille =  351
Mat = [0 1 -0.8867101 ;
0 2 0.3125168 ;
1 2 -0.9352007 ;
0 3 -0.2266264 ;
1 3 -0.9427748 ;
2 3 -0.165694 ;
0 4 -0.561592 ;
1 4 -0.3273508 ;
3 4 0.1706072 ;
0 5 -0.8234733 ;
1 5 -0.1483489 ;
2 5 -0.5190253 ;
4 5 0.8132109 ;
1 6 -0.05794316 ;
4 6 0.881528 ;
5 6 0.176875 ;
2 7 0.8823271 ;
4 7 0.8773492 ;
5 7 -0.4124749 ;
6 7 -0.6523967 ;
0 8 0.3515206 ;
3 8 0.2462762 ;
4 8 0.9550046 ;
5 8 -0.5195062 ;
6 8 0.462711 ;
7 8 -0.1949134 ;
0 9 0.1613119 ;
1 9 0.5997514 ;
3 9 0.2409653 ;
5 9 0.5126214 ;
6 9 -0.3987588 ;
7 9 0.1951118 ;
8 9 0.6783559 ;
0 10 -0.04624326 ;
1 10 -0.6707874 ;
2 10 0.6383786 ;
3 10 0.2535037 ;
5 10 0.25185 ;
6 10 0.8256626 ;
8 10 0.3955822 ;
9 10 -0.2868182 ;
0 11 0.4321913 ;
1 11 -0.09992401 ;
2 11 0.1774567 ;
3 11 0.06589893 ;
4 11 -0.07203038 ;
5 11 0.838098 ;
6 11 -0.2270562 ;
7 11 0.5971599 ;
8 11 -0.5307725 ;
9 11 -0.6868659 ;
10 11 -0.1389719 ;
0 12 0.1088431 ;
1 12 -0.7726539 ;
2 12 0.1862998 ;
3 12 -0.6939093 ;
4 12 -0.3630094 ;
6 12 0.2964779 ;
7 12 -0.6817893 ;
9 12 -0.5415157 ;
10 12 -0.5026047 ;
11 12 0.5830646 ;
0 13 0.9824631 ;
1 13 -0.9904256 ;
3 13 -0.7207488 ;
4 13 0.6604553 ;
6 13 -0.3160047 ;
7 13 0.7234982 ;
8 13 -0.4208318 ;
9 13 0.789745 ;
10 13 -0.7933247 ;
11 13 0.0531124 ;
12 13 0.3756615 ;
0 14 0.7599053 ;
1 14 -0.5431519 ;
4 14 -0.2958072 ;
5 14 0.8219659 ;
6 14 0.8514121 ;
7 14 -0.02502917 ;
8 14 0.6464192 ;
9 14 0.007136605 ;
10 14 0.5575175 ;
11 14 -0.6095787 ;
12 14 0.4766988 ;
13 14 0.6617347 ;
0 15 -0.7723841 ;
1 15 -0.5665743 ;
2 15 -0.01810274 ;
4 15 -0.626784 ;
5 15 -0.8990844 ;
7 15 0.9281384 ;
8 15 0.4960279 ;
9 15 -0.8548023 ;
10 15 0.07553632 ;
11 15 -0.7529229 ;
13 15 -0.8068444 ;
14 15 0.1903989 ;
0 16 -0.4783045 ;
1 16 -0.2062168 ;
2 16 -0.5691671 ;
3 16 0.8326701 ;
4 16 0.9421656 ;
7 16 0.5106062 ;
9 16 -0.03723355 ;
10 16 0.2863848 ;
11 16 -0.624122 ;
12 16 0.09379817 ;
13 16 0.955215 ;
14 16 0.1741385 ;
15 16 -0.433013 ;
1 17 -0.376813 ;
2 17 -0.5767035 ;
3 17 -0.3624174 ;
4 17 -0.2625119 ;
5 17 -0.4965568 ;
7 17 -0.8482208 ;
9 17 0.4151975 ;
10 17 0.3109672 ;
11 17 -0.9692941 ;
12 17 -0.317544 ;
13 17 -0.04264436 ;
14 17 -0.1695508 ;
15 17 -0.1599992 ;
16 17 -0.1325258 ;
0 18 -0.3828522 ;
1 18 -0.1307246 ;
2 18 -0.2642629 ;
5 18 0.9616726 ;
6 18 0.00858662 ;
7 18 -0.3036712 ;
8 18 -0.722413 ;
9 18 -0.1439192 ;
11 18 -0.04944457 ;
12 18 0.4946723 ;
13 18 0.7985322 ;
14 18 -0.6907817 ;
15 18 -0.7936631 ;
16 18 -0.1438617 ;
17 18 0.1812734 ;
1 19 -0.5610811 ;
2 19 0.3108018 ;
4 19 -0.4275961 ;
5 19 0.08070663 ;
6 19 -0.6022497 ;
7 19 -0.8664612 ;
9 19 0.5640445 ;
10 19 -0.05701168 ;
11 19 -0.1071142 ;
12 19 -0.4485266 ;
13 19 -0.9007383 ;
14 19 -0.8981449 ;
15 19 -0.3414092 ;
16 19 -0.3709594 ;
0 20 0.4180317 ;
1 20 0.3681277 ;
2 20 -0.1179813 ;
3 20 0.7114246 ;
4 20 0.3128668 ;
5 20 0.1377246 ;
6 20 0.2457812 ;
7 20 -0.682243 ;
8 20 -0.9653124 ;
9 20 -0.4249076 ;
10 20 -0.5108555 ;
12 20 0.2029118 ;
13 20 0.3831643 ;
14 20 0.7571387 ;
15 20 0.2086843 ;
16 20 -0.06203846 ;
17 20 -0.2727002 ;
18 20 -0.3864031 ;
19 20 0.8601381 ;
0 21 0.6625026 ;
1 21 0.01618117 ;
2 21 -0.9747327 ;
3 21 0.8862515 ;
4 21 0.9992035 ;
5 21 0.006615772 ;
6 21 -0.2661481 ;
7 21 0.2421767 ;
8 21 0.953752 ;
9 21 0.1640842 ;
10 21 0.1816698 ;
11 21 -0.520991 ;
12 21 -0.0758092 ;
13 21 0.7303347 ;
14 21 -0.4199477 ;
15 21 -0.7462539 ;
16 21 0.2795322 ;
17 21 0.8213969 ;
18 21 0.2044111 ;
20 21 0.4934692 ;
0 22 0.3710883 ;
3 22 -0.1015909 ;
4 22 0.7918725 ;
6 22 -0.2602913 ;
7 22 0.1074909 ;
8 22 0.6951073 ;
9 22 -0.2103645 ;
10 22 -0.4165759 ;
12 22 0.007940044 ;
14 22 0.7542195 ;
17 22 -0.9950003 ;
18 22 0.8747862 ;
19 22 -0.5146177 ;
20 22 -0.5353826 ;
21 22 -0.09804504 ;
0 23 0.04403545 ;
2 23 -0.1946619 ;
3 23 0.1742843 ;
6 23 0.8346397 ;
8 23 -0.9215738 ;
9 23 -0.7376908 ;
10 23 0.4765486 ;
12 23 -0.03240194 ;
13 23 -0.4681203 ;
14 23 0.976263 ;
15 23 0.4350065 ;
16 23 -0.5516473 ;
18 23 -0.9158688 ;
19 23 -0.7258898 ;
20 23 0.4238764 ;
21 23 0.7032126 ;
22 23 -0.192655 ;
0 24 0.3857282 ;
1 24 0.2919548 ;
2 24 0.172074 ;
3 24 -0.5977425 ;
4 24 -0.7004288 ;
7 24 -0.7451439 ;
8 24 0.1737037 ;
9 24 0.8970491 ;
10 24 -0.2344222 ;
11 24 0.06892777 ;
13 24 -0.2342173 ;
14 24 0.2285685 ;
15 24 -0.3573556 ;
16 24 -0.8719709 ;
17 24 0.378535 ;
18 24 0.6328962 ;
20 24 0.3223703 ;
21 24 -0.7400953 ;
22 24 -0.4866565 ;
23 24 -0.7564063 ;
1 25 -0.8016748 ;
3 25 0.1611235 ;
4 25 -0.2409769 ;
5 25 0.2172912 ;
6 25 -0.5077522 ;
8 25 0.6789569 ;
10 25 -0.319916 ;
11 25 0.2933689 ;
12 25 -0.8095159 ;
13 25 -0.8202482 ;
14 25 0.1947023 ;
16 25 0.05644787 ;
17 25 -0.6973708 ;
18 25 0.5648557 ;
19 25 -0.4408809 ;
21 25 -0.698377 ;
22 25 0.6819464 ;
23 25 0.2033652 ;
24 25 0.1552361 ;
0 26 0.7565676 ;
1 26 0.9356463 ;
2 26 0.459714 ;
3 26 -0.6881289 ;
4 26 0.4587595 ;
5 26 -0.8807305 ;
6 26 -0.6567578 ;
7 26 -0.5309474 ;
8 26 0.475159 ;
9 26 0.2886107 ;
10 26 0.8027924 ;
11 26 -0.6038368 ;
12 26 0.3503193 ;
13 26 0.3928084 ;
15 26 -0.580577 ;
17 26 0.1080401 ;
18 26 -0.6351864 ;
21 26 -0.7072691 ;
23 26 0.4487516 ;
24 26 -0.8593349 ;
0 27 0.433608 ;
1 27 0.3230528 ;
2 27 0.1777476 ;
3 27 -0.9644706 ;
4 27 -0.9305184 ;
5 27 -0.4138677 ;
6 27 0.1967526 ;
7 27 -0.1077591 ;
8 27 0.02981936 ;
9 27 0.5476737 ;
10 27 -0.0139937 ;
11 27 0.344644 ;
13 27 -0.277496 ;
14 27 -0.7658938 ;
15 27 -0.8308125 ;
16 27 -0.1748014 ;
17 27 0.5617326 ;
18 27 0.6643522 ;
19 27 0.368273 ;
21 27 0.5015875 ;
22 27 0.7272342 ;
23 27 -0.666586 ;
24 27 -0.9397502 ;
26 27 -0.7541821 ;
2 28 -0.2526881 ;
3 28 -0.303905 ;
4 28 -0.6861512 ;
5 28 -0.7160827 ;
6 28 0.08345918 ;
7 28 -0.952459 ;
8 28 -0.9631277 ;
9 28 0.3707813 ;
10 28 -0.2641704 ;
12 28 0.3054608 ;
13 28 -0.9657142 ;
15 28 0.4146049 ;
16 28 0.2504707 ;
17 28 0.5746797 ;
18 28 -0.07584006 ;
20 28 -0.7358895 ;
21 28 0.930143 ;
24 28 -0.1743402 ;
25 28 0.19854 ;
26 28 0.2214158 ;
27 28 -0.5427461 ;
0 29 0.4236476 ;
1 29 -0.3948969 ;
2 29 0.3417321 ;
4 29 0.6696457 ;
6 29 0.7753695 ;
7 29 -0.6442969 ;
8 29 -0.1685456 ;
9 29 -0.8928757 ;
10 29 0.9290267 ;
12 29 0.753095 ;
13 29 0.01619089 ;
14 29 -0.0887363 ;
15 29 0.0002836157 ;
16 29 -0.4151987 ;
17 29 0.9956201 ;
19 29 0.545622 ;
22 29 -0.7894878 ;
23 29 0.5374144 ;
24 29 0.5132511 ;
25 29 -0.7333644 ;
26 29 0.7095449 ;
27 29 0.8726703 ;
28 29 0.972272 ]