n =  35
taille =  290
Mat = [0 3 -0.3580611 ;
1 3 0.5491097 ;
2 3 0.2091913 ;
3 4 -0.2940903 ;
0 5 -0.2598382 ;
1 5 -0.3135287 ;
2 5 -0.657668 ;
3 5 0.3257719 ;
1 6 0.9865071 ;
3 6 0.1147631 ;
2 7 0.8435232 ;
3 7 -0.2123923 ;
4 7 0.4974381 ;
6 7 0.2561202 ;
2 8 0.4893128 ;
3 8 0.8118915 ;
4 8 -0.8854871 ;
6 8 -0.788509 ;
6 9 -0.7241259 ;
8 9 -0.6293135 ;
5 10 -0.3722291 ;
6 10 0.9267697 ;
7 10 0.5073231 ;
8 10 0.1202986 ;
3 11 -0.5314595 ;
4 11 -0.5052941 ;
5 11 0.9494619 ;
7 11 0.3432048 ;
9 11 -0.5394236 ;
10 11 0.09640012 ;
1 12 -0.2242757 ;
2 12 0.6286435 ;
3 12 -0.4367506 ;
4 12 -0.1682714 ;
5 12 -0.3715096 ;
6 12 0.2639698 ;
9 12 -0.673861 ;
10 12 0.1258785 ;
0 13 -0.15601 ;
1 13 -0.3726364 ;
4 13 -0.9467969 ;
6 13 0.0210273 ;
7 13 -0.2354436 ;
8 13 0.2953285 ;
10 13 0.01376289 ;
1 14 -0.03328682 ;
4 14 -0.419819 ;
6 14 0.3812425 ;
7 14 -0.5645797 ;
8 14 0.8319214 ;
13 14 -0.5549118 ;
0 15 0.7160056 ;
1 15 -0.4927444 ;
2 15 -0.02369831 ;
6 15 0.3752775 ;
7 15 -0.2659829 ;
8 15 0.3291344 ;
11 15 -0.5426266 ;
14 15 0.7577724 ;
0 16 0.2562321 ;
3 16 -0.789656 ;
7 16 -0.5604621 ;
8 16 -0.9528955 ;
9 16 0.7851866 ;
10 16 0.1329177 ;
12 16 0.05317761 ;
15 16 0.1958411 ;
4 17 -0.2975899 ;
6 17 -0.9626857 ;
7 17 0.9816485 ;
8 17 0.1448112 ;
10 17 0.7413267 ;
14 17 -0.993043 ;
16 17 0.8323973 ;
1 18 -0.7066336 ;
3 18 -0.8256008 ;
4 18 -0.3378805 ;
5 18 -0.6855411 ;
6 18 0.9793365 ;
9 18 0.6196225 ;
10 18 0.3604006 ;
12 18 0.686631 ;
13 18 0.6506072 ;
14 18 0.1915518 ;
15 18 0.6302028 ;
2 19 -0.09145052 ;
7 19 -0.4756894 ;
8 19 -0.5403234 ;
10 19 -0.5945422 ;
11 19 0.4087907 ;
15 19 -0.4973332 ;
17 19 -0.4384516 ;
1 20 0.1161618 ;
4 20 -0.2585797 ;
6 20 0.939131 ;
11 20 0.9467767 ;
15 20 0.3570727 ;
18 20 -0.4830297 ;
4 21 -0.176559 ;
5 21 -0.3082064 ;
7 21 0.03544055 ;
9 21 -0.3769055 ;
10 21 -0.17088 ;
11 21 0.8319168 ;
12 21 -0.62882 ;
0 22 -0.3959794 ;
3 22 -0.1083504 ;
4 22 0.3597035 ;
5 22 0.7091376 ;
7 22 0.7590402 ;
9 22 0.7169126 ;
11 22 -0.130532 ;
14 22 0.9655811 ;
15 22 0.9176605 ;
16 22 -0.1263697 ;
17 22 -0.1562767 ;
19 22 0.6944736 ;
21 22 -0.7892785 ;
0 23 0.3248219 ;
2 23 0.1112012 ;
3 23 0.6434318 ;
4 23 0.1650589 ;
6 23 -0.6103282 ;
10 23 -0.6853193 ;
11 23 0.5265634 ;
13 23 0.2001717 ;
14 23 -0.5724841 ;
15 23 -0.2626284 ;
16 23 0.280686 ;
20 23 -0.2751314 ;
0 24 0.8583978 ;
1 24 0.9246833 ;
4 24 -0.8395226 ;
8 24 -0.04342378 ;
10 24 -0.2232757 ;
15 24 -0.8245664 ;
17 24 -0.3025953 ;
18 24 -0.367867 ;
19 24 -0.509391 ;
21 24 -0.4817531 ;
22 24 0.8967792 ;
1 25 -0.9334282 ;
2 25 0.7077237 ;
3 25 -0.02969952 ;
5 25 -0.7208916 ;
9 25 -0.9516706 ;
11 25 -0.5265724 ;
12 25 -0.6873013 ;
14 25 -0.159474 ;
15 25 -0.9237135 ;
19 25 0.5009857 ;
20 25 -0.3287914 ;
1 26 -0.2577511 ;
4 26 -0.6292513 ;
5 26 0.0878654 ;
6 26 -0.9633416 ;
7 26 0.0009838571 ;
8 26 -0.1511441 ;
11 26 -0.5695216 ;
13 26 0.02213832 ;
15 26 -0.5150595 ;
17 26 0.1594369 ;
18 26 0.6355275 ;
19 26 0.9500267 ;
20 26 -0.6652277 ;
23 26 0.08231752 ;
24 26 -0.1755402 ;
25 26 0.5506964 ;
0 27 -0.3681846 ;
1 27 -0.2102595 ;
3 27 -0.5733504 ;
4 27 -0.7616603 ;
5 27 0.6500534 ;
7 27 0.991003 ;
8 27 -0.7923008 ;
9 27 0.2926138 ;
11 27 -0.305475 ;
12 27 -0.08173012 ;
15 27 -0.1295096 ;
18 27 0.2952422 ;
19 27 -0.139273 ;
20 27 0.6836073 ;
22 27 -0.5853112 ;
24 27 0.4379356 ;
2 28 0.798067 ;
3 28 0.3162252 ;
5 28 -0.4824475 ;
7 28 -0.404624 ;
9 28 -0.8114982 ;
12 28 -0.6772546 ;
14 28 0.2250676 ;
15 28 0.6143091 ;
17 28 0.3959121 ;
18 28 -0.8439477 ;
24 28 0.8170864 ;
26 28 -0.1554892 ;
0 29 -0.4296772 ;
3 29 0.02751017 ;
4 29 0.5455232 ;
8 29 -0.5074315 ;
12 29 0.549592 ;
13 29 0.9303766 ;
15 29 0.5387406 ;
16 29 -0.7721878 ;
17 29 0.1486888 ;
18 29 0.7344784 ;
19 29 -0.3502435 ;
20 29 0.6202775 ;
21 29 0.7978857 ;
22 29 0.5031908 ;
27 29 -0.1584031 ;
28 29 0.7304084 ;
0 30 -0.2505352 ;
1 30 -0.4107012 ;
2 30 -0.208952 ;
4 30 -0.7859076 ;
5 30 -0.7856583 ;
7 30 -0.8277703 ;
8 30 0.8238551 ;
9 30 0.2827108 ;
10 30 0.0503015 ;
11 30 -0.9292646 ;
12 30 0.1937611 ;
15 30 0.472298 ;
17 30 -0.4423389 ;
21 30 0.1164574 ;
22 30 0.8879141 ;
25 30 0.3403202 ;
26 30 -0.5413745 ;
29 30 0.1559717 ;
4 31 0.6166459 ;
7 31 0.7119473 ;
8 31 0.0973767 ;
9 31 0.3390045 ;
10 31 0.8756742 ;
12 31 -0.1350491 ;
13 31 -0.8168733 ;
14 31 0.9738158 ;
15 31 0.2774134 ;
19 31 0.2726077 ;
20 31 -0.7995652 ;
21 31 0.7991075 ;
22 31 0.9340252 ;
23 31 0.009593864 ;
24 31 0.9254479 ;
26 31 0.4886813 ;
28 31 -0.2355353 ;
4 32 0.4085064 ;
6 32 -0.09189834 ;
8 32 0.4493501 ;
9 32 -0.8541835 ;
11 32 0.9829998 ;
13 32 -0.7886738 ;
15 32 0.7593977 ;
19 32 -0.7882552 ;
21 32 -0.3646687 ;
24 32 -0.1755738 ;
2 33 0.8425621 ;
5 33 -0.9304422 ;
6 33 0.4162718 ;
10 33 -0.5499182 ;
14 33 0.2791312 ;
15 33 0.2794412 ;
16 33 0.6607966 ;
18 33 0.5124128 ;
19 33 -0.3687363 ;
20 33 0.01300367 ;
23 33 -0.4894543 ;
25 33 -0.7247658 ;
26 33 0.9045838 ;
28 33 -0.9199955 ;
31 33 0.2045494 ;
32 33 -0.3426267 ;
2 34 0.9520374 ;
4 34 -0.4447627 ;
5 34 -0.5900258 ;
7 34 -0.3106709 ;
8 34 -0.1814441 ;
9 34 -0.9088232 ;
10 34 -0.5058798 ;
11 34 0.003584238 ;
12 34 0.6763695 ;
14 34 0.3577035 ;
20 34 -0.7816273 ;
21 34 0.6219401 ;
22 34 0.9474484 ;
24 34 -0.7915665 ;
26 34 0.2855688 ;
27 34 -0.122325 ;
30 34 -0.7079895 ]