n =  30
taille =  88
Mat = [0 1 0.3915132 ;
2 4 0.8582705 ;
2 7 -0.7539678 ;
4 7 -0.7482688 ;
2 8 0.2229302 ;
6 8 0.1659741 ;
3 9 -0.5989571 ;
7 9 0.8443989 ;
0 10 -0.9318768 ;
9 10 -0.6058076 ;
4 11 0.6914557 ;
9 11 -0.6918923 ;
4 12 0.4048714 ;
10 12 -0.004978307 ;
0 13 -0.2300379 ;
7 13 0.5723572 ;
11 13 0.04475182 ;
1 14 -0.9621561 ;
3 14 0.4336398 ;
11 14 0.4043773 ;
12 14 0.6137377 ;
1 15 -0.1828624 ;
3 15 0.7591462 ;
0 16 0.6567663 ;
6 16 0.1391173 ;
12 16 -0.849555 ;
13 16 0.1009903 ;
14 16 0.02360917 ;
2 17 -0.7342685 ;
4 17 -0.8592773 ;
8 17 -0.3947783 ;
9 17 0.00518523 ;
11 17 0.7959397 ;
13 17 0.9152295 ;
15 17 -0.7359433 ;
3 18 0.9196537 ;
11 18 -0.3358745 ;
14 18 -0.5927968 ;
15 18 0.1041598 ;
17 18 0.9662987 ;
7 19 0.9346893 ;
11 19 -0.2870625 ;
14 19 0.01712437 ;
4 20 -0.2626495 ;
5 20 -0.2637372 ;
8 20 0.455723 ;
12 20 -0.5651674 ;
14 20 -0.2679184 ;
16 20 0.05861055 ;
1 21 0.7646245 ;
17 21 -0.9527154 ;
7 22 0.7912324 ;
11 22 -0.3090714 ;
15 22 -0.5822473 ;
18 23 0.269859 ;
19 23 -0.1422352 ;
21 23 0.4193879 ;
8 24 0.8281869 ;
9 24 -0.3723421 ;
15 24 -0.238781 ;
18 24 -0.09462948 ;
1 25 -0.8060073 ;
12 25 -0.6380737 ;
16 25 -0.8555594 ;
22 25 -0.5640599 ;
1 26 0.5740709 ;
4 26 -0.3866906 ;
9 26 -0.7225335 ;
11 26 -0.6240654 ;
22 26 -0.8284799 ;
4 27 -0.1161465 ;
5 27 0.5224578 ;
20 27 -0.1851163 ;
21 27 -0.4747681 ;
26 27 0.2436242 ;
2 28 0.5290488 ;
4 28 0.009698407 ;
7 28 0.4315565 ;
16 28 0.6181118 ;
27 28 0.8650123 ;
2 29 0.6533062 ;
8 29 0.3234084 ;
9 29 0.2208684 ;
11 29 -0.9275109 ;
13 29 0.3915424 ;
15 29 0.4158009 ;
19 29 0.5932202 ;
25 29 -0.5880694 ]