n =  50
taille =  975
Mat = [0 2 -0.3575298 ;
1 2 -0.9677955 ;
0 3 -0.07999311 ;
2 3 -0.5207715 ;
0 4 -0.5962996 ;
1 4 0.6861364 ;
2 4 -0.5108059 ;
3 4 0.7357844 ;
0 5 0.9619208 ;
1 5 0.6744689 ;
2 5 -0.5708446 ;
3 5 -0.7701349 ;
4 5 0.3236064 ;
0 6 0.5202148 ;
1 6 -0.7610752 ;
2 6 0.488004 ;
3 6 -0.618714 ;
4 6 0.7760273 ;
0 7 0.1611126 ;
1 7 0.1715437 ;
2 7 -0.8676684 ;
3 7 0.4049235 ;
4 7 0.3035729 ;
5 7 -0.3559843 ;
6 7 0.8353058 ;
0 8 0.2059184 ;
1 8 -0.8491119 ;
2 8 0.8965197 ;
3 8 -0.5226513 ;
4 8 0.9169176 ;
5 8 -0.5158285 ;
6 8 -0.06844798 ;
7 8 -0.4819608 ;
1 9 -0.02433642 ;
3 9 -0.2757357 ;
4 9 0.08585863 ;
5 9 0.5802524 ;
7 9 -0.6230556 ;
8 9 0.04863937 ;
0 10 0.6998713 ;
2 10 0.2536248 ;
3 10 0.5511609 ;
5 10 -0.8688775 ;
6 10 0.4741011 ;
7 10 0.0459464 ;
8 10 0.9922602 ;
9 10 0.5643356 ;
0 11 -0.2818575 ;
1 11 -0.8380641 ;
3 11 -0.9079212 ;
4 11 0.5067412 ;
6 11 -0.12535 ;
7 11 -0.04889605 ;
8 11 -0.6481313 ;
9 11 -0.6815072 ;
10 11 -0.8751961 ;
0 12 -0.599997 ;
1 12 0.240633 ;
2 12 -0.20974 ;
3 12 0.1502821 ;
4 12 0.353682 ;
5 12 0.4462543 ;
6 12 0.6615895 ;
8 12 0.4464631 ;
9 12 -0.2787046 ;
11 12 -0.4953756 ;
0 13 -0.8184343 ;
2 13 -0.2292523 ;
4 13 -0.2081552 ;
5 13 -0.2304137 ;
6 13 0.4847532 ;
7 13 0.4095175 ;
8 13 0.5701365 ;
9 13 -0.7364866 ;
10 13 -0.7185038 ;
11 13 0.545007 ;
12 13 0.7675835 ;
0 14 0.4399513 ;
2 14 -0.05143434 ;
3 14 0.359498 ;
4 14 -0.4865823 ;
5 14 -0.2825375 ;
6 14 -0.2147497 ;
7 14 0.9694127 ;
8 14 -0.8455921 ;
9 14 -0.6053204 ;
11 14 -0.4262903 ;
13 14 0.9630778 ;
0 15 -0.5424293 ;
1 15 0.292576 ;
2 15 0.04133875 ;
3 15 0.3442738 ;
4 15 -0.03766385 ;
5 15 0.4173182 ;
7 15 -0.0131666 ;
9 15 -0.3611341 ;
10 15 -0.4697523 ;
11 15 -0.8254939 ;
12 15 -0.2588374 ;
14 15 0.1380972 ;
0 16 -0.1696429 ;
2 16 0.3648234 ;
3 16 -0.5460454 ;
4 16 0.122517 ;
5 16 -0.6968175 ;
6 16 -0.7685905 ;
8 16 0.07734894 ;
9 16 -0.8247524 ;
11 16 0.7224375 ;
12 16 -0.3542044 ;
13 16 0.6427453 ;
14 16 -0.5578244 ;
1 17 0.1471859 ;
2 17 -0.9604575 ;
3 17 0.07790659 ;
4 17 -0.07746782 ;
5 17 -0.3548229 ;
6 17 -0.6130004 ;
7 17 0.5480118 ;
8 17 0.6627976 ;
9 17 0.4020761 ;
10 17 -0.6556756 ;
11 17 -0.2449737 ;
12 17 0.3907734 ;
13 17 -0.918961 ;
14 17 -0.5125872 ;
1 18 -0.2584084 ;
2 18 -0.9607495 ;
3 18 -0.5557318 ;
5 18 -0.394591 ;
6 18 -0.08000899 ;
7 18 -0.6681327 ;
8 18 0.8004494 ;
10 18 0.2923174 ;
11 18 -0.8385363 ;
12 18 -0.01729759 ;
13 18 -0.5196636 ;
14 18 0.6854271 ;
15 18 -0.586046 ;
16 18 0.3679254 ;
17 18 0.7878504 ;
0 19 0.6912115 ;
1 19 -0.777611 ;
2 19 -0.8874695 ;
4 19 -0.02135774 ;
5 19 -0.08680571 ;
6 19 -0.5102238 ;
7 19 -0.05613173 ;
8 19 -0.3905924 ;
9 19 0.6128518 ;
10 19 0.4731248 ;
11 19 0.9671407 ;
15 19 -0.005797748 ;
17 19 -0.9892823 ;
18 19 0.121858 ;
0 20 -0.3106366 ;
3 20 -0.4003457 ;
4 20 0.1364182 ;
5 20 -0.464259 ;
6 20 -0.9703177 ;
7 20 -0.5110275 ;
9 20 0.5768482 ;
11 20 -0.05289201 ;
12 20 -0.1676025 ;
13 20 -0.5601728 ;
14 20 0.358015 ;
15 20 -0.4189037 ;
16 20 -0.3763362 ;
17 20 -0.7230218 ;
18 20 0.5239432 ;
19 20 -0.9117736 ;
0 21 0.6525195 ;
1 21 0.6463218 ;
2 21 0.9617139 ;
3 21 -0.3985596 ;
4 21 -0.771787 ;
5 21 -0.6818504 ;
6 21 -0.9889187 ;
7 21 -0.496699 ;
9 21 0.1376487 ;
10 21 -0.3606437 ;
11 21 -0.5939915 ;
12 21 -0.3953689 ;
13 21 0.6032732 ;
15 21 0.4284059 ;
16 21 -0.8470537 ;
17 21 0.535107 ;
18 21 -0.9764418 ;
19 21 -0.6449843 ;
20 21 0.5192762 ;
0 22 0.1218184 ;
2 22 -0.6748739 ;
3 22 -0.4425593 ;
4 22 0.6889826 ;
5 22 0.7339686 ;
6 22 -0.8588473 ;
7 22 -0.003027012 ;
8 22 -0.622013 ;
9 22 -0.1046153 ;
10 22 -0.1156762 ;
11 22 -0.9760916 ;
12 22 -0.8357373 ;
13 22 0.3866589 ;
14 22 0.5204561 ;
15 22 -0.8281068 ;
16 22 0.05958702 ;
17 22 0.3731494 ;
18 22 0.4544558 ;
19 22 0.4523768 ;
20 22 0.3438391 ;
21 22 0.8030962 ;
0 23 -0.1963084 ;
1 23 0.4251386 ;
2 23 -0.2509835 ;
4 23 0.4842292 ;
6 23 0.1584537 ;
7 23 0.4447606 ;
9 23 -0.9671172 ;
10 23 -0.5749263 ;
12 23 -0.02192632 ;
13 23 0.9100383 ;
15 23 -0.9460389 ;
17 23 0.5354657 ;
18 23 -0.5543086 ;
19 23 0.6800951 ;
21 23 -0.1135553 ;
22 23 0.6592906 ;
1 24 -0.7130269 ;
6 24 0.9227222 ;
8 24 0.6204705 ;
9 24 0.6717865 ;
10 24 0.6697887 ;
12 24 -0.5647331 ;
13 24 0.01069648 ;
14 24 -0.7892607 ;
15 24 -0.7799078 ;
17 24 0.2970985 ;
19 24 0.7469807 ;
20 24 -0.4528795 ;
21 24 0.7339976 ;
22 24 -0.5984383 ;
23 24 -0.8343751 ;
0 25 0.7380804 ;
1 25 -0.5162939 ;
2 25 0.3276594 ;
3 25 0.6345051 ;
4 25 0.1543865 ;
5 25 0.1898372 ;
6 25 -0.3943161 ;
7 25 0.4014769 ;
10 25 -0.2312676 ;
11 25 -0.2336211 ;
12 25 -0.1572753 ;
13 25 0.9306085 ;
14 25 -0.6161935 ;
15 25 0.7272797 ;
16 25 0.2410609 ;
18 25 0.3626272 ;
19 25 0.9554217 ;
20 25 -0.5593316 ;
21 25 -0.6947401 ;
22 25 -0.2638622 ;
24 25 -0.2820818 ;
0 26 0.7031574 ;
1 26 -0.5348139 ;
2 26 -0.6841199 ;
3 26 -0.5008946 ;
4 26 0.1968801 ;
5 26 -0.5190749 ;
6 26 0.6682383 ;
7 26 -0.8500302 ;
8 26 -0.5810101 ;
9 26 0.1043477 ;
10 26 0.059641 ;
11 26 0.5274552 ;
13 26 -0.1891078 ;
15 26 0.385267 ;
17 26 0.8011527 ;
20 26 -0.5974348 ;
21 26 -0.2617131 ;
22 26 0.3250009 ;
23 26 0.9808298 ;
24 26 0.8292557 ;
25 26 0.3889295 ;
2 27 0.8864025 ;
3 27 -0.2497433 ;
4 27 0.8944444 ;
5 27 0.9870811 ;
6 27 -0.3078204 ;
7 27 0.7653541 ;
8 27 0.03870584 ;
9 27 -0.8664125 ;
10 27 -0.05597648 ;
11 27 0.2496592 ;
12 27 0.002478609 ;
14 27 -0.6893218 ;
15 27 0.8222829 ;
16 27 0.3648372 ;
17 27 0.6181331 ;
19 27 0.9505668 ;
20 27 -0.2631343 ;
21 27 0.9173953 ;
23 27 0.376809 ;
24 27 -0.9251513 ;
25 27 0.3490462 ;
26 27 -0.1993501 ;
1 28 0.5245105 ;
2 28 0.05287732 ;
3 28 0.6046825 ;
4 28 0.02842407 ;
6 28 -0.04738387 ;
7 28 0.4479682 ;
8 28 0.335124 ;
9 28 -0.4686214 ;
10 28 -0.8633048 ;
11 28 0.4095272 ;
14 28 -0.8770083 ;
16 28 0.05689362 ;
18 28 0.9343853 ;
20 28 -0.7181772 ;
21 28 -0.5745127 ;
22 28 0.02802831 ;
24 28 0.3061356 ;
25 28 -0.05840111 ;
26 28 -0.8709661 ;
0 29 -0.4500918 ;
1 29 0.04272593 ;
3 29 -0.8611889 ;
4 29 -0.1987535 ;
5 29 0.01124706 ;
6 29 0.3876387 ;
8 29 0.9907565 ;
10 29 0.09997444 ;
11 29 -0.7899829 ;
12 29 -0.572265 ;
13 29 0.9538739 ;
14 29 -0.3124619 ;
15 29 -0.08989235 ;
16 29 0.5940323 ;
17 29 -0.8890633 ;
18 29 -0.04854065 ;
19 29 0.4936506 ;
20 29 -0.7294564 ;
21 29 0.5879085 ;
22 29 -0.9842595 ;
24 29 -0.9240603 ;
25 29 -0.1406396 ;
27 29 -0.187171 ;
28 29 0.5658332 ;
0 30 -0.3943528 ;
1 30 0.8221154 ;
3 30 0.03792976 ;
4 30 0.4447554 ;
7 30 0.09811823 ;
8 30 0.718019 ;
9 30 -0.1935242 ;
10 30 0.1017508 ;
11 30 -0.9009553 ;
12 30 -0.5180742 ;
13 30 -0.6827654 ;
14 30 -0.4537744 ;
15 30 0.3991687 ;
18 30 0.8316331 ;
19 30 0.4705235 ;
20 30 0.8713608 ;
21 30 -0.9260615 ;
22 30 0.09677454 ;
23 30 -0.8619277 ;
24 30 0.4524523 ;
25 30 0.7491004 ;
26 30 0.517014 ;
27 30 -0.07386222 ;
29 30 -0.843408 ;
0 31 0.1467686 ;
1 31 0.99567 ;
3 31 0.4809535 ;
5 31 -0.5405266 ;
6 31 0.259658 ;
7 31 0.4680351 ;
8 31 -0.1520886 ;
9 31 0.1087378 ;
10 31 0.03314806 ;
11 31 0.04882726 ;
12 31 0.1729422 ;
13 31 0.915562 ;
14 31 0.8348271 ;
15 31 -0.08011453 ;
16 31 0.9747803 ;
17 31 0.00120517 ;
18 31 0.0860223 ;
19 31 0.135102 ;
20 31 -0.1220603 ;
21 31 0.004678842 ;
22 31 0.9830247 ;
23 31 0.370477 ;
24 31 -0.3832733 ;
25 31 -0.05003689 ;
26 31 -0.2858743 ;
27 31 0.153492 ;
28 31 -0.7705132 ;
29 31 -0.6089715 ;
1 32 0.9552259 ;
2 32 0.9816054 ;
3 32 -0.9532182 ;
4 32 -0.7135679 ;
6 32 -0.4263072 ;
7 32 0.5089003 ;
10 32 0.425741 ;
11 32 -0.564242 ;
12 32 -0.6285139 ;
13 32 0.8397426 ;
14 32 0.4961134 ;
15 32 0.937902 ;
17 32 -0.008325052 ;
18 32 0.3892701 ;
19 32 -0.5482848 ;
20 32 -0.7373953 ;
21 32 -0.06095368 ;
22 32 -0.4613511 ;
25 32 -0.375862 ;
26 32 0.6264376 ;
27 32 -0.2435309 ;
28 32 0.03684645 ;
29 32 -0.8803395 ;
30 32 0.5574605 ;
31 32 0.9358588 ;
0 33 -0.8005817 ;
2 33 -0.7805578 ;
3 33 0.5085931 ;
4 33 -0.6199739 ;
5 33 0.1545524 ;
6 33 0.892065 ;
7 33 -0.7439041 ;
8 33 0.5504541 ;
9 33 -0.5827292 ;
11 33 -0.5777556 ;
12 33 0.03273643 ;
13 33 0.370477 ;
14 33 0.3298528 ;
15 33 -0.2438072 ;
16 33 -0.6626713 ;
17 33 -0.1914666 ;
18 33 -0.6559924 ;
19 33 -0.7622215 ;
20 33 0.9721334 ;
21 33 -0.3991297 ;
22 33 0.3385157 ;
24 33 -0.8172438 ;
26 33 -0.2591746 ;
27 33 0.912363 ;
29 33 0.04067014 ;
30 33 -0.7212472 ;
31 33 0.9349098 ;
32 33 0.5710278 ;
0 34 0.5288758 ;
1 34 0.1596949 ;
2 34 -0.9156387 ;
3 34 -0.4190363 ;
4 34 0.9388946 ;
5 34 0.7450246 ;
7 34 -0.04288147 ;
10 34 -0.2859866 ;
11 34 -0.3533386 ;
12 34 -0.1448842 ;
14 34 -0.6754053 ;
15 34 -0.2464286 ;
16 34 0.7161911 ;
19 34 0.340819 ;
21 34 -0.6720328 ;
22 34 0.5205597 ;
23 34 0.8752183 ;
24 34 0.6961641 ;
25 34 0.664467 ;
26 34 -0.4011305 ;
28 34 -0.0421217 ;
29 34 0.06631468 ;
30 34 -0.5526032 ;
31 34 -0.6077821 ;
32 34 -0.4466849 ;
33 34 -0.7921709 ;
0 35 -0.8063291 ;
1 35 -0.1110597 ;
2 35 0.9212896 ;
3 35 -0.4823704 ;
4 35 -0.1383296 ;
5 35 0.7540721 ;
6 35 0.8482707 ;
7 35 -0.9504291 ;
8 35 0.4514691 ;
12 35 0.7225204 ;
13 35 0.1205787 ;
14 35 0.8021907 ;
15 35 0.0326248 ;
16 35 -0.1163885 ;
18 35 -0.4353366 ;
20 35 -0.521973 ;
22 35 0.3500523 ;
23 35 -0.9246792 ;
24 35 0.8679584 ;
25 35 -0.5909949 ;
26 35 0.2965284 ;
29 35 0.5739093 ;
30 35 -0.1631215 ;
31 35 0.7953324 ;
32 35 -0.1164371 ;
34 35 0.5572053 ;
0 36 -0.04193974 ;
1 36 -0.525529 ;
3 36 -0.3619701 ;
5 36 -0.8878692 ;
6 36 -0.1954666 ;
8 36 0.4916452 ;
10 36 0.03314562 ;
11 36 0.3751536 ;
12 36 -0.1924419 ;
13 36 0.9785948 ;
14 36 -0.1559343 ;
16 36 -0.1281992 ;
17 36 -0.9960195 ;
18 36 -0.8268384 ;
19 36 -0.08023761 ;
20 36 0.8912723 ;
21 36 0.1026808 ;
22 36 -0.6082458 ;
24 36 -0.6908664 ;
25 36 -0.516329 ;
26 36 0.3851346 ;
29 36 -0.8641799 ;
31 36 -0.2117338 ;
32 36 -0.8565331 ;
33 36 0.06822505 ;
34 36 -0.2840532 ;
35 36 -0.02042978 ;
0 37 0.8744032 ;
2 37 -0.1999615 ;
5 37 0.2173468 ;
7 37 -0.1704393 ;
9 37 -0.7320772 ;
10 37 -0.379836 ;
11 37 -0.4399097 ;
12 37 0.3806989 ;
13 37 -0.1084029 ;
14 37 0.2917548 ;
15 37 0.2400622 ;
18 37 0.9640885 ;
19 37 0.86327 ;
20 37 0.03090236 ;
21 37 -0.6660377 ;
23 37 0.4143901 ;
24 37 -0.7994402 ;
25 37 -0.9962124 ;
26 37 -0.5463584 ;
28 37 0.9876164 ;
29 37 0.938715 ;
30 37 0.8965244 ;
31 37 0.1530973 ;
32 37 -0.7909452 ;
33 37 0.3436842 ;
34 37 -0.2251062 ;
35 37 0.1327493 ;
36 37 0.4576526 ;
2 38 0.9418999 ;
6 38 0.9389925 ;
7 38 -0.8154956 ;
8 38 -0.2868018 ;
9 38 -0.4462574 ;
10 38 0.673635 ;
11 38 0.3087021 ;
12 38 0.362246 ;
13 38 0.8326128 ;
14 38 -0.09755971 ;
15 38 0.6079521 ;
16 38 0.6858421 ;
17 38 -0.159069 ;
18 38 0.008953538 ;
19 38 -0.6890901 ;
20 38 -0.09953955 ;
21 38 0.02358333 ;
22 38 -0.4595248 ;
23 38 -0.3251824 ;
24 38 0.4451343 ;
25 38 -0.2523779 ;
26 38 0.6524772 ;
27 38 -0.3595428 ;
28 38 0.003974422 ;
29 38 0.8130243 ;
31 38 -0.3324775 ;
32 38 0.7004248 ;
33 38 -0.05329896 ;
36 38 -0.7133749 ;
37 38 0.4860557 ;
1 39 -0.9535328 ;
2 39 -0.7109133 ;
3 39 -0.1326759 ;
4 39 -0.5214294 ;
5 39 0.9891215 ;
6 39 -0.0006338973 ;
7 39 0.9342584 ;
8 39 0.6956476 ;
9 39 -0.07237132 ;
10 39 0.02489918 ;
11 39 0.3465708 ;
12 39 -0.8192608 ;
13 39 0.8890177 ;
14 39 0.452663 ;
15 39 0.2551553 ;
16 39 0.2396884 ;
18 39 0.9949461 ;
19 39 0.2150338 ;
20 39 -0.8351397 ;
21 39 -0.2107603 ;
22 39 0.9789993 ;
24 39 0.3504446 ;
25 39 -0.8100228 ;
26 39 0.5045563 ;
27 39 -0.03834115 ;
29 39 0.2036034 ;
30 39 0.6308323 ;
31 39 0.7166982 ;
32 39 0.5539227 ;
33 39 -0.5242851 ;
34 39 -0.7426815 ;
35 39 0.003063377 ;
36 39 0.9848815 ;
37 39 -0.09810861 ;
0 40 -0.705755 ;
1 40 -0.8510628 ;
2 40 -0.7698104 ;
3 40 0.01315051 ;
4 40 -0.3089589 ;
5 40 0.9275608 ;
6 40 -0.8578539 ;
7 40 -0.376179 ;
8 40 0.8726707 ;
9 40 0.9004223 ;
10 40 -0.3996759 ;
11 40 0.5926934 ;
12 40 0.6961515 ;
13 40 0.7868748 ;
15 40 -0.3835084 ;
16 40 0.9269607 ;
17 40 -0.5563139 ;
18 40 -0.134101 ;
19 40 -0.9077375 ;
20 40 0.1661095 ;
21 40 0.2039433 ;
22 40 -0.8666043 ;
23 40 -0.2707439 ;
24 40 -0.8995433 ;
26 40 0.4387213 ;
27 40 -0.1941609 ;
28 40 -0.9534851 ;
29 40 0.3534097 ;
30 40 0.5814531 ;
31 40 -0.5995313 ;
32 40 -0.7706654 ;
34 40 -0.3739663 ;
35 40 -0.09392591 ;
36 40 -0.8700767 ;
37 40 -0.9375873 ;
38 40 0.02116856 ;
39 40 -0.6050291 ;
0 41 0.9058482 ;
1 41 -0.5317186 ;
2 41 0.4157936 ;
3 41 -0.8339932 ;
5 41 -0.8885159 ;
7 41 0.338957 ;
8 41 0.04576202 ;
10 41 0.624906 ;
11 41 0.5139715 ;
12 41 0.09886893 ;
13 41 -0.7603338 ;
14 41 0.478378 ;
15 41 0.906386 ;
17 41 -0.02235255 ;
18 41 0.2590021 ;
21 41 0.7829579 ;
22 41 0.3597106 ;
23 41 -0.3511558 ;
24 41 0.2944353 ;
25 41 0.5014455 ;
26 41 0.1393694 ;
27 41 -0.08929097 ;
28 41 0.3956527 ;
29 41 -0.5161516 ;
30 41 0.4179345 ;
32 41 0.9471443 ;
33 41 0.5396725 ;
34 41 0.6806673 ;
36 41 0.9090991 ;
37 41 -0.2024509 ;
38 41 -0.8270878 ;
39 41 -0.9128824 ;
40 41 -0.5368263 ;
0 42 0.4298593 ;
1 42 -0.6316201 ;
2 42 -0.2130576 ;
3 42 0.3732665 ;
4 42 0.9703818 ;
5 42 0.03094061 ;
6 42 0.634679 ;
7 42 -0.3560183 ;
8 42 0.1703857 ;
10 42 0.6643782 ;
11 42 -0.07786118 ;
12 42 -0.1824112 ;
13 42 0.7800193 ;
14 42 0.2369523 ;
15 42 0.9345126 ;
17 42 0.9113218 ;
19 42 -0.6111979 ;
20 42 -0.3558303 ;
21 42 -0.06729523 ;
22 42 -0.6019837 ;
24 42 0.358964 ;
25 42 -0.1876169 ;
26 42 -0.5238667 ;
28 42 0.5405794 ;
29 42 0.7745549 ;
30 42 0.7432487 ;
32 42 0.3940836 ;
33 42 -0.1912154 ;
34 42 -0.6337767 ;
35 42 0.9715626 ;
36 42 0.09156975 ;
37 42 0.1438117 ;
38 42 0.6154829 ;
40 42 -0.6343553 ;
0 43 0.5503468 ;
2 43 0.2181981 ;
4 43 0.8683388 ;
5 43 -0.628705 ;
6 43 -0.03540276 ;
7 43 -0.4792023 ;
8 43 0.2887061 ;
9 43 -0.1070887 ;
11 43 -0.1991858 ;
12 43 0.8264372 ;
13 43 0.09701411 ;
15 43 0.8298369 ;
16 43 -0.6205961 ;
17 43 0.5356091 ;
19 43 -0.2233599 ;
20 43 -0.4416141 ;
21 43 -0.1071549 ;
23 43 0.935135 ;
26 43 -0.7388156 ;
27 43 0.6735582 ;
28 43 -0.5200897 ;
30 43 -0.9759099 ;
31 43 -0.1794463 ;
32 43 0.4762434 ;
34 43 -0.2221382 ;
35 43 -0.4776044 ;
36 43 -0.5023141 ;
38 43 -0.5162154 ;
39 43 0.3961524 ;
40 43 -0.5444442 ;
41 43 0.4545371 ;
42 43 0.05061058 ;
0 44 0.8401201 ;
3 44 -0.3771478 ;
4 44 -0.1073192 ;
5 44 0.8169652 ;
6 44 0.4126113 ;
7 44 0.5126966 ;
8 44 0.1141389 ;
9 44 -0.7113206 ;
10 44 0.5952466 ;
11 44 0.2871776 ;
12 44 0.3039593 ;
13 44 -0.8744998 ;
16 44 0.04338227 ;
17 44 0.5363107 ;
18 44 0.515109 ;
19 44 0.3452941 ;
20 44 0.3489613 ;
24 44 0.5770197 ;
26 44 -0.8457302 ;
27 44 -0.5975808 ;
28 44 0.6490453 ;
29 44 0.9232041 ;
30 44 -0.6222114 ;
31 44 -0.8324501 ;
33 44 0.3863704 ;
37 44 0.9044454 ;
38 44 0.8071224 ;
40 44 -0.9114228 ;
41 44 -0.1967279 ;
42 44 0.6153634 ;
43 44 0.67241 ;
0 45 -0.4071433 ;
3 45 -0.5485915 ;
7 45 0.6042935 ;
8 45 -0.8604635 ;
9 45 -0.9926111 ;
10 45 0.973849 ;
13 45 -0.2605469 ;
14 45 -0.982431 ;
15 45 0.1529925 ;
17 45 -0.6602686 ;
18 45 0.7435671 ;
19 45 0.441379 ;
20 45 -0.776523 ;
22 45 -0.9357325 ;
23 45 -0.2994656 ;
24 45 0.3579277 ;
25 45 -0.2340355 ;
26 45 -0.5976741 ;
27 45 -0.6688068 ;
28 45 0.2115982 ;
29 45 0.7233825 ;
31 45 -0.4176273 ;
33 45 -0.6306085 ;
34 45 -0.9270843 ;
35 45 -0.3491581 ;
36 45 0.3803621 ;
37 45 0.2401437 ;
38 45 -0.5508636 ;
39 45 -0.09351917 ;
40 45 -0.1891381 ;
41 45 0.4197874 ;
43 45 0.02279186 ;
44 45 -0.6024004 ;
0 46 0.693464 ;
1 46 0.3348161 ;
3 46 0.7311769 ;
4 46 -0.6944089 ;
5 46 0.9640991 ;
6 46 0.466344 ;
7 46 -0.01535532 ;
9 46 -0.7394517 ;
10 46 -0.007356731 ;
11 46 0.3788468 ;
12 46 -0.7626517 ;
13 46 0.05145942 ;
14 46 0.8635229 ;
16 46 -0.4229688 ;
17 46 -0.4292186 ;
18 46 -0.2138353 ;
19 46 -0.9681196 ;
21 46 0.5161988 ;
22 46 -0.3007871 ;
23 46 -0.864695 ;
24 46 0.2311461 ;
25 46 0.801733 ;
27 46 0.8713222 ;
28 46 -0.7861954 ;
31 46 0.2004929 ;
32 46 -0.3504773 ;
33 46 0.08851487 ;
34 46 -0.76623 ;
35 46 0.03326515 ;
37 46 0.4757248 ;
39 46 -0.5851607 ;
40 46 -0.7437588 ;
41 46 0.5057033 ;
42 46 -0.409728 ;
43 46 -0.3545403 ;
44 46 -0.759928 ;
0 47 0.5874709 ;
1 47 0.2233854 ;
2 47 -0.5241997 ;
4 47 0.5450552 ;
5 47 0.6717194 ;
7 47 0.6138319 ;
8 47 -0.4948713 ;
9 47 0.9555607 ;
10 47 0.04853437 ;
11 47 -0.2559951 ;
12 47 0.09750107 ;
13 47 -0.474883 ;
14 47 0.1999869 ;
15 47 0.4612753 ;
16 47 -0.4801126 ;
17 47 0.4115572 ;
18 47 0.9884016 ;
19 47 -0.1674613 ;
20 47 0.4669561 ;
22 47 -0.3392499 ;
23 47 0.4628872 ;
24 47 -0.2833489 ;
25 47 0.2875142 ;
26 47 -0.8439071 ;
27 47 -0.901398 ;
28 47 -0.05138565 ;
29 47 -0.9031509 ;
31 47 0.06951502 ;
32 47 -0.002361336 ;
33 47 0.838185 ;
34 47 0.1568801 ;
35 47 0.3500658 ;
36 47 0.2488868 ;
37 47 -0.5139193 ;
39 47 0.6421114 ;
40 47 0.08762966 ;
41 47 0.2248941 ;
43 47 0.5838715 ;
44 47 -0.08260529 ;
45 47 0.05811781 ;
46 47 -0.2713136 ;
0 48 -0.2053744 ;
1 48 0.6374602 ;
2 48 0.5309925 ;
3 48 -0.8507916 ;
4 48 0.1577744 ;
5 48 -0.3149946 ;
6 48 -0.07052779 ;
7 48 -0.2763016 ;
8 48 0.3565071 ;
9 48 0.2128507 ;
10 48 0.1437549 ;
11 48 0.7444048 ;
14 48 -0.3473571 ;
15 48 0.2855451 ;
17 48 0.9791791 ;
18 48 0.7773383 ;
20 48 -0.9905113 ;
22 48 -0.6579692 ;
24 48 0.439576 ;
25 48 0.4376346 ;
26 48 -0.8998244 ;
27 48 -0.4902113 ;
28 48 -0.2545765 ;
29 48 -0.5352622 ;
30 48 -0.8897114 ;
31 48 0.08505421 ;
34 48 0.0138765 ;
35 48 0.6098381 ;
36 48 0.3295147 ;
37 48 0.01132226 ;
40 48 -0.6002165 ;
41 48 0.5647268 ;
42 48 0.3365967 ;
45 48 0.1348843 ;
46 48 0.2226473 ;
47 48 0.1899802 ;
0 49 0.6320852 ;
1 49 -0.5741617 ;
5 49 0.5678864 ;
7 49 -0.7553758 ;
8 49 0.153053 ;
9 49 0.3976028 ;
10 49 0.4911133 ;
12 49 -0.9422292 ;
14 49 0.5773192 ;
16 49 0.6421779 ;
17 49 0.3489228 ;
18 49 0.3943311 ;
19 49 -0.1207698 ;
20 49 -0.3538941 ;
21 49 -0.9948329 ;
22 49 0.2027245 ;
24 49 -0.8714808 ;
26 49 -0.5172695 ;
28 49 -0.5446324 ;
29 49 -0.6460815 ;
30 49 0.08111506 ;
31 49 -0.8625733 ;
32 49 -0.7382602 ;
34 49 -0.3051315 ;
36 49 0.2215174 ;
37 49 0.4570959 ;
38 49 -0.7113697 ;
39 49 -0.8002839 ;
40 49 0.1482784 ;
41 49 -0.9116205 ;
42 49 0.3785483 ;
43 49 0.4117142 ;
44 49 -0.4467586 ;
45 49 -0.2174777 ;
46 49 0.5615652 ;
47 49 0.580767 ;
48 49 0.4572467 ]