n =  35
taille =  475
Mat = [0 1 -0.5964175 ;
0 2 -0.5616039 ;
1 2 -0.1471495 ;
0 3 -0.5686622 ;
1 3 0.9144631 ;
2 3 -0.6021969 ;
0 4 0.932375 ;
2 4 0.3456243 ;
3 4 0.9831392 ;
0 5 0.9129592 ;
1 5 0.5600175 ;
2 5 -0.8472765 ;
3 5 -0.7963123 ;
4 5 0.5532487 ;
0 6 0.418048 ;
1 6 0.7608728 ;
2 6 0.2753896 ;
3 6 0.7564036 ;
4 6 0.7873642 ;
5 6 -0.2209048 ;
0 7 -0.5223609 ;
2 7 -0.03265463 ;
4 7 -0.693547 ;
5 7 0.4047514 ;
6 7 0.9543135 ;
0 8 0.0933763 ;
1 8 -0.3956244 ;
2 8 -0.7730118 ;
3 8 0.9430824 ;
4 8 -0.2374128 ;
6 8 -0.5883506 ;
0 9 -0.4349858 ;
1 9 0.6729291 ;
2 9 -0.2440026 ;
3 9 0.5601075 ;
4 9 -0.8490563 ;
5 9 0.2715288 ;
6 9 -0.4708069 ;
7 9 0.2602932 ;
8 9 0.1569897 ;
0 10 -0.57695 ;
1 10 -0.2317556 ;
2 10 0.5394015 ;
3 10 0.3819887 ;
4 10 0.4057103 ;
6 10 0.9532824 ;
7 10 -0.1763181 ;
8 10 -0.2150065 ;
9 10 -0.121916 ;
0 11 0.04754317 ;
1 11 0.1243427 ;
2 11 -0.5726153 ;
4 11 -0.508501 ;
5 11 0.05203133 ;
6 11 -0.9008477 ;
7 11 -0.5354465 ;
8 11 -0.1634457 ;
9 11 0.1185508 ;
0 12 -0.9161552 ;
2 12 -0.9068793 ;
3 12 -0.1524288 ;
5 12 0.4566122 ;
6 12 0.6130627 ;
7 12 -0.0006038565 ;
9 12 -0.8828061 ;
10 12 0.7022707 ;
11 12 0.9105533 ;
0 13 -0.07991428 ;
1 13 -0.7645775 ;
2 13 -0.7338031 ;
4 13 0.5573224 ;
5 13 -0.9453618 ;
6 13 -0.2373624 ;
7 13 0.4497616 ;
8 13 -0.130209 ;
10 13 -0.7253203 ;
11 13 -0.5456638 ;
0 14 -0.1091898 ;
1 14 -0.503686 ;
2 14 0.499362 ;
3 14 -0.1131919 ;
5 14 -0.1778038 ;
6 14 -0.5752737 ;
8 14 -0.559475 ;
9 14 -0.3210465 ;
10 14 0.4516972 ;
11 14 -0.7630022 ;
12 14 -0.4343286 ;
13 14 0.3409908 ;
0 15 -0.2623339 ;
1 15 -0.8988407 ;
2 15 -0.2427893 ;
3 15 -0.4054452 ;
8 15 -0.8245687 ;
9 15 -0.7437831 ;
10 15 -0.3641944 ;
11 15 -0.8141018 ;
13 15 -0.4045883 ;
14 15 -0.6521676 ;
0 16 -0.07669922 ;
1 16 0.234448 ;
2 16 0.6216569 ;
5 16 -0.3897897 ;
6 16 0.01516439 ;
7 16 -0.2648815 ;
9 16 0.116592 ;
10 16 -0.9068318 ;
12 16 0.73551 ;
13 16 -0.3771846 ;
14 16 -0.08573879 ;
15 16 0.5779844 ;
0 17 0.4579086 ;
1 17 0.9798813 ;
2 17 -0.3241966 ;
3 17 0.2840324 ;
4 17 -0.1765119 ;
5 17 -0.7036026 ;
7 17 0.6976891 ;
8 17 -0.9333144 ;
9 17 -0.04536764 ;
10 17 0.193869 ;
12 17 -0.9478448 ;
14 17 0.5893017 ;
15 17 0.04441528 ;
16 17 -0.3058987 ;
0 18 0.3983031 ;
2 18 0.5600124 ;
4 18 0.8330848 ;
5 18 0.3988037 ;
6 18 -0.500804 ;
7 18 0.7078636 ;
10 18 -0.109296 ;
11 18 0.1783415 ;
12 18 -0.173724 ;
13 18 -0.2909961 ;
15 18 -0.003216176 ;
16 18 0.1153397 ;
0 19 -0.7504768 ;
1 19 0.0902463 ;
2 19 0.0006537996 ;
4 19 -0.591598 ;
5 19 0.2568565 ;
6 19 0.6154289 ;
7 19 0.269172 ;
8 19 0.9103132 ;
9 19 0.712011 ;
11 19 -0.4499752 ;
13 19 -0.2682693 ;
14 19 0.835136 ;
16 19 0.2110253 ;
17 19 -0.321758 ;
0 20 -0.6628771 ;
3 20 -0.9332 ;
4 20 -0.6185038 ;
5 20 -0.6540126 ;
7 20 0.9174131 ;
9 20 -0.7647188 ;
11 20 0.3825882 ;
13 20 0.5600812 ;
14 20 0.862716 ;
15 20 0.4766654 ;
16 20 -0.03405013 ;
17 20 -0.9087974 ;
18 20 -0.5330399 ;
19 20 0.4756103 ;
0 21 -0.9987969 ;
1 21 0.3524757 ;
2 21 -0.7195907 ;
3 21 0.02585366 ;
4 21 0.7223891 ;
5 21 0.2534921 ;
6 21 -0.7509102 ;
7 21 0.3374177 ;
8 21 -0.08980588 ;
9 21 -0.7141967 ;
10 21 -0.9254343 ;
11 21 0.08423338 ;
12 21 -0.7921516 ;
13 21 -0.6387654 ;
15 21 -0.3674892 ;
17 21 -0.5308944 ;
18 21 0.04021274 ;
19 21 -0.2491021 ;
20 21 -0.161732 ;
0 22 0.9682111 ;
2 22 0.3219073 ;
3 22 -0.8818582 ;
7 22 0.9636436 ;
8 22 0.4480495 ;
9 22 0.4363658 ;
11 22 -0.3670555 ;
12 22 -0.5670942 ;
13 22 0.3759738 ;
14 22 0.5658391 ;
15 22 -0.04029682 ;
18 22 -0.8757092 ;
19 22 0.03100167 ;
20 22 -0.7209184 ;
21 22 -0.13915 ;
0 23 -0.3425013 ;
1 23 -0.1605178 ;
2 23 0.2643276 ;
3 23 0.1640076 ;
8 23 -0.7949264 ;
9 23 0.3187783 ;
10 23 0.9604102 ;
11 23 -0.7686141 ;
12 23 0.8980195 ;
13 23 0.9128407 ;
14 23 0.8270961 ;
15 23 0.5823547 ;
16 23 -0.678877 ;
17 23 0.637238 ;
18 23 0.7864278 ;
19 23 -0.5855355 ;
20 23 -0.2048733 ;
21 23 0.1374427 ;
22 23 0.5988094 ;
0 24 -0.5897821 ;
1 24 -0.6645058 ;
2 24 0.5374564 ;
3 24 0.2496467 ;
4 24 0.8004631 ;
6 24 -0.7915463 ;
7 24 -0.2626417 ;
8 24 -0.4740282 ;
9 24 0.1433898 ;
10 24 0.6416384 ;
12 24 0.4968859 ;
13 24 0.09083363 ;
14 24 0.8519454 ;
15 24 0.9128373 ;
17 24 -0.7084845 ;
18 24 -0.6805078 ;
19 24 0.8424612 ;
20 24 -0.2805681 ;
21 24 -0.4096211 ;
22 24 -0.756946 ;
23 24 -0.0977747 ;
1 25 -0.5004812 ;
2 25 -0.6619295 ;
3 25 -0.6186955 ;
4 25 -0.1161485 ;
5 25 0.863936 ;
6 25 -0.5074957 ;
8 25 -0.8745915 ;
9 25 -0.4588318 ;
10 25 0.04576881 ;
12 25 -0.9579019 ;
13 25 -0.3980267 ;
15 25 0.7597982 ;
16 25 -0.7638363 ;
17 25 0.8313658 ;
18 25 0.232222 ;
19 25 0.6742034 ;
20 25 0.2683165 ;
21 25 0.8385309 ;
22 25 0.03823463 ;
24 25 -0.969245 ;
0 26 0.3874303 ;
1 26 -0.3257411 ;
2 26 0.5993856 ;
3 26 0.9578944 ;
4 26 0.555676 ;
5 26 0.6232438 ;
6 26 0.3907193 ;
8 26 -0.7564123 ;
11 26 -0.5925361 ;
12 26 0.8372503 ;
13 26 -0.1986662 ;
14 26 0.8667463 ;
15 26 -0.6629607 ;
16 26 0.9966725 ;
17 26 0.2506154 ;
18 26 0.2063597 ;
19 26 -0.2876547 ;
20 26 -0.719855 ;
22 26 -0.384893 ;
23 26 -0.4155753 ;
24 26 0.2139536 ;
25 26 -0.3217453 ;
0 27 -0.738439 ;
1 27 -0.8452927 ;
2 27 0.1990938 ;
4 27 0.8002521 ;
5 27 0.4734189 ;
6 27 -0.2642862 ;
7 27 0.280317 ;
8 27 0.8232303 ;
9 27 -0.9999553 ;
10 27 -0.2121602 ;
11 27 -0.7108913 ;
12 27 0.2152006 ;
13 27 -0.6050161 ;
15 27 0.03019514 ;
17 27 -0.5584864 ;
19 27 0.1359473 ;
21 27 -0.5507485 ;
22 27 -0.5554001 ;
23 27 0.8864438 ;
25 27 0.2947161 ;
26 27 -0.6914532 ;
0 28 0.2267956 ;
1 28 -0.6157992 ;
2 28 0.4988015 ;
3 28 0.6421294 ;
4 28 0.1802503 ;
5 28 0.4749621 ;
6 28 -0.7796682 ;
7 28 -0.176431 ;
8 28 -0.324207 ;
9 28 -0.234425 ;
10 28 -0.9835313 ;
12 28 0.6356609 ;
13 28 -0.2038562 ;
14 28 -0.8612079 ;
15 28 0.9520638 ;
18 28 0.4053186 ;
19 28 0.3434669 ;
20 28 -0.8437483 ;
21 28 -0.2752738 ;
22 28 0.8906782 ;
23 28 -0.2262958 ;
24 28 -0.8447123 ;
25 28 0.1790118 ;
26 28 -0.7739934 ;
2 29 -0.4014507 ;
4 29 -0.3002843 ;
5 29 0.9586984 ;
6 29 -0.1554726 ;
7 29 -0.4683586 ;
8 29 0.8881348 ;
9 29 -0.4392847 ;
11 29 -0.5234831 ;
12 29 0.08194443 ;
13 29 -0.7748845 ;
14 29 0.633883 ;
15 29 0.5067839 ;
16 29 -0.2363998 ;
17 29 -0.3248475 ;
18 29 0.8559167 ;
19 29 0.6232614 ;
21 29 0.6671194 ;
22 29 0.6978548 ;
23 29 0.7950325 ;
24 29 -0.7417846 ;
25 29 0.9396168 ;
27 29 0.1593652 ;
28 29 0.6923389 ;
0 30 -0.7473391 ;
1 30 -0.9226303 ;
2 30 -0.2232542 ;
3 30 0.9764967 ;
4 30 -0.4726875 ;
7 30 0.5851025 ;
8 30 0.4986739 ;
9 30 -0.6895793 ;
11 30 0.5882781 ;
13 30 0.7499082 ;
14 30 -0.5753289 ;
16 30 0.8298263 ;
17 30 0.4911748 ;
18 30 -0.456241 ;
19 30 -0.4448351 ;
20 30 -0.6430025 ;
21 30 -0.3951058 ;
22 30 -0.9063034 ;
23 30 -0.9935668 ;
24 30 0.1934631 ;
25 30 0.4050455 ;
26 30 0.6056626 ;
27 30 -0.3772317 ;
28 30 -0.1230926 ;
29 30 -0.9947465 ;
0 31 -0.2702125 ;
1 31 0.6584351 ;
2 31 -0.6204571 ;
3 31 0.08748334 ;
5 31 0.9510113 ;
7 31 -0.6017046 ;
8 31 -0.1221811 ;
9 31 -0.6893903 ;
11 31 0.4048137 ;
12 31 0.09740255 ;
13 31 0.5010804 ;
14 31 0.1469843 ;
15 31 0.08802147 ;
16 31 -0.6027841 ;
17 31 -0.3963237 ;
18 31 0.5135874 ;
19 31 0.2577457 ;
20 31 0.7317577 ;
21 31 -0.8314548 ;
22 31 0.1415172 ;
23 31 -0.5450377 ;
24 31 -0.3069921 ;
25 31 -0.8843361 ;
26 31 0.6152971 ;
27 31 0.7636596 ;
29 31 -0.3648615 ;
0 32 0.5828243 ;
1 32 -0.03110524 ;
2 32 -0.2668667 ;
4 32 0.1077498 ;
6 32 0.2173138 ;
7 32 -0.6656662 ;
8 32 0.7426866 ;
9 32 -0.3242763 ;
10 32 0.516557 ;
12 32 0.1556428 ;
14 32 0.5175126 ;
15 32 0.433406 ;
17 32 0.572186 ;
19 32 -0.002797294 ;
20 32 -0.005100787 ;
21 32 -0.1231349 ;
22 32 0.03000398 ;
23 32 0.7114584 ;
24 32 -0.4595747 ;
25 32 0.1468434 ;
26 32 0.5843577 ;
27 32 0.7151647 ;
28 32 -0.7424624 ;
29 32 0.5694538 ;
30 32 0.1727516 ;
31 32 -0.1934835 ;
0 33 0.1641442 ;
1 33 0.3969675 ;
2 33 0.9846183 ;
4 33 0.588696 ;
5 33 0.1222395 ;
6 33 -0.9603095 ;
7 33 0.8549261 ;
8 33 0.9370884 ;
9 33 -0.01349155 ;
10 33 0.1005132 ;
11 33 0.9984175 ;
13 33 -0.6922906 ;
14 33 0.4843517 ;
15 33 0.7091739 ;
17 33 -0.8789511 ;
21 33 -0.7711334 ;
22 33 0.4677072 ;
25 33 0.6748678 ;
26 33 0.1009475 ;
27 33 -0.3231599 ;
29 33 -0.1546997 ;
30 33 -0.9760105 ;
31 33 -0.1816517 ;
1 34 -0.5404557 ;
2 34 0.4678816 ;
3 34 0.9395365 ;
4 34 -0.7841435 ;
5 34 0.7618646 ;
6 34 -0.05573277 ;
8 34 -0.814272 ;
9 34 -0.80116 ;
11 34 -0.5123459 ;
14 34 0.1443184 ;
15 34 -0.1421671 ;
16 34 0.1067263 ;
17 34 -0.4155462 ;
20 34 -0.699852 ;
21 34 0.7179552 ;
22 34 -0.2458458 ;
23 34 0.986798 ;
24 34 0.8558445 ;
26 34 0.8559312 ;
27 34 -0.5465923 ;
28 34 0.8869441 ;
29 34 -0.9785204 ;
30 34 -0.7543952 ;
31 34 0.899628 ;
32 34 0.1839044 ;
33 34 0.9957081 ]