n =  30
taille =  347
Mat = [0 1 -0.09491828 ;
0 2 0.9575804 ;
1 2 -0.6626213 ;
0 3 -0.2603019 ;
2 3 0.0767538 ;
0 4 0.7389945 ;
2 4 0.3382603 ;
3 4 -0.6757172 ;
0 5 0.8223188 ;
1 5 -0.9824293 ;
2 5 0.8591362 ;
3 5 -0.4685263 ;
4 5 0.8186824 ;
0 6 -0.09797181 ;
3 6 -0.08720408 ;
4 6 0.2025408 ;
5 6 -0.6754356 ;
0 7 0.543379 ;
1 7 0.6807611 ;
2 7 0.9424681 ;
3 7 0.9142519 ;
4 7 0.2527967 ;
6 7 -0.7954718 ;
0 8 0.7425322 ;
2 8 0.4524775 ;
3 8 -0.9108548 ;
5 8 -0.8359342 ;
6 8 -0.505144 ;
7 8 0.06823494 ;
0 9 -0.06696614 ;
1 9 0.331691 ;
2 9 0.2614587 ;
3 9 -0.5015306 ;
4 9 -0.5899029 ;
5 9 0.5767564 ;
6 9 0.6738935 ;
7 9 -0.7132178 ;
0 10 -0.2947489 ;
1 10 -0.8076245 ;
2 10 0.5622317 ;
3 10 -0.09098774 ;
4 10 -0.4415616 ;
6 10 -0.4159601 ;
7 10 -0.2441369 ;
8 10 0.8731927 ;
9 10 -0.3268979 ;
0 11 0.6841687 ;
1 11 0.4431933 ;
3 11 -0.2716721 ;
4 11 -0.02167851 ;
5 11 -0.8022435 ;
6 11 0.01403579 ;
7 11 -0.7418144 ;
8 11 -0.9115987 ;
10 11 0.2789174 ;
0 12 -0.3336519 ;
1 12 0.5489186 ;
2 12 -0.683746 ;
3 12 -0.1979656 ;
7 12 0.4120712 ;
8 12 0.4807715 ;
9 12 0.3505676 ;
10 12 -0.385601 ;
2 13 -0.6911055 ;
4 13 -0.1383804 ;
5 13 -0.06237069 ;
7 13 -0.9039878 ;
9 13 -0.7418303 ;
11 13 0.8603541 ;
12 13 -0.1775353 ;
0 14 -0.7109198 ;
1 14 0.3432135 ;
3 14 0.6209047 ;
5 14 -0.1875586 ;
6 14 -0.8053022 ;
8 14 -0.673091 ;
9 14 -0.7219386 ;
10 14 0.1624598 ;
11 14 0.9062178 ;
12 14 0.3384849 ;
13 14 0.754514 ;
0 15 0.3397211 ;
1 15 0.8823733 ;
2 15 0.375292 ;
4 15 0.2064391 ;
5 15 -0.9064069 ;
7 15 0.9882707 ;
8 15 0.6716757 ;
9 15 0.3198492 ;
10 15 0.9768665 ;
11 15 0.2417464 ;
12 15 0.04317447 ;
13 15 -0.9869116 ;
14 15 0.2215386 ;
1 16 -0.6935867 ;
2 16 -0.5494778 ;
3 16 -0.2864211 ;
4 16 -0.4120152 ;
5 16 -0.4424477 ;
6 16 -0.734505 ;
7 16 0.3945017 ;
8 16 0.1011873 ;
9 16 0.4077056 ;
10 16 0.03728694 ;
11 16 0.6404893 ;
12 16 0.6742714 ;
13 16 0.08404236 ;
15 16 0.07016089 ;
1 17 0.3684059 ;
2 17 -0.730443 ;
3 17 -0.6855862 ;
4 17 0.1679745 ;
5 17 0.1005478 ;
6 17 0.02226699 ;
7 17 0.6026074 ;
8 17 0.5831704 ;
9 17 0.07136505 ;
10 17 -0.8298559 ;
11 17 -0.2947496 ;
13 17 0.08843249 ;
16 17 -0.3609514 ;
0 18 0.06832203 ;
1 18 -0.07822031 ;
2 18 -0.8628978 ;
4 18 0.9796677 ;
5 18 -0.9312416 ;
6 18 -0.5063374 ;
7 18 -0.7916004 ;
8 18 0.0257891 ;
9 18 0.1065281 ;
10 18 0.3571776 ;
12 18 0.7328497 ;
13 18 -0.642005 ;
14 18 0.05244812 ;
15 18 -0.5268793 ;
16 18 0.2257188 ;
17 18 0.2637136 ;
1 19 0.1069365 ;
2 19 -0.3726626 ;
3 19 -0.2005696 ;
4 19 -0.407167 ;
5 19 -0.1950393 ;
6 19 -0.9679429 ;
7 19 -0.5095978 ;
8 19 -0.1952193 ;
9 19 -0.5250913 ;
11 19 -0.9912784 ;
12 19 0.4911389 ;
13 19 0.4648657 ;
14 19 0.05311584 ;
15 19 0.001376472 ;
16 19 0.9634074 ;
17 19 0.7091182 ;
18 19 -0.3571695 ;
0 20 0.7411705 ;
1 20 0.6754424 ;
2 20 0.02906778 ;
3 20 0.7209712 ;
4 20 0.7958624 ;
6 20 -0.5160031 ;
7 20 0.9451225 ;
8 20 0.1660692 ;
9 20 0.1290238 ;
11 20 0.3273565 ;
12 20 0.01191201 ;
13 20 -0.7902472 ;
14 20 0.1074965 ;
15 20 0.2662676 ;
16 20 -0.9063195 ;
17 20 -0.5878471 ;
18 20 0.02277808 ;
19 20 -0.650991 ;
0 21 -0.09974088 ;
1 21 -0.3730304 ;
2 21 -0.5639127 ;
3 21 0.772678 ;
4 21 -0.4991585 ;
5 21 -0.407359 ;
6 21 0.8818789 ;
7 21 0.9554922 ;
8 21 0.4485379 ;
9 21 0.4160661 ;
11 21 -0.4238955 ;
12 21 0.1596989 ;
14 21 -0.9609159 ;
16 21 -0.2427181 ;
19 21 0.2431355 ;
1 22 -0.3601379 ;
2 22 -0.07233497 ;
3 22 -0.4547909 ;
4 22 0.819033 ;
5 22 -0.7702575 ;
6 22 -0.1459183 ;
7 22 0.3294917 ;
8 22 0.1248599 ;
9 22 -0.4055258 ;
11 22 0.6328531 ;
12 22 0.9982496 ;
14 22 0.8217373 ;
16 22 -0.8753712 ;
19 22 -0.5974571 ;
20 22 -0.813021 ;
21 22 0.8242748 ;
0 23 0.04331108 ;
1 23 -0.5473402 ;
2 23 -0.1269845 ;
3 23 -0.8360268 ;
4 23 0.256409 ;
5 23 -0.8252749 ;
6 23 -0.03467008 ;
8 23 -0.05146073 ;
9 23 -0.3787405 ;
10 23 -0.113607 ;
12 23 0.7070932 ;
13 23 0.60068 ;
14 23 -0.3667234 ;
15 23 0.8346152 ;
16 23 0.474235 ;
17 23 -0.5486089 ;
18 23 0.3129671 ;
19 23 0.5456702 ;
20 23 -0.261846 ;
22 23 0.7949469 ;
0 24 0.1602639 ;
1 24 -0.07609333 ;
2 24 -0.08385985 ;
3 24 0.3248374 ;
4 24 0.3033085 ;
5 24 0.01544972 ;
6 24 -0.6252616 ;
7 24 -0.2033901 ;
8 24 -0.07684447 ;
9 24 0.1394357 ;
10 24 -0.1588452 ;
11 24 -0.9889646 ;
12 24 -0.497958 ;
13 24 0.834658 ;
14 24 -0.2137203 ;
15 24 -0.9016994 ;
16 24 -0.08893221 ;
17 24 -0.703346 ;
18 24 0.6724165 ;
20 24 -0.1184705 ;
21 24 -0.8683229 ;
0 25 0.3690177 ;
1 25 -0.7887145 ;
2 25 0.5608236 ;
3 25 -0.1469149 ;
4 25 -0.2658257 ;
5 25 0.02267001 ;
6 25 0.2403198 ;
9 25 0.6363761 ;
10 25 0.9847688 ;
11 25 -0.2040978 ;
13 25 0.5611598 ;
14 25 -0.0880134 ;
16 25 -0.1942261 ;
17 25 0.237563 ;
18 25 -0.7085461 ;
19 25 -0.5268111 ;
21 25 -0.2438197 ;
24 25 0.9172291 ;
1 26 -0.1442372 ;
2 26 -0.9808015 ;
3 26 -0.4357477 ;
4 26 -0.9348263 ;
5 26 -0.006122157 ;
6 26 0.5414398 ;
7 26 0.4530636 ;
8 26 0.2727391 ;
9 26 0.128991 ;
10 26 0.9030424 ;
11 26 -0.4021516 ;
12 26 0.1015732 ;
13 26 -0.9144514 ;
14 26 0.6086333 ;
15 26 0.8245518 ;
16 26 -0.4800979 ;
17 26 0.6753049 ;
18 26 0.2776157 ;
19 26 -0.6528021 ;
21 26 -0.5350621 ;
23 26 -0.4687351 ;
24 26 0.1295571 ;
25 26 -0.3604074 ;
1 27 0.0666531 ;
6 27 0.6030422 ;
7 27 0.8179242 ;
8 27 0.02767546 ;
10 27 0.183875 ;
12 27 -0.0371338 ;
13 27 -0.7727956 ;
14 27 -0.520013 ;
15 27 -0.1228229 ;
16 27 0.8040263 ;
17 27 -0.7097934 ;
18 27 -0.5476089 ;
19 27 0.8321664 ;
20 27 0.346167 ;
21 27 -0.4152562 ;
23 27 -0.3453597 ;
24 27 -0.8399991 ;
25 27 -0.9960683 ;
26 27 0.7064853 ;
0 28 0.09933703 ;
1 28 -0.9819169 ;
2 28 0.2523529 ;
3 28 0.621144 ;
4 28 0.7801736 ;
5 28 -0.3692579 ;
7 28 0.3268913 ;
8 28 0.5258539 ;
11 28 0.9191812 ;
12 28 -0.6425686 ;
13 28 -0.5835482 ;
14 28 -0.04041803 ;
15 28 -0.5702405 ;
17 28 -0.05006046 ;
19 28 0.2522771 ;
20 28 0.7677902 ;
21 28 -0.5596199 ;
22 28 0.2487452 ;
23 28 -0.5161921 ;
25 28 -0.06101625 ;
27 28 0.588577 ;
3 29 -0.01631431 ;
5 29 0.3941012 ;
6 29 0.7027032 ;
7 29 0.5459922 ;
8 29 0.9504343 ;
9 29 0.2552756 ;
10 29 0.4321994 ;
11 29 -0.170521 ;
12 29 0.180193 ;
14 29 0.5138617 ;
15 29 0.540585 ;
16 29 -0.9698917 ;
17 29 0.2629239 ;
18 29 0.3054484 ;
19 29 -0.1106982 ;
20 29 0.198716 ;
21 29 -0.6387691 ;
24 29 -0.7057745 ;
25 29 0.277388 ;
26 29 -0.8956028 ;
27 29 -0.5226548 ;
28 29 -0.02960298 ]