n =  40
taille =  384
Mat = [0 2 0.2811968 ;
1 2 -0.0452377 ;
0 4 0.3601274 ;
1 4 0.5761743 ;
3 4 0.8334175 ;
0 5 0.2250799 ;
2 5 0.8884874 ;
3 5 0.514273 ;
4 5 -0.8778667 ;
0 6 -0.7194248 ;
3 6 0.4696469 ;
4 6 -0.8162865 ;
1 7 -0.4743138 ;
2 7 0.2583411 ;
6 7 0.2326513 ;
1 8 -0.876586 ;
3 8 0.3450404 ;
7 8 0.1037271 ;
0 9 0.3721361 ;
2 9 0.7063198 ;
3 9 0.2592187 ;
6 9 0.1259157 ;
7 9 0.5710219 ;
8 9 -0.4430998 ;
4 10 0.2716704 ;
5 10 -0.6836543 ;
6 10 -0.7588608 ;
3 11 0.9400845 ;
5 11 -0.3536424 ;
8 11 -0.8310033 ;
9 11 -0.8026826 ;
10 11 -0.2967079 ;
0 12 0.8189393 ;
1 12 -0.6448853 ;
3 12 0.9271846 ;
4 12 -0.5415043 ;
5 12 -0.06942178 ;
6 12 -0.3514568 ;
7 12 -0.8710018 ;
8 12 -0.2367607 ;
9 12 0.4590078 ;
11 12 0.7116739 ;
2 13 0.7741831 ;
3 13 0.8693045 ;
4 13 -0.7012024 ;
5 13 -0.4702728 ;
6 13 -0.03840245 ;
8 13 -0.1512697 ;
10 13 -0.02183294 ;
12 13 -0.3367266 ;
1 14 -0.4483465 ;
3 14 0.7227032 ;
6 14 -0.8519848 ;
8 14 0.4459764 ;
9 14 0.854035 ;
11 14 -0.6520334 ;
12 14 0.8370064 ;
0 15 0.255343 ;
1 15 -0.008146877 ;
5 15 -0.3005421 ;
6 15 -0.6051625 ;
7 15 0.3303017 ;
13 15 -0.6298429 ;
0 16 0.753045 ;
1 16 0.7648628 ;
2 16 0.3572263 ;
3 16 -0.3337951 ;
4 16 -0.6765462 ;
6 16 0.6204386 ;
7 16 0.8475585 ;
8 16 -0.4807469 ;
9 16 0.8065328 ;
11 16 0.1045861 ;
12 16 -0.6867399 ;
1 17 0.1334403 ;
3 17 0.3343563 ;
5 17 0.3604743 ;
6 17 -0.6570711 ;
11 17 0.3428896 ;
13 17 0.1040346 ;
14 17 0.05064265 ;
15 17 0.9080838 ;
0 18 0.947007 ;
2 18 -0.09340734 ;
4 18 -0.3196022 ;
7 18 0.3712388 ;
8 18 0.6721003 ;
9 18 -0.2274747 ;
12 18 -0.525858 ;
13 18 -0.3822865 ;
14 18 -0.5806002 ;
3 19 0.3293482 ;
5 19 -0.6293431 ;
6 19 0.3950825 ;
7 19 -0.9638418 ;
8 19 -0.964376 ;
12 19 -0.4420361 ;
14 19 -0.2732105 ;
16 19 -0.3429829 ;
17 19 0.9012413 ;
1 20 0.4399533 ;
5 20 -0.345185 ;
7 20 -0.2234672 ;
10 20 0.3031544 ;
15 20 -0.6201177 ;
16 20 0.9101781 ;
19 20 0.2920879 ;
0 21 -0.4254633 ;
3 21 0.1965834 ;
4 21 0.5672307 ;
7 21 0.8679928 ;
13 21 -0.567352 ;
16 21 -0.2312379 ;
17 21 -0.282575 ;
3 22 -0.2452951 ;
5 22 0.004672706 ;
7 22 -0.1423314 ;
10 22 -0.8256359 ;
11 22 0.09014773 ;
13 22 0.4387522 ;
14 22 0.4237335 ;
16 22 -0.3003254 ;
17 22 -0.3913964 ;
18 22 -0.9285664 ;
19 22 0.9411927 ;
20 22 0.4475861 ;
21 22 0.86635 ;
14 23 0.8188913 ;
17 23 -0.6386888 ;
18 23 -0.7049938 ;
19 23 0.6235171 ;
20 23 -0.3832598 ;
22 23 -0.3271696 ;
0 24 -0.6337778 ;
3 24 -0.6387215 ;
4 24 0.7023293 ;
7 24 0.351646 ;
8 24 0.8219108 ;
10 24 0.2862349 ;
11 24 0.06257261 ;
12 24 -0.8098999 ;
14 24 0.958555 ;
15 24 -0.6077224 ;
18 24 0.1378786 ;
19 24 -0.5216633 ;
23 24 0.543594 ;
0 25 0.08288929 ;
1 25 0.06984614 ;
2 25 -0.7053915 ;
6 25 -0.6310924 ;
7 25 0.9327292 ;
8 25 -0.6604351 ;
10 25 0.7319235 ;
13 25 -0.4989549 ;
14 25 -0.5556244 ;
19 25 -0.2246248 ;
20 25 0.6933868 ;
21 25 0.2229134 ;
22 25 0.3600705 ;
23 25 0.1250025 ;
2 26 0.2021589 ;
3 26 0.815497 ;
5 26 0.9213039 ;
6 26 -0.5368052 ;
7 26 -0.2335041 ;
10 26 -0.7054196 ;
13 26 -0.259363 ;
14 26 -0.1692048 ;
15 26 0.6501927 ;
17 26 -0.6617029 ;
19 26 -0.4286329 ;
22 26 0.0783616 ;
23 26 -0.8427191 ;
1 27 0.2604343 ;
2 27 0.1679231 ;
4 27 -0.5353431 ;
5 27 0.05495529 ;
9 27 0.09272692 ;
11 27 -0.08348186 ;
17 27 0.7039076 ;
20 27 0.1995901 ;
22 27 -0.2132813 ;
23 27 -0.4354205 ;
26 27 -0.8613114 ;
0 28 -0.688064 ;
1 28 0.171173 ;
2 28 -0.2814835 ;
3 28 -0.4040781 ;
5 28 0.3779578 ;
6 28 -0.8895484 ;
7 28 0.5038628 ;
10 28 0.3855061 ;
12 28 0.07282602 ;
14 28 0.2949204 ;
15 28 -0.3509891 ;
16 28 0.3192195 ;
17 28 -0.649677 ;
18 28 -0.3699722 ;
21 28 0.01683731 ;
24 28 -0.0334477 ;
25 28 -0.1307421 ;
26 28 -0.3609476 ;
27 28 0.06193677 ;
3 29 0.7155292 ;
6 29 0.2657441 ;
8 29 -0.7168073 ;
9 29 -0.2901023 ;
11 29 -0.5932612 ;
12 29 -0.650768 ;
13 29 0.5592253 ;
14 29 -0.3578387 ;
18 29 0.5502664 ;
19 29 0.09197603 ;
27 29 -0.1989805 ;
28 29 -0.8828259 ;
1 30 -0.6202469 ;
3 30 -0.5135455 ;
5 30 -0.450243 ;
6 30 -0.8353452 ;
7 30 0.03673206 ;
12 30 0.1138012 ;
15 30 0.6184649 ;
16 30 0.1239924 ;
17 30 0.7990864 ;
19 30 -0.09320648 ;
21 30 -0.4291221 ;
25 30 -0.7351319 ;
26 30 -0.2030705 ;
28 30 0.4253668 ;
0 31 -0.880989 ;
1 31 -0.9986927 ;
4 31 0.7124737 ;
5 31 -0.1618209 ;
6 31 -0.04338809 ;
9 31 0.2748002 ;
10 31 -0.7621683 ;
11 31 -0.6688385 ;
12 31 -0.1490961 ;
13 31 0.3457402 ;
14 31 -0.212323 ;
15 31 0.6690027 ;
17 31 0.6934264 ;
19 31 -0.3411871 ;
20 31 0.3305523 ;
22 31 -0.2520889 ;
25 31 0.7241732 ;
26 31 -0.03143164 ;
27 31 -0.2094656 ;
29 31 0.7289977 ;
30 31 0.3727715 ;
1 32 -0.5180377 ;
4 32 0.1588282 ;
6 32 -0.9012444 ;
7 32 0.9513696 ;
10 32 -0.933987 ;
12 32 0.7807463 ;
16 32 -0.08777819 ;
17 32 0.924364 ;
21 32 -0.08629543 ;
22 32 0.4481716 ;
23 32 0.7664518 ;
24 32 -0.07603383 ;
26 32 0.6551186 ;
27 32 -0.1388737 ;
31 32 0.3787192 ;
1 33 -0.5216881 ;
5 33 -0.4311581 ;
7 33 -0.3591137 ;
8 33 0.7489316 ;
9 33 0.8514767 ;
10 33 -0.1893064 ;
11 33 0.3602764 ;
12 33 -0.7338435 ;
13 33 -0.09054957 ;
15 33 0.5227161 ;
16 33 0.3516021 ;
17 33 0.1550841 ;
18 33 0.5668936 ;
24 33 -0.05061735 ;
25 33 -0.7654599 ;
26 33 -0.3401257 ;
27 33 -0.1213369 ;
30 33 -0.2137479 ;
31 33 0.7873245 ;
2 34 -0.1166334 ;
4 34 0.3447965 ;
5 34 -0.04390193 ;
8 34 0.9959013 ;
10 34 0.7954951 ;
11 34 -0.6013191 ;
12 34 -0.5899055 ;
13 34 0.08739031 ;
15 34 0.07572142 ;
16 34 -0.001149495 ;
19 34 0.9677385 ;
23 34 0.969931 ;
28 34 -0.1968326 ;
32 34 -0.1524395 ;
33 34 -0.7321472 ;
1 35 -0.8889033 ;
5 35 -0.09898101 ;
6 35 -0.5281963 ;
8 35 -0.82477 ;
12 35 -0.77462 ;
16 35 0.5434562 ;
17 35 0.6821714 ;
18 35 0.3496549 ;
19 35 -0.9926759 ;
20 35 -0.9549461 ;
21 35 -0.6097187 ;
22 35 -0.1543868 ;
23 35 0.3849002 ;
27 35 -0.7503125 ;
28 35 0.9101784 ;
29 35 -0.02774358 ;
30 35 -0.426704 ;
31 35 -0.7704898 ;
32 35 -0.1646626 ;
33 35 -0.9252078 ;
0 36 -0.1256547 ;
6 36 -0.337505 ;
7 36 -0.2820551 ;
12 36 -0.6845945 ;
13 36 0.09182063 ;
14 36 0.1683622 ;
16 36 -0.3389301 ;
17 36 0.8682377 ;
20 36 -0.4408175 ;
21 36 0.6305056 ;
23 36 0.5329155 ;
27 36 0.2910444 ;
30 36 -0.3320312 ;
31 36 0.4405692 ;
4 37 0.7619525 ;
5 37 -0.09015505 ;
6 37 -0.3357573 ;
7 37 0.8267212 ;
8 37 0.3243344 ;
9 37 -0.4277752 ;
10 37 -0.2697288 ;
11 37 -0.1301052 ;
16 37 0.775397 ;
18 37 0.3231848 ;
19 37 -0.613667 ;
20 37 0.5642166 ;
22 37 -0.2123515 ;
27 37 0.8815335 ;
30 37 0.9534444 ;
31 37 -0.5509672 ;
34 37 -0.2866765 ;
0 38 -0.4204724 ;
3 38 0.8631388 ;
5 38 0.6225675 ;
7 38 0.09539787 ;
13 38 -0.4238086 ;
16 38 -0.1267666 ;
18 38 0.6094843 ;
24 38 0.004610545 ;
26 38 0.7251122 ;
27 38 0.2858929 ;
28 38 -0.5204866 ;
29 38 -0.29671 ;
30 38 0.141956 ;
33 38 0.1031999 ;
37 38 0.227334 ;
0 39 0.3989528 ;
6 39 -0.08828435 ;
7 39 0.4805864 ;
9 39 -0.537549 ;
12 39 -0.6464499 ;
16 39 -0.5686955 ;
17 39 -0.5083679 ;
18 39 -0.305507 ;
19 39 -0.005331472 ;
24 39 0.4551616 ;
25 39 0.5080913 ;
26 39 -0.5621145 ;
27 39 0.5306552 ;
29 39 0.07329699 ;
30 39 -0.6612832 ;
31 39 -0.6527353 ;
33 39 0.07779403 ;
36 39 -0.2532301 ;
38 39 0.0308695 ]