n =  50
taille =  616
Mat = [0 1 -0.8732374 ;
1 2 0.1265607 ;
2 3 -0.6346445 ;
0 4 -0.6754759 ;
1 4 0.2550639 ;
2 4 0.00353586 ;
3 4 -0.1425449 ;
2 5 -0.01976408 ;
4 5 0.1741923 ;
0 6 -0.3711209 ;
2 6 0.15945 ;
5 6 0.4227675 ;
1 7 -0.8172785 ;
2 7 0.7812888 ;
5 7 0.3289105 ;
6 7 0.4973894 ;
1 8 -0.1038415 ;
2 8 0.2942125 ;
3 8 0.7311187 ;
2 9 -0.2592267 ;
4 9 -0.8262259 ;
5 9 0.4654922 ;
8 9 0.6481768 ;
0 10 -0.2854362 ;
1 10 0.5680871 ;
3 10 0.5018001 ;
6 10 0.2020724 ;
9 10 -0.9395848 ;
2 11 -0.4881878 ;
4 11 0.6901707 ;
5 11 -0.4160847 ;
8 11 0.6020897 ;
10 11 0.07572221 ;
0 12 -0.5887409 ;
2 12 0.5240287 ;
4 12 0.8637247 ;
8 12 -0.07385864 ;
9 12 -0.3969345 ;
10 12 -0.277138 ;
0 13 -0.8717539 ;
1 13 -0.1466451 ;
2 13 -0.5345372 ;
3 13 -0.683743 ;
5 13 0.746111 ;
6 14 0.5899506 ;
7 14 -0.7345214 ;
8 14 0.9518261 ;
12 14 -0.2643501 ;
13 14 -0.538644 ;
1 15 -0.7010878 ;
2 15 0.1941716 ;
5 15 -0.1097438 ;
6 15 -0.2733425 ;
8 15 -0.2857477 ;
9 15 -0.005336358 ;
11 15 -0.8509813 ;
12 15 -0.08773816 ;
0 16 -0.8177477 ;
3 16 0.7449407 ;
4 16 -0.2143296 ;
8 16 0.1700813 ;
10 16 -0.1915339 ;
12 16 -0.8819386 ;
14 16 0.6659187 ;
5 17 0.9759955 ;
6 17 -0.65067 ;
7 17 -0.2272543 ;
8 17 -0.329 ;
9 17 0.6005428 ;
11 17 0.6347823 ;
12 17 0.5557721 ;
1 18 -0.1698877 ;
5 18 0.5553609 ;
6 18 0.3654924 ;
9 18 -0.008943064 ;
11 18 0.4998638 ;
13 18 -0.8555665 ;
15 18 0.633425 ;
16 18 -0.1279718 ;
17 18 0.922351 ;
2 19 -0.499299 ;
4 19 0.7574875 ;
6 19 0.03797777 ;
7 19 0.9255906 ;
9 19 0.9425633 ;
11 19 -0.2440977 ;
12 19 0.4075831 ;
17 19 0.6677183 ;
18 19 -0.0799522 ;
0 20 0.4057623 ;
1 20 -0.354944 ;
3 20 0.8550112 ;
6 20 0.6150214 ;
8 20 0.2037411 ;
11 20 0.9574127 ;
12 20 0.3632261 ;
13 20 0.7823608 ;
14 20 -0.8950539 ;
16 20 0.7357536 ;
1 21 0.4375962 ;
4 21 -0.4172834 ;
5 21 -0.04465879 ;
6 21 0.08475185 ;
7 21 -0.6682979 ;
8 21 0.6665064 ;
9 21 0.1301155 ;
10 21 0.2898041 ;
12 21 -0.409463 ;
14 21 -0.8241703 ;
16 21 0.4901799 ;
17 21 0.8554196 ;
20 21 0.5296851 ;
0 22 0.3396656 ;
1 22 0.131675 ;
2 22 -0.6087326 ;
4 22 -0.4204422 ;
6 22 0.3465075 ;
7 22 -0.3667615 ;
12 22 0.7211752 ;
16 22 0.6827641 ;
19 22 -0.4093138 ;
20 22 -0.4208165 ;
21 22 -0.520885 ;
2 23 -0.7938723 ;
3 23 -0.4907449 ;
8 23 -0.4846031 ;
10 23 -0.2709154 ;
11 23 -0.1093574 ;
14 23 0.8754045 ;
15 23 -0.02282849 ;
16 23 -0.73416 ;
17 23 0.6732112 ;
20 23 0.6362495 ;
21 23 0.08845252 ;
22 23 -0.2599157 ;
3 24 -0.4806299 ;
4 24 0.4791989 ;
6 24 -0.4920938 ;
7 24 0.6622263 ;
8 24 0.3358485 ;
9 24 0.617352 ;
10 24 -0.08123559 ;
12 24 0.7719973 ;
17 24 0.7189152 ;
18 24 0.1320567 ;
22 24 -0.1203563 ;
23 24 -0.5746396 ;
0 25 -0.02585039 ;
1 25 -0.004150862 ;
3 25 -0.4665188 ;
7 25 0.6300183 ;
8 25 0.4736929 ;
9 25 -0.01099794 ;
11 25 -0.1491215 ;
12 25 -0.2722672 ;
16 25 -0.9218939 ;
17 25 -0.6336682 ;
19 25 -0.9134241 ;
20 25 -0.2516154 ;
22 25 0.7328728 ;
23 25 0.2256402 ;
24 25 0.6955771 ;
2 26 -0.261592 ;
6 26 -0.609046 ;
7 26 -0.9336024 ;
8 26 -0.5257134 ;
10 26 0.288012 ;
11 26 -0.3130984 ;
12 26 0.4753911 ;
13 26 -0.03602063 ;
14 26 0.02569924 ;
16 26 -0.1494986 ;
18 26 -0.7049037 ;
19 26 0.1535616 ;
21 26 0.9893215 ;
22 26 -0.2444177 ;
23 26 0.005706677 ;
24 26 -0.2382006 ;
0 27 -0.9024897 ;
2 27 -0.4484021 ;
3 27 0.3826421 ;
4 27 -0.742308 ;
6 27 0.1954508 ;
10 27 0.08321543 ;
13 27 0.7167231 ;
14 27 0.6865781 ;
16 27 0.3374385 ;
17 27 0.4448649 ;
19 27 -0.8103905 ;
23 27 -0.03380092 ;
24 27 -0.7727671 ;
0 28 0.2882664 ;
1 28 0.4577131 ;
3 28 0.5732716 ;
6 28 -0.2056267 ;
8 28 -0.2078353 ;
9 28 0.4822422 ;
10 28 0.343788 ;
12 28 0.1761268 ;
13 28 0.2106009 ;
15 28 0.08424791 ;
18 28 0.8773036 ;
23 28 0.6029856 ;
25 28 -0.7857389 ;
26 28 -0.2895092 ;
27 28 -0.1154504 ;
0 29 -0.8772533 ;
1 29 0.9066934 ;
3 29 0.3978147 ;
5 29 -0.6523023 ;
7 29 -0.3706938 ;
8 29 0.1678745 ;
12 29 0.8651775 ;
14 29 -0.7234593 ;
15 29 -0.02459474 ;
16 29 -0.4648014 ;
17 29 0.1601103 ;
18 29 0.8472656 ;
19 29 -0.5927375 ;
21 29 -0.2447908 ;
22 29 -0.3480465 ;
23 29 -0.4606109 ;
24 29 -0.3685619 ;
25 29 0.6612763 ;
28 29 -0.8184795 ;
2 30 -0.5054091 ;
3 30 -0.2098883 ;
5 30 0.7571121 ;
6 30 0.3442021 ;
9 30 0.4174357 ;
11 30 -0.9180152 ;
12 30 -0.9592753 ;
16 30 0.4548324 ;
17 30 -0.5990931 ;
18 30 -0.4866774 ;
20 30 0.5927942 ;
22 30 0.6821698 ;
24 30 -0.3759235 ;
25 30 0.1568109 ;
26 30 -0.7392287 ;
27 30 -0.1492644 ;
0 31 -0.7164738 ;
2 31 0.9804729 ;
4 31 0.8684126 ;
5 31 0.3023909 ;
7 31 -0.1291373 ;
8 31 -0.02574415 ;
11 31 -0.1560619 ;
13 31 -0.6340876 ;
14 31 0.9804622 ;
16 31 0.273651 ;
17 31 -0.7980991 ;
21 31 -0.8057027 ;
23 31 -0.1864003 ;
25 31 -0.190596 ;
26 31 -0.7568101 ;
27 31 0.9210792 ;
28 31 -0.8896884 ;
0 32 -0.9477019 ;
4 32 -0.2935823 ;
5 32 -0.1270089 ;
8 32 0.811412 ;
13 32 0.8220647 ;
14 32 -0.6731434 ;
17 32 -0.8219825 ;
21 32 0.5519349 ;
22 32 -0.1428806 ;
24 32 0.3162093 ;
30 32 -0.2127608 ;
31 32 0.04938067 ;
1 33 0.8616481 ;
2 33 -0.5053818 ;
4 33 -0.4109974 ;
5 33 0.147938 ;
7 33 -0.7491365 ;
9 33 0.1315084 ;
10 33 -0.3998274 ;
12 33 0.160228 ;
14 33 -0.2359935 ;
15 33 -0.6615895 ;
17 33 -0.7766629 ;
18 33 -0.01913905 ;
19 33 -0.1414253 ;
23 33 0.02273078 ;
24 33 -0.8018676 ;
25 33 0.2782955 ;
29 33 0.3420125 ;
30 33 0.1741193 ;
0 34 -0.0797069 ;
2 34 -0.1229675 ;
4 34 0.26921 ;
6 34 0.1254733 ;
7 34 -0.592707 ;
9 34 -0.4824197 ;
11 34 -0.4174833 ;
15 34 -0.2257847 ;
19 34 0.8103113 ;
22 34 0.7942886 ;
23 34 -0.9861497 ;
24 34 0.2481531 ;
26 34 0.5798279 ;
28 34 -0.7189395 ;
29 34 0.8428801 ;
32 34 0.1065821 ;
33 34 0.814136 ;
1 35 0.3487438 ;
2 35 -0.6711488 ;
3 35 0.7240577 ;
4 35 -0.6469005 ;
5 35 -0.9418512 ;
7 35 0.8057199 ;
10 35 0.4144534 ;
12 35 0.8359229 ;
13 35 0.1170539 ;
14 35 0.8069747 ;
16 35 0.2536649 ;
17 35 0.901765 ;
20 35 -0.3927966 ;
22 35 0.0641185 ;
23 35 -0.6203995 ;
28 35 -0.4791565 ;
33 35 0.936001 ;
34 35 -0.76101 ;
0 36 0.3481965 ;
1 36 0.196699 ;
2 36 0.2671861 ;
3 36 0.1312392 ;
7 36 -0.6671899 ;
9 36 -0.2085791 ;
14 36 -0.5706634 ;
15 36 0.62055 ;
17 36 -0.2515812 ;
22 36 -0.8045403 ;
24 36 -0.7921096 ;
26 36 0.2938905 ;
27 36 -0.234121 ;
29 36 -0.1275872 ;
30 36 0.8776073 ;
34 36 -0.1854162 ;
35 36 -0.7254713 ;
0 37 -0.6325372 ;
4 37 -0.6688656 ;
6 37 0.3988282 ;
7 37 -0.1860207 ;
10 37 0.9106457 ;
11 37 0.6078978 ;
15 37 -0.3726012 ;
17 37 -0.3053376 ;
18 37 -0.7847056 ;
20 37 -0.7572275 ;
21 37 0.08556385 ;
22 37 -0.809023 ;
24 37 -0.6302344 ;
25 37 0.3104544 ;
28 37 0.64493 ;
33 37 -0.6713087 ;
34 37 0.7240433 ;
36 37 0.8566529 ;
1 38 -0.7194922 ;
2 38 -0.6660442 ;
5 38 0.6378812 ;
8 38 0.07404672 ;
9 38 0.4199818 ;
11 38 0.6785691 ;
12 38 -0.4178262 ;
14 38 0.1488501 ;
15 38 -0.8616241 ;
16 38 -0.6661292 ;
19 38 -0.1147678 ;
20 38 0.371925 ;
22 38 -0.419604 ;
24 38 0.7481103 ;
26 38 0.2601168 ;
27 38 0.7127419 ;
28 38 -0.08954009 ;
29 38 0.4325255 ;
33 38 0.2927209 ;
34 38 -0.8537305 ;
0 39 -0.9561079 ;
1 39 0.01860247 ;
3 39 0.4154861 ;
4 39 0.7784786 ;
5 39 0.371256 ;
6 39 -0.6485761 ;
8 39 -0.1574267 ;
12 39 0.347057 ;
15 39 -0.6656492 ;
18 39 -0.5983215 ;
19 39 -0.5085771 ;
21 39 -0.8307201 ;
22 39 -0.09019597 ;
28 39 0.3264759 ;
30 39 0.5660492 ;
31 39 -0.948191 ;
35 39 -0.5465538 ;
36 39 0.6549086 ;
37 39 0.9165264 ;
38 39 -0.5797224 ;
0 40 0.2858081 ;
4 40 0.5153488 ;
8 40 -0.3825698 ;
10 40 -0.5877934 ;
11 40 0.221063 ;
12 40 -0.8550462 ;
13 40 -0.2584282 ;
21 40 0.6180974 ;
24 40 -0.1486192 ;
27 40 0.3487296 ;
28 40 -0.491999 ;
30 40 -0.04107519 ;
32 40 -0.1295399 ;
33 40 0.8693994 ;
34 40 0.6059926 ;
35 40 0.04105485 ;
37 40 0.5461563 ;
38 40 -0.5338177 ;
0 41 -0.5681897 ;
1 41 -0.05366946 ;
2 41 -0.6013507 ;
4 41 -0.8134248 ;
6 41 0.7349109 ;
7 41 -0.3880964 ;
8 41 -0.7085086 ;
11 41 -0.4421965 ;
12 41 0.3229471 ;
16 41 -0.005886112 ;
17 41 -0.8257279 ;
20 41 -0.4312268 ;
21 41 0.7152331 ;
22 41 -0.5308852 ;
24 41 0.9098317 ;
25 41 0.6372138 ;
26 41 -0.8068883 ;
28 41 0.7920905 ;
30 41 -0.8464578 ;
35 41 0.2226152 ;
36 41 0.53266 ;
37 41 0.9232694 ;
38 41 -0.7073035 ;
0 42 0.1747347 ;
1 42 0.7536899 ;
5 42 0.6814205 ;
6 42 0.4829426 ;
8 42 -0.4292275 ;
12 42 -0.7032682 ;
14 42 0.3329449 ;
19 42 0.3150479 ;
21 42 -0.6429754 ;
22 42 -0.5715466 ;
23 42 -0.4858369 ;
26 42 0.2962177 ;
31 42 -0.6208268 ;
32 42 -0.3265207 ;
35 42 0.07342407 ;
37 42 -0.7797144 ;
40 42 -0.5644624 ;
2 43 -0.3834871 ;
3 43 0.5017949 ;
12 43 0.8986179 ;
13 43 0.6955716 ;
14 43 0.6307189 ;
17 43 0.5168266 ;
20 43 -0.5200035 ;
24 43 0.05883942 ;
27 43 0.4244959 ;
31 43 0.7116519 ;
34 43 0.1026443 ;
38 43 -0.9574247 ;
39 43 -0.9697641 ;
40 43 0.4511346 ;
41 43 -0.4301197 ;
42 43 -0.6984033 ;
3 44 -0.9973671 ;
4 44 -0.8424548 ;
6 44 -0.8703391 ;
7 44 -0.2345101 ;
13 44 0.0860278 ;
18 44 -0.4249073 ;
19 44 -0.007673334 ;
20 44 -0.4939158 ;
22 44 -0.1454941 ;
24 44 -0.5936482 ;
25 44 -0.4709388 ;
28 44 0.02508011 ;
30 44 -0.8560413 ;
32 44 -0.3315009 ;
36 44 0.9122253 ;
38 44 0.4440351 ;
39 44 -0.4185363 ;
40 44 -0.705322 ;
41 44 0.9208717 ;
42 44 0.1925626 ;
3 45 -0.2279989 ;
5 45 -0.7061706 ;
7 45 0.8363513 ;
9 45 0.5824051 ;
10 45 -0.5633065 ;
13 45 0.7026466 ;
14 45 0.1713984 ;
15 45 0.7149065 ;
16 45 -0.9885306 ;
17 45 -0.1689644 ;
19 45 0.8410136 ;
20 45 -0.6998262 ;
21 45 0.8109515 ;
22 45 -0.2178544 ;
23 45 0.8509885 ;
25 45 0.6981224 ;
28 45 -0.003051805 ;
29 45 -0.7334992 ;
30 45 0.3431739 ;
31 45 0.3122432 ;
38 45 -0.08348859 ;
40 45 -0.5888656 ;
41 45 0.9331856 ;
44 45 -0.9371333 ;
0 46 0.4422069 ;
2 46 0.795721 ;
3 46 0.4539466 ;
6 46 -0.9044675 ;
7 46 0.2164009 ;
8 46 -0.01928179 ;
9 46 -0.2199151 ;
10 46 -0.04394169 ;
12 46 0.676813 ;
13 46 -0.9583268 ;
14 46 -0.5403164 ;
16 46 0.951613 ;
19 46 -0.5924407 ;
20 46 0.8471068 ;
24 46 -0.0604952 ;
26 46 0.1237443 ;
28 46 -0.7458951 ;
30 46 -0.4128677 ;
31 46 -0.6977132 ;
35 46 0.5200224 ;
38 46 -0.6627602 ;
41 46 -0.08040141 ;
42 46 0.169474 ;
43 46 0.4860188 ;
0 47 -0.071885 ;
1 47 -0.846128 ;
2 47 0.8114104 ;
3 47 -0.4619754 ;
4 47 -0.5658334 ;
8 47 -0.05963717 ;
9 47 -0.6720726 ;
10 47 0.8493764 ;
11 47 -0.8027609 ;
13 47 0.7467763 ;
14 47 -0.1269665 ;
16 47 -0.04146754 ;
17 47 0.4500659 ;
18 47 0.7239549 ;
21 47 -0.300956 ;
24 47 -0.5514801 ;
25 47 0.04804075 ;
27 47 -0.6955126 ;
28 47 0.8282949 ;
29 47 0.5893481 ;
30 47 0.4518364 ;
31 47 -0.8034047 ;
32 47 0.1005073 ;
33 47 0.3613646 ;
35 47 -0.6258941 ;
37 47 -0.5016506 ;
39 47 0.2578519 ;
40 47 0.1781595 ;
41 47 0.5787811 ;
43 47 -0.635696 ;
44 47 0.09433528 ;
0 48 0.9598663 ;
3 48 -0.2339737 ;
6 48 -0.502238 ;
10 48 0.2628954 ;
12 48 0.3738702 ;
13 48 0.2834105 ;
15 48 0.240892 ;
18 48 0.09169396 ;
19 48 0.140713 ;
21 48 0.6051447 ;
22 48 0.1931049 ;
24 48 0.7834151 ;
27 48 0.3666185 ;
28 48 0.41105 ;
29 48 -0.02980648 ;
30 48 -0.6598627 ;
31 48 0.4851188 ;
32 48 -0.3351709 ;
34 48 -0.4898726 ;
35 48 0.8361797 ;
37 48 -0.5633771 ;
38 48 -0.6614882 ;
39 48 0.2663935 ;
40 48 0.1191675 ;
45 48 -0.01737825 ;
46 48 -0.008932785 ;
47 48 -0.514983 ;
7 49 0.9206861 ;
8 49 -0.110022 ;
12 49 -0.2117808 ;
13 49 0.4168984 ;
14 49 -0.9890213 ;
17 49 0.2195744 ;
18 49 -0.6649416 ;
19 49 -0.5149731 ;
25 49 0.7083781 ;
26 49 -0.01624158 ;
28 49 -0.9781462 ;
36 49 0.6044881 ;
38 49 -0.5848984 ;
39 49 0.5753227 ;
40 49 0.1285084 ;
43 49 0.5213496 ;
47 49 -0.5747541 ;
48 49 -0.1003647 ]