n =  35
taille =  128
Mat = [0 4 -0.5160331 ;
2 4 0.43057 ;
3 5 0.0804023 ;
4 6 -0.170001 ;
0 7 -0.8904441 ;
3 8 -0.4317585 ;
1 9 0.7596184 ;
7 9 0.8372302 ;
0 10 -0.1278377 ;
5 10 -0.2754845 ;
9 10 -0.2061586 ;
3 11 -0.2507017 ;
4 11 0.4715584 ;
0 12 0.4946724 ;
11 12 0.1867056 ;
0 13 -0.7888487 ;
2 13 -0.06307065 ;
4 13 0.5701306 ;
6 13 0.461609 ;
11 13 0.522004 ;
12 13 0.4319861 ;
5 14 0.5254544 ;
9 14 0.6481882 ;
0 15 0.7578821 ;
1 15 0.966134 ;
2 15 0.948391 ;
3 15 0.5988574 ;
7 15 0.09527167 ;
6 16 -0.4320497 ;
15 16 0.8910605 ;
0 17 -0.9426396 ;
13 17 0.720561 ;
15 17 0.5828935 ;
1 18 0.5482415 ;
2 18 -0.3849172 ;
7 18 -0.19725 ;
8 18 0.5490379 ;
14 18 0.6834426 ;
16 18 0.5311665 ;
10 19 -0.689194 ;
11 19 -0.9713124 ;
14 19 0.05443559 ;
9 20 -0.07765571 ;
14 20 0.3822748 ;
19 20 -0.3018341 ;
0 21 0.8844007 ;
1 21 0.5364909 ;
8 21 -0.02217938 ;
14 21 -0.3969627 ;
17 21 -0.4402869 ;
20 21 -0.9622778 ;
5 22 -0.7139189 ;
6 22 0.1861559 ;
18 22 -0.2389352 ;
19 22 0.1884883 ;
0 23 -0.7303425 ;
1 23 0.4156853 ;
14 23 0.4261261 ;
15 23 0.6181913 ;
17 23 -0.6110548 ;
20 23 -0.1838197 ;
0 24 -0.6410343 ;
5 24 0.1669228 ;
9 24 -0.1845701 ;
15 24 0.5045641 ;
20 24 -0.6836337 ;
3 25 0.08847724 ;
8 25 -0.5762353 ;
9 25 0.130182 ;
13 25 0.3955136 ;
17 25 -0.4809377 ;
9 26 0.9379625 ;
14 26 -0.2920991 ;
16 26 0.7404815 ;
22 26 0.7302455 ;
24 26 -0.0871866 ;
3 27 -0.3235783 ;
5 27 0.1503844 ;
11 27 -0.765701 ;
13 27 0.2849434 ;
16 27 -0.8316927 ;
18 27 -0.2841856 ;
19 27 -0.9741622 ;
24 27 -0.07599908 ;
2 28 0.6249192 ;
3 28 -0.2488712 ;
6 28 0.9072605 ;
14 28 -0.02446549 ;
24 28 0.754025 ;
0 29 -0.3716282 ;
3 29 -0.302841 ;
11 29 0.587485 ;
15 29 0.8038634 ;
22 29 -0.04501781 ;
1 30 0.7442125 ;
6 30 0.6471229 ;
12 30 -0.5981294 ;
14 30 -0.8065518 ;
0 31 -0.8710369 ;
1 31 0.6449384 ;
2 31 0.04663586 ;
5 31 -0.09544662 ;
6 31 -0.9895284 ;
8 31 0.9066193 ;
10 31 0.6986743 ;
12 31 0.371812 ;
15 31 0.3516729 ;
18 31 0.6652128 ;
20 31 -0.6902661 ;
28 31 -0.2928342 ;
29 31 0.5516334 ;
1 32 0.8033045 ;
8 32 0.5119281 ;
11 32 -0.5504653 ;
12 32 0.1590053 ;
14 32 -0.0779161 ;
23 32 0.5138235 ;
25 32 -0.2315046 ;
29 32 0.4349379 ;
2 33 -0.1634057 ;
9 33 -0.08419125 ;
10 33 0.1139273 ;
5 34 0.646278 ;
18 34 -0.7316972 ;
20 34 -0.653236 ;
21 34 -0.7508353 ;
31 34 0.1439646 ;
33 34 -0.2888228 ]