n =  30
taille =  356
Mat = [0 1 -0.8572152 ;
0 2 -0.4045154 ;
1 2 -0.05427554 ;
0 3 0.4306545 ;
1 3 0.6039814 ;
2 3 0.9643264 ;
0 4 -0.9062371 ;
2 4 -0.3610815 ;
3 4 0.7507775 ;
1 5 -0.7355177 ;
2 5 -0.1844642 ;
4 5 -0.9897107 ;
0 6 0.4190249 ;
1 6 0.7750866 ;
2 6 0.8659741 ;
3 6 0.5044307 ;
4 6 0.743114 ;
5 6 -0.1340174 ;
0 7 0.3610234 ;
1 7 0.507878 ;
2 7 0.2906351 ;
3 7 -0.3973334 ;
4 7 -0.6666752 ;
5 7 -0.423495 ;
0 8 0.8513532 ;
1 8 -0.528586 ;
3 8 -0.7748418 ;
4 8 -0.2989064 ;
6 8 -0.9378015 ;
7 8 -0.46165 ;
1 9 0.603864 ;
2 9 -0.03136154 ;
3 9 0.220211 ;
4 9 -0.5475822 ;
5 9 -0.3956283 ;
6 9 0.9314976 ;
0 10 0.7893965 ;
1 10 -0.8812191 ;
2 10 -0.1470154 ;
3 10 0.6500522 ;
5 10 -0.9612065 ;
6 10 0.1525921 ;
7 10 -0.8650539 ;
8 10 -0.6231077 ;
9 10 0.907115 ;
0 11 -0.9793268 ;
1 11 0.4361177 ;
2 11 0.1861749 ;
3 11 -0.9420439 ;
4 11 -0.1441474 ;
5 11 0.5525137 ;
6 11 -0.425065 ;
7 11 -0.5264516 ;
8 11 -0.9350107 ;
9 11 0.2775884 ;
10 11 -0.2736724 ;
2 12 -0.5206256 ;
3 12 -0.4533959 ;
5 12 -0.2237165 ;
6 12 0.7294425 ;
7 12 -0.7428948 ;
8 12 0.9485545 ;
9 12 -0.6747307 ;
10 12 0.08898081 ;
11 12 0.1392833 ;
0 13 -0.7377826 ;
1 13 -0.7920416 ;
2 13 0.9618761 ;
3 13 0.3505198 ;
4 13 -0.8460407 ;
6 13 0.4066195 ;
7 13 -0.9265603 ;
8 13 0.3477666 ;
10 13 0.1078809 ;
11 13 -0.2648053 ;
12 13 -0.8794122 ;
0 14 0.6388002 ;
1 14 0.9296976 ;
2 14 0.3196448 ;
3 14 -0.5250483 ;
5 14 -0.642958 ;
6 14 -0.8918002 ;
7 14 -0.6243594 ;
8 14 -0.6451652 ;
9 14 0.9861997 ;
10 14 -0.1674946 ;
11 14 -0.7720943 ;
12 14 -0.6834029 ;
1 15 0.6232132 ;
2 15 0.7798885 ;
3 15 -0.192063 ;
4 15 0.07921314 ;
6 15 -0.4859418 ;
8 15 -0.2468908 ;
9 15 0.02870975 ;
11 15 -0.8449746 ;
13 15 -0.463852 ;
14 15 0.33109 ;
0 16 -0.418818 ;
1 16 -0.4562571 ;
2 16 -0.481028 ;
3 16 0.06319556 ;
4 16 -0.1725658 ;
5 16 0.7568324 ;
6 16 0.6481256 ;
7 16 0.6853297 ;
8 16 0.1896713 ;
9 16 0.07651331 ;
10 16 0.845538 ;
11 16 0.9876532 ;
12 16 0.8724054 ;
13 16 0.3736716 ;
14 16 -0.7687149 ;
15 16 -0.9372379 ;
0 17 0.831938 ;
1 17 0.2415044 ;
2 17 0.03549534 ;
3 17 -0.07875337 ;
4 17 0.2193357 ;
5 17 -0.9705467 ;
6 17 0.7992977 ;
8 17 -0.5833409 ;
10 17 0.163929 ;
11 17 -0.65142 ;
13 17 -0.1773263 ;
15 17 0.4539886 ;
16 17 0.7700809 ;
1 18 -0.3341143 ;
2 18 -0.871212 ;
3 18 -0.8741257 ;
4 18 -0.8733342 ;
5 18 0.982889 ;
7 18 0.5875495 ;
8 18 -0.8231916 ;
9 18 -0.7649572 ;
10 18 0.658054 ;
11 18 0.7891009 ;
12 18 0.4288075 ;
13 18 -0.3117613 ;
14 18 -0.2078218 ;
15 18 -0.9501556 ;
16 18 -0.2642118 ;
17 18 -0.9753281 ;
1 19 -0.1429941 ;
2 19 -0.9421694 ;
3 19 -0.9726913 ;
4 19 0.1092022 ;
5 19 -0.7777992 ;
7 19 0.4751775 ;
8 19 0.9280882 ;
10 19 -0.8612119 ;
11 19 -0.2303284 ;
12 19 0.03223929 ;
13 19 0.6675587 ;
16 19 0.4080906 ;
0 20 0.6972271 ;
1 20 -0.4424295 ;
2 20 -0.6336294 ;
3 20 0.09093744 ;
4 20 -0.919056 ;
5 20 -0.07751435 ;
6 20 0.3427893 ;
8 20 -0.8089196 ;
11 20 -0.1867843 ;
12 20 -0.5586909 ;
13 20 -0.2413452 ;
14 20 0.1532052 ;
15 20 0.4044673 ;
17 20 -0.3583866 ;
18 20 -0.2635037 ;
19 20 0.6726299 ;
0 21 0.2132188 ;
1 21 0.7996929 ;
2 21 0.9220259 ;
3 21 0.4159309 ;
4 21 0.7463928 ;
6 21 0.4823342 ;
7 21 0.02986156 ;
8 21 -0.9541424 ;
9 21 0.654899 ;
10 21 -0.3953938 ;
11 21 -0.2847272 ;
13 21 -0.5954451 ;
14 21 0.7280041 ;
15 21 -0.05250878 ;
16 21 -0.340262 ;
19 21 -0.449157 ;
0 22 -0.1289355 ;
1 22 -0.8549505 ;
2 22 0.7442676 ;
3 22 -0.9218707 ;
4 22 -0.789201 ;
5 22 0.1861531 ;
6 22 0.2530997 ;
7 22 0.6705431 ;
8 22 -0.2255676 ;
9 22 -0.9766333 ;
11 22 0.9672319 ;
13 22 0.6160705 ;
14 22 -0.2535893 ;
15 22 0.6460682 ;
16 22 0.1607276 ;
17 22 0.9218067 ;
19 22 0.5681267 ;
20 22 -0.1650856 ;
21 22 -0.5556538 ;
0 23 0.4399464 ;
1 23 0.07684006 ;
3 23 -0.5851425 ;
4 23 0.2732514 ;
5 23 -0.3140416 ;
6 23 -0.8664577 ;
9 23 -0.01332891 ;
10 23 -0.134152 ;
11 23 -0.9953855 ;
12 23 0.5306816 ;
13 23 0.5164839 ;
15 23 0.2998187 ;
16 23 -0.3683454 ;
17 23 0.625354 ;
19 23 -0.3665716 ;
20 23 -0.3635967 ;
22 23 -0.8726668 ;
0 24 -0.542797 ;
2 24 -0.7394855 ;
3 24 0.9611287 ;
4 24 0.1279605 ;
5 24 0.4913087 ;
6 24 -0.2362875 ;
7 24 -0.6192279 ;
8 24 0.2820803 ;
10 24 -0.3048137 ;
12 24 0.5083207 ;
13 24 0.9160826 ;
14 24 -0.8465696 ;
15 24 0.4885523 ;
16 24 -0.5521484 ;
18 24 -0.1979689 ;
19 24 0.7435386 ;
20 24 0.9817834 ;
22 24 0.6997895 ;
23 24 0.8288668 ;
1 25 0.8059942 ;
2 25 -0.4178569 ;
3 25 0.9540299 ;
4 25 0.1017073 ;
5 25 0.01835021 ;
6 25 0.6704593 ;
7 25 0.6301273 ;
8 25 0.5021719 ;
9 25 0.7492363 ;
11 25 0.7108642 ;
12 25 0.06726961 ;
15 25 0.8365036 ;
16 25 -0.5524733 ;
17 25 0.6515282 ;
18 25 0.4628179 ;
19 25 0.003869074 ;
20 25 -0.1706191 ;
22 25 0.5867493 ;
23 25 0.1958254 ;
0 26 -0.8839266 ;
2 26 0.299285 ;
4 26 0.2039622 ;
5 26 -0.05907103 ;
6 26 -0.6616302 ;
7 26 -0.03822221 ;
8 26 0.1162514 ;
9 26 -0.1643846 ;
10 26 0.9344694 ;
11 26 -0.1404869 ;
12 26 -0.601034 ;
13 26 -0.3994748 ;
14 26 -0.6142775 ;
15 26 -0.4010213 ;
16 26 0.9071919 ;
17 26 0.1002717 ;
18 26 -0.6028266 ;
19 26 0.5226439 ;
20 26 -0.2872869 ;
21 26 0.2291404 ;
22 26 -0.4687806 ;
23 26 0.6773527 ;
24 26 0.9515725 ;
25 26 -0.2968687 ;
0 27 0.9108651 ;
1 27 -0.3934843 ;
2 27 -0.8693229 ;
3 27 -0.5043456 ;
5 27 -0.712953 ;
7 27 -0.6270372 ;
8 27 -0.7117558 ;
9 27 -0.2326904 ;
10 27 -0.2306082 ;
12 27 0.5256789 ;
13 27 0.4943067 ;
14 27 -0.6075644 ;
15 27 -0.3907181 ;
16 27 0.1345739 ;
17 27 0.8118238 ;
18 27 0.3399621 ;
19 27 -0.5708481 ;
20 27 -0.2194836 ;
21 27 -0.7918168 ;
22 27 0.9711787 ;
23 27 0.9567187 ;
24 27 -0.2707531 ;
25 27 -0.8545424 ;
26 27 -0.6205227 ;
0 28 0.905623 ;
1 28 -0.3184843 ;
2 28 0.5778522 ;
3 28 -0.3605449 ;
4 28 0.5505017 ;
5 28 0.6466037 ;
8 28 0.2911212 ;
9 28 -0.2967337 ;
11 28 -0.4003954 ;
12 28 -0.4987539 ;
13 28 0.5889848 ;
14 28 -0.8798939 ;
16 28 -0.07431793 ;
17 28 -0.4970632 ;
18 28 -0.142804 ;
19 28 -0.6997446 ;
20 28 0.9249606 ;
21 28 0.07923284 ;
22 28 0.4015467 ;
24 28 -0.1870577 ;
25 28 -0.8014229 ;
26 28 0.5924148 ;
27 28 0.06035702 ;
0 29 -0.04113631 ;
1 29 -0.5324471 ;
2 29 -0.4943754 ;
3 29 -0.7393988 ;
4 29 0.152755 ;
5 29 0.6922897 ;
6 29 -0.5505505 ;
7 29 0.04903619 ;
9 29 -0.7544749 ;
11 29 0.01625599 ;
12 29 0.3466567 ;
14 29 -0.6261894 ;
15 29 -0.03977466 ;
16 29 0.6266999 ;
17 29 -0.9609021 ;
18 29 0.2695498 ;
19 29 0.505826 ;
21 29 0.7420585 ;
22 29 -0.5994753 ;
23 29 -0.05575329 ;
24 29 -0.4216159 ;
25 29 -0.4612717 ;
26 29 0.2948913 ;
28 29 0.7855201 ]