n =  50
taille =  623
Mat = [0 1 -0.2386615 ;
1 2 0.7143087 ;
0 3 -0.07657621 ;
2 3 0.6440506 ;
1 4 -0.7889217 ;
3 4 -0.7053488 ;
0 5 -0.4871243 ;
1 5 -0.1826043 ;
2 5 -0.1530381 ;
2 6 0.3737729 ;
4 6 0.1259222 ;
1 7 -0.6224725 ;
2 7 0.04362788 ;
5 7 -0.8855848 ;
6 7 -0.7054274 ;
0 8 -0.4516927 ;
1 8 0.1164603 ;
2 8 0.1992095 ;
4 8 0.8992246 ;
6 8 0.5710665 ;
7 8 0.5308526 ;
0 9 -0.6737676 ;
1 9 0.09108798 ;
4 9 -0.0561756 ;
8 9 0.6187369 ;
0 10 0.9128679 ;
1 10 -0.01708366 ;
2 10 -0.8186966 ;
3 10 0.9197577 ;
4 10 -0.2982123 ;
5 10 0.5832056 ;
6 10 -0.6262385 ;
1 11 0.4206246 ;
3 11 -0.8934542 ;
4 11 -0.06030284 ;
6 11 -0.4503625 ;
7 11 0.8403658 ;
8 11 0.4189053 ;
9 11 0.05495221 ;
0 12 0.6614502 ;
1 12 -0.9313341 ;
3 12 0.6541292 ;
5 12 -0.8588499 ;
6 12 0.03466162 ;
7 12 -0.1521823 ;
0 13 0.04168161 ;
1 13 0.1348708 ;
2 13 -0.9920199 ;
3 13 -0.2595917 ;
6 13 0.7793289 ;
7 13 -0.9500465 ;
10 13 -0.5921928 ;
0 14 0.6187482 ;
1 14 -0.3160842 ;
2 14 0.686922 ;
3 14 0.307083 ;
4 14 0.4196672 ;
5 14 -0.4351486 ;
6 14 0.5693168 ;
7 14 -0.6254505 ;
11 14 -0.6275711 ;
0 15 -0.8367661 ;
1 15 0.9879615 ;
4 15 0.05703902 ;
5 15 -0.9866861 ;
8 15 0.5480363 ;
11 15 0.7412996 ;
13 15 0.826956 ;
14 15 0.7543583 ;
0 16 0.1839556 ;
1 16 0.5110512 ;
2 16 0.2208441 ;
4 16 -0.04056103 ;
5 16 0.8143909 ;
7 16 -0.5701883 ;
8 16 0.2483033 ;
0 17 0.6837219 ;
1 17 -0.8804605 ;
2 17 -0.1240178 ;
8 17 0.3954777 ;
11 17 -0.8285339 ;
13 17 0.906529 ;
15 17 -0.4247915 ;
16 17 0.5263847 ;
1 18 -0.8173752 ;
5 18 -0.8637342 ;
7 18 0.5515741 ;
9 18 -0.5737119 ;
12 18 -0.9489819 ;
4 19 -0.5084095 ;
5 19 0.3345364 ;
6 19 0.8227259 ;
7 19 0.02589231 ;
9 19 -0.8990954 ;
13 19 0.6414023 ;
14 19 0.1373177 ;
16 19 0.4563981 ;
18 19 0.8572157 ;
0 20 -0.2621511 ;
1 20 0.5879061 ;
3 20 0.7686195 ;
5 20 0.4722483 ;
6 20 -0.6348029 ;
8 20 -0.2374543 ;
10 20 0.8078446 ;
15 20 0.8942289 ;
17 20 -0.7777224 ;
18 20 0.2159391 ;
2 21 0.1092924 ;
8 21 0.3663206 ;
9 21 -0.3133858 ;
10 21 0.9259336 ;
11 21 -0.5366732 ;
12 21 -0.6152898 ;
13 21 0.9140076 ;
16 21 -0.5786374 ;
17 21 0.9995071 ;
18 21 -0.8923504 ;
1 22 0.1065683 ;
2 22 0.3116516 ;
5 22 -0.8879696 ;
8 22 -0.2204283 ;
9 22 -0.6319573 ;
12 22 -0.5767177 ;
15 22 0.3439642 ;
18 22 0.5828968 ;
19 22 0.01537343 ;
21 22 -0.4494627 ;
0 23 0.134742 ;
1 23 0.6603421 ;
2 23 0.7157391 ;
3 23 0.273233 ;
4 23 -0.6526609 ;
5 23 0.3082516 ;
6 23 -0.9659693 ;
7 23 -0.4352367 ;
9 23 -0.1231305 ;
11 23 -0.7943669 ;
14 23 0.2758845 ;
19 23 -0.6052266 ;
21 23 -0.0107889 ;
22 23 -0.9862467 ;
0 24 0.613598 ;
1 24 -0.2640702 ;
5 24 -0.8016573 ;
6 24 0.4645229 ;
7 24 -0.4659034 ;
10 24 -0.662298 ;
14 24 -0.0715716 ;
16 24 0.3373076 ;
19 24 0.2765021 ;
20 24 -0.4169416 ;
21 24 -0.1537924 ;
22 24 0.4211293 ;
0 25 0.1397953 ;
5 25 -0.9137399 ;
6 25 0.4776614 ;
7 25 0.957859 ;
10 25 -0.01460834 ;
11 25 -0.5311693 ;
14 25 -0.2517607 ;
19 25 0.4778767 ;
23 25 -0.3473568 ;
0 26 0.8209164 ;
1 26 0.9805285 ;
4 26 -0.9850697 ;
6 26 0.1969598 ;
7 26 0.5012167 ;
11 26 0.5858592 ;
12 26 0.3647374 ;
13 26 -0.3723191 ;
15 26 0.5464385 ;
16 26 -0.4033741 ;
17 26 -0.08314174 ;
20 26 0.2015133 ;
21 26 -0.5707289 ;
22 26 0.8699764 ;
23 26 0.8131364 ;
0 27 -0.2821819 ;
3 27 0.4952596 ;
4 27 -0.03539032 ;
5 27 -0.8007 ;
9 27 -0.782175 ;
10 27 -0.4829383 ;
11 27 -0.9252906 ;
12 27 0.9602945 ;
15 27 0.3414843 ;
17 27 0.881621 ;
18 27 -0.2848679 ;
19 27 0.4997832 ;
24 27 0.6816504 ;
0 28 0.3983681 ;
3 28 -0.7852191 ;
8 28 -0.9489132 ;
9 28 -0.6320509 ;
10 28 -0.2227318 ;
11 28 0.1561175 ;
13 28 0.07250546 ;
14 28 -0.5213649 ;
15 28 -0.8743133 ;
16 28 -0.611096 ;
17 28 -0.40806 ;
23 28 0.619117 ;
24 28 0.4835343 ;
25 28 -0.5375171 ;
26 28 -0.3880072 ;
27 28 -0.6184981 ;
0 29 0.8086868 ;
3 29 -0.06751768 ;
5 29 0.7577672 ;
9 29 -0.6558451 ;
11 29 0.3120518 ;
13 29 -0.2331256 ;
19 29 0.3940597 ;
20 29 0.6418239 ;
21 29 -0.7510905 ;
22 29 -0.3324752 ;
23 29 0.7728599 ;
25 29 -0.3068699 ;
2 30 0.138059 ;
4 30 -0.1916932 ;
8 30 0.9149694 ;
10 30 -0.375341 ;
12 30 -0.2564996 ;
13 30 -0.3427191 ;
14 30 -0.7269762 ;
16 30 0.9714937 ;
18 30 -0.2686803 ;
19 30 -0.09860123 ;
21 30 0.09687554 ;
25 30 0.9778309 ;
26 30 -0.8326602 ;
0 31 -0.5798392 ;
1 31 -0.4370009 ;
3 31 0.932519 ;
4 31 -0.8458519 ;
6 31 -0.2115938 ;
7 31 0.9897479 ;
9 31 -0.1087663 ;
12 31 -0.5549377 ;
13 31 0.7217477 ;
14 31 0.4482497 ;
16 31 0.347761 ;
17 31 0.2404813 ;
20 31 0.8158062 ;
21 31 -0.5937398 ;
22 31 0.9819689 ;
23 31 -0.3380955 ;
25 31 0.9923574 ;
26 31 -0.4715323 ;
27 31 0.1378491 ;
0 32 0.9225665 ;
1 32 -0.1005349 ;
3 32 -0.1492975 ;
5 32 0.58059 ;
6 32 -0.05139618 ;
7 32 0.5838699 ;
9 32 0.7171232 ;
11 32 -0.01487035 ;
17 32 -0.7911389 ;
18 32 0.883941 ;
19 32 -0.4238788 ;
22 32 -0.3671525 ;
24 32 0.9151349 ;
25 32 -0.8444314 ;
29 32 -0.6467632 ;
30 32 0.2943562 ;
1 33 -0.5620435 ;
5 33 0.4332419 ;
6 33 0.8855786 ;
7 33 -0.752091 ;
9 33 -0.8018889 ;
11 33 -0.2488289 ;
12 33 0.2221563 ;
17 33 -0.7405052 ;
22 33 -0.9630239 ;
26 33 0.2233342 ;
29 33 -0.3366266 ;
30 33 -0.07121202 ;
32 33 0.6617796 ;
1 34 0.1030318 ;
3 34 0.2308354 ;
4 34 0.6758023 ;
5 34 0.8336206 ;
7 34 -0.9577617 ;
16 34 0.2364689 ;
17 34 0.06093693 ;
20 34 -0.7577497 ;
23 34 0.1202976 ;
29 34 -0.8954922 ;
30 34 0.8623102 ;
31 34 -0.4301891 ;
32 34 0.9619786 ;
0 35 -0.6476414 ;
2 35 0.9829789 ;
4 35 0.7373042 ;
5 35 0.8536044 ;
6 35 -0.9658719 ;
8 35 0.9656508 ;
9 35 -0.1720797 ;
10 35 -0.457804 ;
15 35 0.08651683 ;
16 35 -0.3394318 ;
19 35 -0.5579914 ;
21 35 0.9994327 ;
23 35 0.4745365 ;
26 35 -0.705982 ;
29 35 0.2276404 ;
31 35 0.6523446 ;
32 35 -0.7525694 ;
33 35 -0.3572689 ;
0 36 -0.7826465 ;
1 36 -0.7274538 ;
3 36 0.5047475 ;
4 36 0.5855176 ;
5 36 -0.6883735 ;
6 36 0.8291179 ;
10 36 -0.9918536 ;
11 36 -0.9845674 ;
13 36 -0.2743115 ;
17 36 -0.9279105 ;
18 36 -0.003993141 ;
21 36 0.4315405 ;
23 36 -0.9672396 ;
24 36 0.2534867 ;
25 36 0.1911712 ;
27 36 0.3172608 ;
28 36 0.07335628 ;
30 36 -0.1841752 ;
34 36 0.2135284 ;
35 36 -0.8442104 ;
3 37 -0.07725714 ;
5 37 -0.6455081 ;
7 37 0.2778852 ;
9 37 0.1484367 ;
11 37 0.1935737 ;
12 37 -0.6416319 ;
13 37 -0.7590656 ;
16 37 0.892598 ;
17 37 0.7516304 ;
20 37 0.352494 ;
21 37 0.181188 ;
22 37 -0.7664518 ;
24 37 0.457486 ;
27 37 -0.9491525 ;
35 37 -0.8010742 ;
0 38 0.8970595 ;
1 38 -0.04928782 ;
3 38 0.5886524 ;
4 38 0.7429781 ;
5 38 -0.5252697 ;
9 38 0.7521334 ;
10 38 0.4033774 ;
14 38 -0.7155812 ;
19 38 0.7703302 ;
22 38 0.8926043 ;
23 38 -0.8887072 ;
25 38 -0.6572594 ;
26 38 0.4577724 ;
27 38 0.2805405 ;
29 38 -0.59215 ;
31 38 -0.6335161 ;
32 38 0.8609066 ;
35 38 0.6803879 ;
0 39 -0.206183 ;
1 39 0.2177839 ;
2 39 -0.7277745 ;
3 39 0.3891204 ;
4 39 0.4995782 ;
5 39 -0.08816349 ;
6 39 -0.4207194 ;
9 39 -0.7440697 ;
10 39 0.525056 ;
11 39 0.0525704 ;
12 39 0.3290194 ;
13 39 0.3238419 ;
14 39 -0.6603757 ;
15 39 -0.2305044 ;
16 39 -0.9603512 ;
17 39 0.4191059 ;
18 39 0.7279345 ;
22 39 0.04451245 ;
24 39 -0.2622165 ;
26 39 0.1583237 ;
27 39 -0.9549029 ;
28 39 -0.9334231 ;
29 39 -0.4636367 ;
30 39 0.1204796 ;
31 39 0.4701068 ;
32 39 0.3450133 ;
33 39 0.7263587 ;
34 39 -0.7770247 ;
35 39 0.4580372 ;
3 40 -0.7768017 ;
4 40 0.6302235 ;
6 40 -0.6161996 ;
9 40 -0.5734093 ;
10 40 -0.9216122 ;
11 40 0.7330972 ;
12 40 -0.3200407 ;
13 40 0.1144562 ;
14 40 -0.3576007 ;
16 40 -0.1302012 ;
17 40 0.9164108 ;
18 40 0.6877618 ;
19 40 -0.7047517 ;
20 40 0.5231277 ;
24 40 -0.5970302 ;
26 40 0.6418596 ;
28 40 -0.9754528 ;
29 40 -0.4023583 ;
30 40 -0.1146043 ;
34 40 0.7321245 ;
36 40 0.6875366 ;
38 40 -0.05277349 ;
39 40 -0.5218659 ;
0 41 0.7599252 ;
1 41 0.2679567 ;
2 41 -0.7472182 ;
3 41 -0.1251907 ;
4 41 -0.3601164 ;
5 41 -0.2458733 ;
6 41 0.7030749 ;
12 41 -0.6620666 ;
13 41 0.2541515 ;
18 41 -0.3005034 ;
20 41 0.3539116 ;
25 41 0.3137839 ;
27 41 0.7356712 ;
29 41 -0.2489231 ;
32 41 -0.5700424 ;
33 41 0.8046082 ;
34 41 0.7567431 ;
39 41 0.01151971 ;
2 42 -0.3384103 ;
5 42 0.2910637 ;
8 42 -0.4099465 ;
9 42 -0.6106282 ;
14 42 -0.9950846 ;
17 42 -0.2271377 ;
19 42 -0.8426285 ;
20 42 0.05645663 ;
25 42 -0.4253018 ;
26 42 -0.8610444 ;
27 42 -0.0356755 ;
28 42 -0.5561479 ;
29 42 0.4848434 ;
30 42 -0.07925615 ;
32 42 -0.9490934 ;
34 42 -0.2375129 ;
35 42 -0.8392597 ;
37 42 -0.8045921 ;
38 42 0.6618385 ;
40 42 0.04526668 ;
1 43 0.1675793 ;
2 43 0.6908705 ;
3 43 -0.7661783 ;
4 43 0.02194026 ;
6 43 0.4980261 ;
7 43 0.3267442 ;
11 43 0.2181876 ;
12 43 0.9502695 ;
13 43 0.7956838 ;
16 43 0.5547277 ;
17 43 0.6344675 ;
18 43 -0.3584066 ;
19 43 -0.1684989 ;
20 43 0.4623653 ;
22 43 -0.5753836 ;
23 43 0.5626868 ;
24 43 0.4104475 ;
25 43 0.7646744 ;
26 43 0.7529429 ;
27 43 -0.6102748 ;
28 43 0.4513877 ;
31 43 -0.7462036 ;
32 43 -0.8375536 ;
34 43 0.5166539 ;
36 43 0.5802728 ;
38 43 -0.1711134 ;
40 43 0.8318253 ;
2 44 0.7762727 ;
3 44 0.5269965 ;
6 44 -0.9233115 ;
7 44 0.4621334 ;
11 44 -0.7522393 ;
12 44 -0.5222084 ;
14 44 0.2085792 ;
17 44 0.6068469 ;
20 44 0.6754026 ;
24 44 0.9890863 ;
27 44 -0.6925796 ;
28 44 -0.7118954 ;
29 44 -0.9774258 ;
30 44 0.1019811 ;
31 44 -0.09949643 ;
33 44 0.6528925 ;
35 44 -0.1184088 ;
37 44 0.8566232 ;
40 44 0.5797496 ;
41 44 0.3844891 ;
0 45 0.03972419 ;
6 45 -0.4089771 ;
8 45 0.5503381 ;
9 45 0.1665286 ;
10 45 -0.1324315 ;
11 45 0.5101525 ;
12 45 0.5141647 ;
18 45 0.6890193 ;
19 45 0.8764536 ;
20 45 -0.5572806 ;
21 45 -0.1228831 ;
22 45 0.8289717 ;
23 45 -0.1805717 ;
25 45 -0.3362008 ;
26 45 0.736718 ;
27 45 0.8499283 ;
28 45 -0.2108305 ;
29 45 0.706743 ;
30 45 -0.2082569 ;
31 45 0.2680967 ;
34 45 0.009811899 ;
35 45 0.6457403 ;
38 45 -0.833305 ;
41 45 -0.985076 ;
42 45 0.7711661 ;
44 45 0.2080036 ;
0 46 0.4331012 ;
1 46 0.5241379 ;
2 46 -0.627953 ;
5 46 -0.1993566 ;
7 46 -0.2504678 ;
10 46 -0.1575372 ;
11 46 0.09138395 ;
12 46 -0.6777521 ;
13 46 -0.8675933 ;
17 46 -0.5031004 ;
18 46 -0.3104697 ;
20 46 -0.7266849 ;
22 46 0.3963999 ;
23 46 -0.04092788 ;
27 46 0.4091436 ;
30 46 0.2677497 ;
35 46 -0.02341626 ;
37 46 0.4509725 ;
38 46 0.7526948 ;
42 46 -0.9131048 ;
45 46 -0.8348601 ;
3 47 -0.1371969 ;
7 47 0.3940356 ;
9 47 -0.02956598 ;
10 47 -0.6619322 ;
11 47 -0.3748615 ;
13 47 -0.8768522 ;
15 47 -0.7001308 ;
18 47 0.2959007 ;
19 47 -0.8132493 ;
23 47 0.4541177 ;
24 47 0.1407063 ;
25 47 0.9559033 ;
27 47 -0.2988399 ;
28 47 -0.4745698 ;
31 47 0.1281366 ;
32 47 0.9045919 ;
33 47 -0.6983614 ;
34 47 -0.3465143 ;
36 47 -0.3074143 ;
38 47 -0.3641817 ;
39 47 0.4291763 ;
45 47 -0.2348912 ;
0 48 -0.673971 ;
2 48 -0.2354904 ;
3 48 -0.6027545 ;
7 48 0.3151394 ;
8 48 0.1850563 ;
9 48 0.3578731 ;
13 48 -0.6706264 ;
15 48 0.08078494 ;
17 48 0.5034132 ;
18 48 0.6087617 ;
19 48 0.6448879 ;
21 48 -0.1811758 ;
24 48 0.2416667 ;
25 48 -0.6783797 ;
26 48 -0.02988773 ;
27 48 -0.6420076 ;
28 48 0.05507102 ;
31 48 -0.5418278 ;
33 48 -0.2408697 ;
35 48 -0.2176679 ;
37 48 -0.6439609 ;
40 48 0.06896394 ;
41 48 0.819232 ;
46 48 -0.5569898 ;
0 49 0.4246627 ;
4 49 0.7541085 ;
5 49 0.7937395 ;
7 49 -0.03721025 ;
9 49 0.6585204 ;
10 49 -0.7868611 ;
11 49 0.08128981 ;
12 49 -0.6706145 ;
16 49 0.2526869 ;
17 49 -0.8483069 ;
18 49 -0.9956148 ;
19 49 0.2335846 ;
20 49 0.3815662 ;
22 49 0.1162863 ;
23 49 0.1557493 ;
24 49 0.9017576 ;
26 49 0.9062275 ;
27 49 -0.06461206 ;
32 49 0.8900082 ;
35 49 -0.6467093 ;
37 49 -0.09460769 ;
38 49 -0.7101661 ;
39 49 0.5337096 ;
42 49 -0.4780665 ;
44 49 0.02490575 ;
45 49 -0.0529066 ;
46 49 0.4484026 ;
47 49 0.5911822 ;
48 49 -0.7986468 ]