n =  40
taille =  618
Mat = [0 1 -0.8727189 ;
1 2 0.2955049 ;
0 3 -0.545654 ;
1 3 -0.4833175 ;
2 3 -0.8915298 ;
0 4 -0.4849617 ;
1 4 0.5883164 ;
2 4 0.8872205 ;
3 4 -0.7646542 ;
2 5 0.6785146 ;
0 6 -0.2131874 ;
1 6 0.2262617 ;
2 6 0.6338703 ;
3 6 0.4747241 ;
4 6 0.644987 ;
0 7 0.7014444 ;
1 7 -0.6769422 ;
3 7 -0.9595261 ;
5 7 -0.2900406 ;
6 7 -0.2210131 ;
0 8 0.978239 ;
4 8 0.5203569 ;
5 8 0.8419951 ;
6 8 -0.3503698 ;
7 8 0.05185453 ;
0 9 -0.627807 ;
1 9 0.9127101 ;
3 9 0.5635509 ;
4 9 0.05025073 ;
6 9 0.9292886 ;
7 9 0.2904083 ;
8 9 0.03137293 ;
0 10 0.6134484 ;
1 10 -0.02771249 ;
2 10 -0.7847156 ;
3 10 0.4460394 ;
4 10 -0.7466689 ;
5 10 0.6333952 ;
7 10 -0.3999834 ;
8 10 0.5665508 ;
9 10 -0.6156823 ;
0 11 0.07010367 ;
1 11 0.001332643 ;
2 11 -0.02232909 ;
3 11 0.146786 ;
5 11 -0.2150858 ;
6 11 -0.8917274 ;
7 11 0.9383942 ;
10 11 -0.5908982 ;
0 12 0.1827897 ;
1 12 0.5403143 ;
2 12 0.915606 ;
3 12 0.9807448 ;
4 12 -0.2698879 ;
5 12 -0.2365713 ;
6 12 0.9414747 ;
7 12 0.1931855 ;
9 12 0.5919739 ;
10 12 0.5127488 ;
11 12 0.5599898 ;
0 13 -0.5387005 ;
1 13 0.3505296 ;
2 13 0.7134316 ;
3 13 0.5607351 ;
4 13 -0.2408588 ;
6 13 0.1388463 ;
9 13 0.6108656 ;
10 13 -0.3382867 ;
0 14 -0.4086985 ;
1 14 0.616133 ;
2 14 -0.1445709 ;
3 14 -0.8581353 ;
4 14 -0.7355828 ;
5 14 0.8105252 ;
7 14 0.2938444 ;
9 14 -0.7224515 ;
11 14 0.2129402 ;
13 14 0.04582378 ;
0 15 -0.2441552 ;
1 15 -0.4581922 ;
2 15 -0.9208214 ;
3 15 0.8266121 ;
4 15 0.5737324 ;
5 15 -0.714678 ;
6 15 0.4578472 ;
8 15 -0.6959586 ;
9 15 0.7521489 ;
10 15 0.9136725 ;
12 15 0.483521 ;
13 15 -0.6504618 ;
0 16 -0.9933856 ;
1 16 -0.6968536 ;
2 16 -0.5793638 ;
3 16 0.5462418 ;
4 16 0.5242088 ;
6 16 -0.2638733 ;
7 16 0.8613924 ;
8 16 -0.664617 ;
9 16 0.003381257 ;
10 16 0.3216604 ;
12 16 0.1238654 ;
13 16 0.5898486 ;
14 16 0.4705382 ;
15 16 0.2504809 ;
0 17 0.5134315 ;
1 17 -0.8948135 ;
2 17 -0.7114849 ;
3 17 -0.7520282 ;
4 17 0.2038696 ;
5 17 -0.9026885 ;
6 17 -0.8044699 ;
7 17 0.1644015 ;
9 17 0.2874637 ;
11 17 -0.07183979 ;
12 17 0.3927894 ;
13 17 0.1592721 ;
15 17 0.2345661 ;
16 17 -0.6005682 ;
0 18 0.8183681 ;
1 18 -0.01440799 ;
2 18 0.976784 ;
3 18 0.331518 ;
4 18 -0.4135609 ;
6 18 0.4446362 ;
7 18 0.9029763 ;
8 18 0.7597417 ;
9 18 0.837704 ;
10 18 -0.3649249 ;
11 18 0.3691584 ;
12 18 -0.6370154 ;
13 18 -0.5333242 ;
14 18 0.7693356 ;
15 18 0.7309302 ;
16 18 0.5758624 ;
17 18 0.9834178 ;
0 19 0.3978753 ;
3 19 0.3818076 ;
5 19 0.2403665 ;
7 19 -0.5281384 ;
8 19 0.03616868 ;
9 19 -0.6947382 ;
11 19 0.3409738 ;
12 19 -0.04508894 ;
13 19 0.947485 ;
14 19 0.292635 ;
16 19 0.4157338 ;
17 19 -0.01491538 ;
18 19 0.3304027 ;
0 20 -0.1414981 ;
1 20 0.2450225 ;
2 20 -0.4878043 ;
3 20 -0.1189221 ;
4 20 -0.8113649 ;
5 20 0.2660582 ;
6 20 -0.4903147 ;
7 20 0.8355933 ;
8 20 -0.8705184 ;
9 20 0.3837017 ;
10 20 -0.5854115 ;
11 20 0.9539141 ;
12 20 -0.2587112 ;
14 20 -0.7154864 ;
18 20 0.1463283 ;
0 21 0.760606 ;
1 21 -0.8975174 ;
2 21 -0.3340794 ;
3 21 -0.3813689 ;
4 21 0.4204642 ;
5 21 -0.2839004 ;
6 21 -0.3008942 ;
7 21 -0.494712 ;
8 21 0.5633052 ;
10 21 0.5471486 ;
11 21 -0.6729094 ;
12 21 -0.318272 ;
13 21 0.09601186 ;
14 21 -0.7740125 ;
15 21 -0.1194253 ;
16 21 -0.8996749 ;
17 21 -0.4801842 ;
18 21 -0.9641055 ;
19 21 -0.5037799 ;
20 21 -0.7826915 ;
0 22 0.8632658 ;
1 22 -0.256079 ;
2 22 -0.5333111 ;
3 22 -0.8990056 ;
4 22 0.2872844 ;
5 22 0.4148639 ;
6 22 -0.7416023 ;
7 22 0.5683491 ;
8 22 -0.005111745 ;
9 22 0.4699223 ;
10 22 0.131254 ;
11 22 -0.9344696 ;
13 22 0.2450074 ;
14 22 0.5347728 ;
18 22 -0.2403481 ;
19 22 0.218453 ;
20 22 0.359299 ;
21 22 0.5497537 ;
0 23 0.3402389 ;
1 23 -0.09175917 ;
2 23 0.5300858 ;
3 23 0.9866147 ;
4 23 0.1741762 ;
5 23 -0.9829736 ;
6 23 0.5075878 ;
7 23 -0.4893905 ;
8 23 0.8522638 ;
9 23 -0.3198227 ;
11 23 -0.5505131 ;
13 23 -0.9339436 ;
14 23 -0.7851999 ;
15 23 0.7075859 ;
16 23 0.9800128 ;
19 23 -0.3359043 ;
21 23 0.03932353 ;
22 23 -0.2135444 ;
0 24 0.7377585 ;
1 24 -0.3165193 ;
2 24 -0.9222597 ;
3 24 0.5501403 ;
4 24 0.7910182 ;
5 24 0.4043575 ;
6 24 0.948588 ;
7 24 -0.969687 ;
8 24 -0.9857356 ;
9 24 0.498758 ;
11 24 0.6612395 ;
12 24 -0.3230141 ;
13 24 0.8681436 ;
14 24 -0.04476439 ;
15 24 0.04849501 ;
17 24 -0.4288909 ;
18 24 -0.01070498 ;
19 24 -0.7806387 ;
21 24 -0.7082295 ;
22 24 -0.9330224 ;
23 24 -0.2033187 ;
0 25 0.4240402 ;
1 25 0.2925334 ;
3 25 0.03817865 ;
4 25 0.5206413 ;
6 25 -0.658814 ;
7 25 -0.2764767 ;
10 25 0.1187344 ;
11 25 -0.5676673 ;
13 25 0.6645898 ;
14 25 0.694704 ;
15 25 0.4840266 ;
16 25 -0.3456292 ;
18 25 -0.0401177 ;
19 25 -0.4730181 ;
20 25 0.5253543 ;
21 25 -0.007494227 ;
22 25 0.507326 ;
23 25 -0.7923905 ;
24 25 0.513433 ;
0 26 -0.2549193 ;
1 26 -0.8947128 ;
2 26 0.2393351 ;
3 26 -0.04732677 ;
4 26 0.4298949 ;
5 26 -0.9036727 ;
6 26 0.4827557 ;
7 26 -0.04959261 ;
8 26 -0.8272199 ;
9 26 -0.6360008 ;
11 26 0.01934926 ;
12 26 0.7639333 ;
13 26 -0.01536788 ;
14 26 0.3435083 ;
15 26 -0.8982927 ;
16 26 0.1879805 ;
17 26 -0.9373543 ;
19 26 -0.5971548 ;
20 26 -0.5598761 ;
21 26 0.2475275 ;
22 26 -0.7953125 ;
23 26 -0.1382023 ;
24 26 0.1430573 ;
25 26 0.8142817 ;
0 27 -0.8340405 ;
1 27 0.4497869 ;
2 27 0.7333829 ;
3 27 0.3084377 ;
7 27 -0.1311991 ;
9 27 -0.1121213 ;
10 27 -0.8217784 ;
11 27 -0.350678 ;
13 27 0.3704503 ;
14 27 0.1561361 ;
15 27 -0.3749089 ;
16 27 0.05920868 ;
17 27 -0.7112811 ;
19 27 0.6722192 ;
20 27 0.5836644 ;
25 27 0.8563166 ;
26 27 -0.3451806 ;
0 28 0.1807756 ;
3 28 0.181771 ;
6 28 0.7427 ;
7 28 0.2602527 ;
8 28 0.003926546 ;
10 28 -0.3720966 ;
11 28 0.1783831 ;
13 28 -0.5269085 ;
14 28 -0.359422 ;
15 28 0.237484 ;
16 28 0.06912318 ;
17 28 0.05391489 ;
18 28 0.2133621 ;
19 28 -0.3558438 ;
20 28 -0.945652 ;
22 28 0.2780282 ;
23 28 0.7151228 ;
24 28 0.05806061 ;
25 28 -0.9599351 ;
26 28 -0.9013584 ;
27 28 -0.9169819 ;
0 29 0.9144497 ;
1 29 -0.8009704 ;
2 29 0.4944798 ;
3 29 -0.2398194 ;
6 29 -0.6133666 ;
7 29 -0.2998895 ;
8 29 0.3416938 ;
9 29 -0.5739268 ;
10 29 0.4267733 ;
14 29 0.4123861 ;
15 29 -0.672347 ;
17 29 0.2111886 ;
18 29 -0.2417672 ;
19 29 -0.1730404 ;
20 29 0.4226945 ;
22 29 0.5471597 ;
23 29 -0.1164244 ;
24 29 -0.5716208 ;
25 29 0.8196885 ;
26 29 0.7840739 ;
27 29 -0.2851517 ;
28 29 0.1529102 ;
0 30 -0.5505278 ;
2 30 0.08939354 ;
4 30 0.01878376 ;
6 30 -0.9654564 ;
7 30 0.574889 ;
8 30 -0.8275003 ;
9 30 -0.5051627 ;
10 30 -0.3719423 ;
11 30 0.723595 ;
13 30 -0.07087068 ;
17 30 -0.649017 ;
18 30 -0.01779533 ;
19 30 -0.4316314 ;
20 30 0.8579672 ;
22 30 -0.249269 ;
23 30 0.5473252 ;
24 30 0.8534567 ;
25 30 -0.8969174 ;
27 30 -0.291635 ;
28 30 0.3733301 ;
29 30 -0.4630347 ;
2 31 0.4989805 ;
3 31 -0.3634099 ;
4 31 -0.4204719 ;
5 31 0.5651834 ;
6 31 0.1738101 ;
7 31 0.881042 ;
8 31 -0.4900225 ;
12 31 -0.2149667 ;
13 31 -0.2534736 ;
14 31 -0.5315209 ;
15 31 0.2187829 ;
18 31 0.5228885 ;
19 31 -0.4403255 ;
21 31 0.6994095 ;
22 31 0.4602627 ;
23 31 0.7789914 ;
24 31 -0.7966775 ;
26 31 -0.7415278 ;
27 31 -0.4268716 ;
28 31 -0.8282671 ;
29 31 -0.220315 ;
30 31 0.02747331 ;
1 32 0.2914519 ;
2 32 0.9866384 ;
3 32 0.467087 ;
4 32 -0.4652871 ;
5 32 -0.9969812 ;
6 32 -0.3396025 ;
8 32 0.46717 ;
9 32 -0.913052 ;
11 32 -0.1117645 ;
12 32 -0.5448342 ;
14 32 -0.4236867 ;
15 32 -0.4294763 ;
17 32 0.8771873 ;
18 32 -0.7144578 ;
19 32 -0.4409464 ;
20 32 -0.5433705 ;
21 32 0.5117478 ;
22 32 -0.5887193 ;
24 32 -0.5591521 ;
25 32 -0.9113906 ;
29 32 0.3416167 ;
31 32 -0.00449768 ;
0 33 -0.6872221 ;
1 33 0.8672257 ;
2 33 0.04953952 ;
3 33 0.2193394 ;
4 33 -0.6652805 ;
5 33 0.8138639 ;
6 33 -0.9590867 ;
7 33 0.1314742 ;
8 33 0.5722061 ;
10 33 -0.1546398 ;
12 33 0.9133757 ;
14 33 0.9106598 ;
15 33 -0.8671765 ;
16 33 -0.6096313 ;
17 33 -0.663573 ;
18 33 0.9577622 ;
19 33 -0.002966255 ;
20 33 0.1826405 ;
21 33 0.3661433 ;
22 33 0.3557416 ;
23 33 0.5779506 ;
24 33 0.1952018 ;
25 33 -0.8184796 ;
26 33 -0.1643194 ;
28 33 0.3300647 ;
29 33 0.6644823 ;
30 33 -0.2492241 ;
32 33 -0.09269185 ;
0 34 -0.4457856 ;
1 34 -0.6840682 ;
2 34 -0.5348078 ;
3 34 0.6387516 ;
4 34 0.2456848 ;
5 34 0.5216574 ;
6 34 -0.4542801 ;
8 34 -0.9144651 ;
9 34 0.4924049 ;
10 34 0.322447 ;
11 34 0.6525327 ;
12 34 0.1370401 ;
13 34 -0.55648 ;
14 34 0.7665659 ;
15 34 0.4709109 ;
16 34 0.5158312 ;
17 34 0.3308369 ;
19 34 -0.2729986 ;
20 34 -0.7056143 ;
21 34 0.1222358 ;
22 34 0.7590947 ;
24 34 0.9205406 ;
26 34 -0.08671072 ;
27 34 -0.3133846 ;
28 34 -0.2521331 ;
29 34 -0.3243218 ;
30 34 0.3162407 ;
32 34 -0.216089 ;
33 34 0.6579311 ;
0 35 0.7218673 ;
1 35 0.04873726 ;
3 35 -0.617822 ;
5 35 0.6200546 ;
6 35 -0.05888397 ;
7 35 -0.7116476 ;
9 35 0.9188581 ;
10 35 -0.9445556 ;
11 35 0.1644471 ;
12 35 0.2142658 ;
14 35 -0.2809443 ;
15 35 -0.8277963 ;
17 35 0.8669487 ;
18 35 0.298821 ;
20 35 0.3715155 ;
21 35 0.5341124 ;
22 35 0.2018835 ;
23 35 0.4624108 ;
24 35 -0.8254315 ;
27 35 -0.02242071 ;
29 35 -0.515462 ;
30 35 -0.9577316 ;
31 35 -0.1883763 ;
32 35 -0.05721471 ;
33 35 0.8596363 ;
34 35 0.2106152 ;
0 36 -0.9624147 ;
1 36 -0.1410622 ;
2 36 0.52572 ;
3 36 0.3070413 ;
4 36 -0.2947775 ;
6 36 0.2257703 ;
7 36 -0.7969645 ;
8 36 0.6616704 ;
9 36 -0.6415879 ;
10 36 0.7040497 ;
11 36 0.4058147 ;
12 36 -0.5065244 ;
13 36 0.5013473 ;
14 36 -0.1604395 ;
15 36 0.2746574 ;
16 36 0.5288445 ;
17 36 0.5427171 ;
18 36 -0.4964557 ;
19 36 -0.7906287 ;
20 36 0.03048726 ;
22 36 0.7952348 ;
23 36 0.5460024 ;
24 36 -0.2760108 ;
26 36 -0.2595178 ;
27 36 -0.6988841 ;
28 36 -0.5092743 ;
29 36 0.408124 ;
30 36 -0.287539 ;
31 36 0.3517096 ;
32 36 0.6102328 ;
33 36 -0.4687773 ;
34 36 0.8582162 ;
35 36 0.9946813 ;
0 37 -0.7661121 ;
1 37 0.3544867 ;
3 37 0.667118 ;
4 37 0.5732143 ;
5 37 0.2382434 ;
6 37 0.5793685 ;
7 37 -0.5156626 ;
8 37 0.9732753 ;
9 37 0.5818207 ;
10 37 -0.4481355 ;
11 37 0.5124546 ;
12 37 0.2479231 ;
13 37 0.9925017 ;
14 37 0.8804125 ;
15 37 -0.1438215 ;
16 37 0.3080493 ;
17 37 0.3506517 ;
18 37 -0.8180107 ;
20 37 0.7760498 ;
21 37 0.9704535 ;
22 37 -0.9703778 ;
24 37 0.9728628 ;
25 37 0.9534472 ;
28 37 -0.1578748 ;
29 37 -0.09109946 ;
30 37 -0.4957504 ;
31 37 -0.9308586 ;
32 37 0.1641952 ;
33 37 -0.1481267 ;
34 37 -0.8005871 ;
35 37 0.2908356 ;
36 37 0.6811385 ;
0 38 -0.1689232 ;
1 38 -0.4164003 ;
2 38 0.7737368 ;
3 38 -0.9347063 ;
5 38 -0.3882898 ;
6 38 0.572789 ;
7 38 -0.9548774 ;
8 38 -0.4270777 ;
10 38 0.1321355 ;
11 38 0.8911991 ;
12 38 0.5647563 ;
13 38 0.9111491 ;
14 38 0.4713293 ;
15 38 0.3420703 ;
17 38 0.2177195 ;
19 38 -0.00375726 ;
20 38 0.5573337 ;
21 38 0.9036962 ;
22 38 -0.5534742 ;
23 38 0.9970203 ;
24 38 -0.07504833 ;
25 38 -0.1636821 ;
26 38 -0.3952858 ;
27 38 0.03415682 ;
28 38 0.6945201 ;
29 38 -0.04481577 ;
30 38 0.4784851 ;
31 38 -0.8571709 ;
32 38 0.01107721 ;
34 38 0.8498017 ;
35 38 0.457706 ;
36 38 -0.772034 ;
37 38 0.2379911 ;
1 39 -0.6620842 ;
2 39 0.3123027 ;
4 39 -0.3654198 ;
5 39 -0.7029707 ;
6 39 -0.6713558 ;
7 39 -0.1288139 ;
8 39 0.3911512 ;
9 39 0.3150564 ;
10 39 0.6101745 ;
11 39 -0.9523199 ;
12 39 -0.535583 ;
14 39 -0.5385231 ;
16 39 -0.1311314 ;
17 39 0.6805902 ;
18 39 0.7492963 ;
19 39 0.4970073 ;
20 39 0.4131551 ;
21 39 -0.8615767 ;
22 39 -0.637499 ;
23 39 0.1371945 ;
25 39 -0.674839 ;
29 39 0.3171737 ;
32 39 -0.4525245 ;
33 39 0.3983009 ;
34 39 -0.1901913 ;
35 39 0.813318 ;
36 39 0.4104192 ;
37 39 -0.7267203 ;
38 39 0.6856197 ]