n =  30
taille =  78
Mat = [3 4 -0.9117438 ;
5 6 -0.5195108 ;
3 7 -0.6862387 ;
6 7 0.854406 ;
3 8 -0.4071278 ;
4 8 0.4112433 ;
0 9 -0.7957537 ;
2 9 -0.327435 ;
0 11 -0.5174168 ;
1 11 0.3831552 ;
6 11 -0.5672513 ;
8 11 0.3680422 ;
3 12 -0.3790307 ;
3 13 -0.07009415 ;
5 13 0.4183892 ;
8 13 -0.4924766 ;
12 13 -0.07037421 ;
1 14 -0.3050823 ;
6 14 0.3733614 ;
7 14 -0.4036293 ;
9 14 -0.3832839 ;
13 14 -0.374818 ;
7 15 -0.7423364 ;
7 16 -0.9363979 ;
11 16 -0.1715797 ;
2 17 -0.8263616 ;
16 17 0.6648807 ;
0 18 0.2936761 ;
14 18 0.7244882 ;
1 19 -0.6853868 ;
5 19 -0.6394523 ;
6 19 0.6189369 ;
11 19 -0.6851969 ;
18 19 -0.1865072 ;
3 20 -0.07861632 ;
4 20 0.862433 ;
7 20 -0.001362597 ;
15 20 0.826097 ;
19 20 0.8821683 ;
8 21 0.474608 ;
10 21 0.2609605 ;
12 21 0.9130186 ;
18 21 -0.381497 ;
1 22 -0.7360467 ;
7 22 0.1300973 ;
13 22 -0.9136757 ;
15 22 0.3565221 ;
16 22 -0.882284 ;
10 23 0.7550657 ;
11 23 -0.6302529 ;
12 23 -0.2425193 ;
16 23 -0.726785 ;
2 24 0.4561503 ;
15 24 0.9005936 ;
23 24 0.5337791 ;
1 25 -0.06231332 ;
3 25 -0.2254755 ;
5 25 -0.6292173 ;
6 25 -0.4076276 ;
9 25 -0.06053088 ;
11 25 -0.7662985 ;
22 25 0.2529581 ;
2 26 0.5718898 ;
6 26 -0.1967946 ;
12 26 0.9373187 ;
23 26 -0.1407495 ;
0 27 0.3823305 ;
9 27 -0.6626449 ;
15 27 -0.2534376 ;
8 28 -0.2143512 ;
14 28 0.1874641 ;
20 28 0.0376381 ;
22 28 -0.2543783 ;
24 28 0.0428121 ;
26 28 -0.4072679 ;
4 29 0.106888 ;
9 29 -0.8128588 ;
25 29 -0.8057556 ]