n =  35
taille =  135
Mat = [1 2 -0.7450592 ;
0 5 -0.1203449 ;
2 5 -0.9901382 ;
1 6 0.6048512 ;
2 6 -0.7552098 ;
3 6 0.01366274 ;
5 6 0.9795097 ;
3 7 0.3136866 ;
5 7 -0.5104129 ;
0 8 -0.3852956 ;
2 8 0.3913958 ;
4 8 -0.6093677 ;
1 9 -0.4496101 ;
2 9 0.5199695 ;
1 10 0.9090626 ;
9 10 0.6512926 ;
1 11 -0.9522146 ;
3 11 -0.3823499 ;
7 11 0.4535635 ;
2 12 0.1509832 ;
3 12 0.2611334 ;
6 12 -0.6278025 ;
7 12 0.3155032 ;
11 13 0.7834789 ;
4 14 -0.6618143 ;
11 14 -0.1827155 ;
3 15 0.6316587 ;
4 15 0.0256853 ;
5 15 0.4108797 ;
6 15 0.1368534 ;
8 15 0.712169 ;
11 15 0.5994372 ;
12 15 -0.9522187 ;
0 16 0.03618028 ;
5 16 -0.4003764 ;
9 16 0.3392193 ;
12 16 0.6884162 ;
1 17 -0.8770181 ;
2 17 0.352173 ;
16 17 -0.7058609 ;
2 18 0.77581 ;
6 18 0.1892931 ;
11 18 -0.8724681 ;
14 18 0.6625644 ;
15 18 0.934004 ;
0 19 0.4205457 ;
2 19 0.7993156 ;
3 19 -0.7514198 ;
4 19 -0.6735931 ;
7 19 0.2051778 ;
9 19 0.6554256 ;
15 19 -0.4580469 ;
16 19 0.004682988 ;
0 20 0.9004599 ;
4 20 0.03039955 ;
8 20 0.9143686 ;
11 20 0.5136559 ;
12 20 0.2335694 ;
13 20 0.09228174 ;
15 20 -0.8299678 ;
16 20 -0.7185163 ;
2 21 -0.5678355 ;
5 21 0.1489278 ;
6 21 0.8653999 ;
9 21 -0.5453134 ;
6 22 -0.8132858 ;
14 22 -0.632593 ;
15 22 -0.03462999 ;
21 22 -0.8873 ;
2 23 -0.05798077 ;
9 23 0.3231574 ;
10 23 -0.1005932 ;
13 23 0.6045629 ;
15 23 -0.3431379 ;
17 23 0.6844439 ;
2 24 -0.5934821 ;
14 24 0.6643756 ;
19 24 -0.9658907 ;
0 25 0.7010474 ;
8 26 -0.6671332 ;
9 26 -0.1530864 ;
25 26 -0.2419029 ;
3 27 0.8586315 ;
13 27 0.7655833 ;
16 27 0.6731869 ;
18 27 -0.4773086 ;
22 27 -0.5018659 ;
23 27 0.1406063 ;
0 28 0.6791997 ;
2 28 -0.3810975 ;
7 28 -0.5586233 ;
8 28 -0.6518551 ;
18 28 -0.7258927 ;
21 28 -0.4490037 ;
3 29 0.7283254 ;
6 29 -0.9537658 ;
12 29 -0.8769414 ;
13 29 -0.4791524 ;
14 29 0.1690639 ;
22 29 0.3613292 ;
23 29 0.5744062 ;
27 29 0.3873865 ;
4 30 0.8771263 ;
8 30 -0.4802112 ;
11 30 0.4688822 ;
23 30 -0.8381319 ;
24 30 -0.1958599 ;
26 30 -0.2305774 ;
28 30 -0.8722527 ;
1 31 0.3347759 ;
6 31 -0.7798774 ;
12 31 -0.8513519 ;
14 31 0.6264118 ;
15 31 -0.5417444 ;
18 31 0.5801367 ;
26 31 0.01095892 ;
5 32 0.5731094 ;
6 32 0.4484643 ;
11 32 0.7494523 ;
20 32 0.9421788 ;
22 32 -0.3768673 ;
23 32 -0.7847797 ;
27 32 -0.501832 ;
5 33 0.7932963 ;
7 33 0.9638178 ;
27 33 -0.2732384 ;
28 33 -0.7338791 ;
30 33 -0.8052875 ;
1 34 -0.1419859 ;
8 34 0.9652431 ;
16 34 -0.6560351 ;
22 34 -0.09208814 ;
27 34 -0.5276848 ;
28 34 0.5966665 ;
29 34 0.8088049 ]