n =  45
taille =  226
Mat = [1 3 -0.4331668 ;
2 4 0.3523049 ;
0 5 -0.5665214 ;
1 5 0.3771637 ;
1 7 0.5337176 ;
2 8 -0.4043309 ;
4 8 0.9288569 ;
5 8 0.6568721 ;
0 9 0.1982415 ;
1 9 -0.2398819 ;
4 9 -0.5310156 ;
5 9 -0.6088215 ;
7 9 -0.2411771 ;
2 10 0.2817719 ;
6 10 0.9393758 ;
2 11 -0.1515976 ;
7 11 -0.6665821 ;
10 11 -0.6275347 ;
1 12 -0.201214 ;
3 12 -0.1803098 ;
10 12 0.318684 ;
4 13 0.01651059 ;
7 13 0.7167257 ;
4 14 -0.6330161 ;
8 14 0.3462673 ;
10 14 0.4738519 ;
3 15 0.9163688 ;
4 15 -0.5558308 ;
11 15 -0.2852546 ;
6 16 -0.7640537 ;
12 16 -0.5532225 ;
1 17 -0.8325744 ;
3 17 -0.06886315 ;
5 17 -0.5782176 ;
9 17 0.737757 ;
11 17 -0.4317409 ;
13 17 -0.9939457 ;
16 17 0.8188075 ;
15 18 -0.5973609 ;
4 19 0.9532835 ;
11 19 0.1433481 ;
12 19 -0.353368 ;
15 19 -0.3589844 ;
13 20 0.4344251 ;
15 20 -0.2416261 ;
19 20 0.403564 ;
3 21 0.7490172 ;
9 21 0.1055332 ;
10 21 0.2878822 ;
11 21 -0.7793309 ;
12 21 -0.1170696 ;
18 21 -0.9739836 ;
19 21 0.9352757 ;
2 22 -0.3426924 ;
3 22 0.8674819 ;
5 22 -0.8484406 ;
8 22 0.1412558 ;
9 22 0.6331601 ;
12 22 -0.456632 ;
1 23 0.294257 ;
4 23 0.05556279 ;
7 23 -0.09188243 ;
8 23 -0.3944161 ;
10 23 0.1352662 ;
11 23 -0.9859832 ;
17 23 0.6468704 ;
18 23 0.5166709 ;
1 24 -0.2506966 ;
4 24 0.6167504 ;
4 25 0.3755341 ;
7 25 -0.9351281 ;
13 25 -0.504809 ;
18 25 -0.2614253 ;
5 26 -0.5701256 ;
8 26 -0.2153407 ;
13 26 0.3546559 ;
17 26 0.4545188 ;
24 26 -0.9079543 ;
25 26 0.9546721 ;
1 27 -0.9957367 ;
2 27 0.7068119 ;
5 27 0.7826694 ;
13 27 0.1643453 ;
14 27 0.5258973 ;
17 27 0.627841 ;
22 27 -0.852185 ;
25 27 -0.2006115 ;
0 28 -0.8359646 ;
5 28 0.4177456 ;
9 28 -0.07965739 ;
10 28 0.09622025 ;
12 28 0.9504302 ;
20 28 0.825782 ;
26 28 0.473162 ;
1 29 -0.7402621 ;
7 29 -0.05320602 ;
9 29 0.2914029 ;
17 29 -0.4587148 ;
18 29 0.4410391 ;
19 29 0.6301725 ;
1 30 -0.8618828 ;
2 30 0.4285252 ;
4 30 0.2883251 ;
10 30 0.1421614 ;
11 30 -0.8433451 ;
14 30 -0.4153165 ;
18 30 -0.8557314 ;
19 30 0.1234525 ;
21 30 -0.6432285 ;
29 30 0.9632258 ;
0 31 0.7990074 ;
9 31 -0.4699091 ;
25 31 0.300421 ;
27 31 0.4746209 ;
3 32 -0.2963492 ;
7 32 -0.7020775 ;
9 32 -0.8193191 ;
14 32 0.2967947 ;
15 32 0.2253244 ;
17 32 0.6538311 ;
18 32 0.3207236 ;
26 32 -0.8534918 ;
30 32 -0.9969987 ;
6 33 -0.315949 ;
9 33 0.953184 ;
10 33 -0.9693464 ;
15 33 0.6658292 ;
27 33 -0.1945047 ;
32 33 0.6402452 ;
0 34 -0.5819291 ;
2 34 0.3775004 ;
13 34 0.09807469 ;
17 34 -0.9963726 ;
21 34 0.3006957 ;
29 34 -0.1539759 ;
31 34 0.9291846 ;
3 35 -0.3655199 ;
9 35 -0.6840095 ;
12 35 -0.8322735 ;
17 35 0.12914 ;
21 35 -0.3951287 ;
26 35 -0.8947538 ;
31 35 -0.5195994 ;
33 35 -0.7452123 ;
0 36 0.709034 ;
1 36 -0.2466335 ;
13 36 0.5967963 ;
17 36 0.5363425 ;
20 36 0.217085 ;
24 36 -0.4227431 ;
25 36 -0.1573061 ;
3 37 0.4419449 ;
6 37 0.7085371 ;
11 37 -0.5249151 ;
13 37 -0.07088349 ;
20 37 0.3489306 ;
33 37 -0.6119414 ;
34 37 0.7049949 ;
35 37 -0.8942494 ;
1 38 -0.4134739 ;
19 38 -0.3187511 ;
20 38 0.6359219 ;
31 38 0.1176856 ;
32 38 0.652449 ;
34 38 0.5379884 ;
1 39 -0.7581151 ;
5 39 0.05116276 ;
7 39 -0.009598498 ;
12 39 0.6795343 ;
13 39 -0.7120883 ;
14 39 0.1576414 ;
17 39 0.4073374 ;
18 39 0.7342537 ;
19 39 -0.5036346 ;
24 39 -0.8090236 ;
29 39 -0.09059451 ;
1 40 0.6475271 ;
14 40 0.8810796 ;
18 40 -0.1942527 ;
27 40 -0.7892808 ;
28 40 -0.9413926 ;
29 40 -0.287882 ;
35 40 -0.3832158 ;
36 40 -0.2809214 ;
4 41 -0.6809266 ;
10 41 -0.6636223 ;
14 41 0.586279 ;
17 41 0.1245572 ;
20 41 -0.1929126 ;
22 41 -0.8985834 ;
33 41 0.2930922 ;
0 42 -0.03506782 ;
4 42 0.7031344 ;
10 42 -0.6553744 ;
16 42 -0.2060024 ;
25 42 0.04208094 ;
26 42 -0.8906849 ;
34 42 -0.7471672 ;
37 42 0.02354331 ;
38 42 -0.4417056 ;
41 42 -0.6147429 ;
1 43 0.9459783 ;
2 43 -0.5066693 ;
5 43 0.7507427 ;
9 43 -0.9980669 ;
12 43 0.513821 ;
16 43 0.3419897 ;
17 43 0.977823 ;
18 43 -0.5503614 ;
20 43 -0.5860034 ;
26 43 -0.3076685 ;
28 43 0.2414293 ;
30 43 0.08559506 ;
31 43 -0.6433959 ;
34 43 0.258958 ;
37 43 0.598192 ;
40 43 -0.01457864 ;
42 43 0.3608869 ;
0 44 0.5986521 ;
3 44 0.9853079 ;
7 44 -0.5257266 ;
21 44 0.149143 ;
23 44 -0.2460994 ;
36 44 -0.8806068 ;
37 44 -0.1300055 ;
41 44 0.1634764 ]