n =  50
taille =  270
Mat = [0 1 0.6715397 ;
1 3 0.03683011 ;
2 7 0.5449995 ;
4 7 0.3870118 ;
5 7 -0.5900589 ;
6 8 -0.8475037 ;
2 9 -0.2768554 ;
5 9 0.08138794 ;
1 10 -0.9438548 ;
8 10 -0.6505254 ;
4 11 -0.9557803 ;
7 11 0.9731517 ;
0 12 0.4404014 ;
4 12 -0.01379849 ;
5 12 0.2430338 ;
8 12 0.7540465 ;
2 13 0.8012991 ;
7 13 0.7849693 ;
0 14 -0.1124372 ;
1 14 0.7680582 ;
10 14 0.07268776 ;
11 14 -0.6848256 ;
2 15 -0.3298833 ;
3 15 0.8864972 ;
10 16 -0.2723661 ;
12 16 0.1068046 ;
9 17 0.1949876 ;
13 17 0.09761053 ;
0 18 0.4141881 ;
3 18 0.2145048 ;
5 18 0.1623485 ;
8 18 -0.3521238 ;
3 19 -0.2963483 ;
7 19 0.9741412 ;
9 19 -0.02046538 ;
16 19 0.6129621 ;
0 20 0.8426533 ;
14 20 -0.5597105 ;
5 21 0.4679213 ;
9 21 0.134618 ;
11 21 -0.8218463 ;
12 21 -0.1637753 ;
13 21 0.9296034 ;
16 21 0.08355983 ;
1 22 0.6666201 ;
5 22 0.342813 ;
8 22 0.5294838 ;
20 22 0.194345 ;
21 22 -0.07337906 ;
7 23 0.3086379 ;
13 23 -0.04779075 ;
14 23 0.4305819 ;
15 23 -0.330892 ;
17 23 0.7336287 ;
0 24 -0.5179556 ;
1 24 -0.757233 ;
3 24 0.9385796 ;
5 24 -0.04002011 ;
9 24 -0.9146148 ;
14 24 -0.6952854 ;
15 24 0.2088975 ;
19 24 -0.8357209 ;
21 24 0.2458317 ;
22 24 0.5998613 ;
2 25 0.6232748 ;
16 25 0.7831111 ;
1 26 -0.7836686 ;
9 26 0.7835473 ;
12 26 0.8112261 ;
15 26 -0.1998848 ;
16 26 -0.8723581 ;
22 26 0.3296567 ;
24 26 0.6365771 ;
0 27 -0.2788115 ;
2 27 -0.3750657 ;
14 27 -0.3632717 ;
19 27 -0.02534484 ;
24 27 0.3044439 ;
1 28 -0.4845979 ;
4 28 -0.8004461 ;
8 28 0.03137965 ;
19 28 -0.6449749 ;
22 28 -0.5331837 ;
25 28 -0.9319937 ;
0 29 -0.3229003 ;
1 29 -0.5013978 ;
3 29 -0.7557288 ;
7 29 0.2515322 ;
8 29 -0.7826322 ;
11 29 -0.7880293 ;
14 29 0.1413583 ;
17 29 0.8414214 ;
22 29 -0.8217089 ;
23 29 -0.8335856 ;
1 30 0.4063985 ;
6 30 -0.476755 ;
10 30 -0.4852756 ;
13 30 -0.5783782 ;
14 30 0.6344006 ;
17 30 -0.4403997 ;
21 30 0.0464336 ;
27 30 -0.4339934 ;
0 31 -0.1847073 ;
1 31 -0.8279811 ;
2 31 -0.5901357 ;
5 31 -0.8147622 ;
6 31 0.985451 ;
8 31 0.7955376 ;
9 31 0.7734336 ;
11 31 0.6136926 ;
13 31 0.5090927 ;
14 31 -0.4562777 ;
16 31 -0.760586 ;
21 31 0.179808 ;
22 31 0.1431136 ;
23 31 0.4150194 ;
2 32 -0.9278849 ;
8 32 -0.6484452 ;
18 32 0.4370586 ;
25 32 -0.9962072 ;
26 32 0.4232005 ;
28 32 0.2964928 ;
29 32 -0.7264365 ;
1 33 -0.1728061 ;
6 33 0.7372708 ;
11 33 0.173253 ;
16 33 -0.6521942 ;
20 33 -0.05203275 ;
21 33 -0.9345974 ;
25 33 -0.3099909 ;
4 34 -0.8260188 ;
5 34 0.7371334 ;
8 34 -0.7568606 ;
10 34 0.03188395 ;
12 34 -0.2348759 ;
21 34 0.8263871 ;
22 34 0.5527658 ;
23 34 -0.1515539 ;
31 34 -0.8984153 ;
3 35 -0.917216 ;
6 35 -0.6456149 ;
25 35 -0.2011336 ;
26 35 0.2243537 ;
28 35 -0.6391852 ;
0 36 -0.4659781 ;
4 36 -0.5178367 ;
12 36 0.9651509 ;
25 36 0.3525642 ;
26 36 -0.881819 ;
28 36 0.395927 ;
35 36 -0.5895866 ;
8 37 -0.9469018 ;
10 37 -0.6898522 ;
11 37 0.1729347 ;
12 37 -0.1611132 ;
17 37 0.600478 ;
24 37 -0.1572399 ;
26 37 0.2977116 ;
27 37 -0.1106607 ;
7 38 0.6476602 ;
11 38 0.9336845 ;
21 38 0.3880137 ;
22 38 -0.9313497 ;
24 38 0.9159577 ;
4 39 0.1727367 ;
5 39 -0.08533062 ;
15 39 0.8827281 ;
18 39 -0.09319347 ;
21 39 0.7629341 ;
34 39 -0.2600002 ;
38 39 0.8388889 ;
4 40 0.02802078 ;
7 40 0.9294346 ;
25 40 0.6003382 ;
27 40 0.566188 ;
32 40 0.5084616 ;
38 40 -0.1327893 ;
39 40 0.4230208 ;
2 41 -0.003253398 ;
4 41 -0.8180378 ;
12 41 -0.9648526 ;
13 41 0.1488266 ;
23 41 0.3807651 ;
25 41 -0.1421559 ;
35 41 0.07877686 ;
36 41 0.1480633 ;
1 42 0.6790794 ;
10 42 0.3274841 ;
11 42 -0.2577734 ;
14 42 0.9804851 ;
17 42 0.3417134 ;
29 42 -0.4152789 ;
30 42 -0.4646807 ;
32 42 0.3872531 ;
38 42 -0.169934 ;
2 43 0.9634727 ;
3 43 -0.004373878 ;
5 43 0.7982079 ;
8 43 0.9840767 ;
15 43 -0.4192496 ;
17 43 -0.7969811 ;
20 43 0.4839153 ;
21 43 0.8013061 ;
22 43 0.1498148 ;
26 43 -0.9532454 ;
33 43 0.1992144 ;
42 43 -0.1491649 ;
6 44 0.3349526 ;
7 44 0.6734515 ;
10 44 -0.04190586 ;
18 44 0.2154935 ;
29 44 -0.9345783 ;
34 44 -0.7748141 ;
7 45 0.2543122 ;
8 45 -0.8422828 ;
11 45 -0.3416936 ;
12 45 -0.4439856 ;
14 45 0.7508111 ;
15 45 -0.2499332 ;
16 45 0.744113 ;
25 45 -0.7610881 ;
29 45 0.03701797 ;
0 46 -0.3460777 ;
1 46 0.7294214 ;
2 46 -0.416512 ;
3 46 0.8736378 ;
7 46 0.5923688 ;
8 46 0.4235647 ;
13 46 0.3224293 ;
20 46 -0.5141824 ;
23 46 -0.95854 ;
24 46 -0.1170905 ;
28 46 0.8798672 ;
33 46 0.5216071 ;
35 46 0.2641863 ;
37 46 0.4674447 ;
41 46 -0.6429247 ;
2 47 0.2651316 ;
4 47 -0.5967743 ;
5 47 0.9711097 ;
11 47 -0.9733285 ;
20 47 -0.8426476 ;
23 47 0.04547056 ;
24 47 0.9733806 ;
37 47 -0.7257713 ;
40 47 -0.04081306 ;
1 48 0.5456591 ;
13 48 -0.3920582 ;
20 48 0.1589107 ;
21 48 0.695585 ;
25 48 -0.7990304 ;
30 48 -0.9134434 ;
32 48 0.7483982 ;
33 48 0.010971 ;
39 48 0.001091285 ;
42 48 -0.5799115 ;
43 48 0.4886445 ;
46 48 -0.9877994 ;
0 49 0.2912998 ;
6 49 0.5544881 ;
11 49 0.9354976 ;
12 49 -0.441993 ;
13 49 0.01680416 ;
14 49 0.986354 ;
17 49 0.7923822 ;
18 49 -0.1072991 ;
36 49 -0.8642114 ;
37 49 0.8837522 ;
40 49 0.3206771 ;
45 49 -0.6659929 ]