n =  45
taille =  193
Mat = [0 1 -0.1609843 ;
0 6 -0.5013535 ;
5 6 -0.7724649 ;
1 8 0.05562029 ;
0 9 0.4728868 ;
0 10 -0.8213751 ;
9 10 0.7763265 ;
9 11 0.05290417 ;
1 12 -0.6350657 ;
5 12 0.8493092 ;
6 12 -0.8592132 ;
9 12 0.3014012 ;
1 13 0.3604692 ;
3 13 0.4427867 ;
8 13 -0.5685376 ;
1 14 0.8380624 ;
6 14 -0.2619202 ;
13 14 -0.3445585 ;
4 16 0.215936 ;
8 16 -0.552001 ;
11 16 -0.2177727 ;
0 17 -0.5838222 ;
1 17 -0.05995888 ;
2 17 0.6508655 ;
11 17 -0.5969986 ;
2 18 -0.4186782 ;
3 18 0.9103587 ;
5 18 0.3054859 ;
11 18 -0.1099545 ;
4 19 -0.8938749 ;
11 19 -0.5093185 ;
12 19 -0.9088825 ;
16 19 -0.1792892 ;
4 20 0.1171052 ;
9 20 -0.8428628 ;
12 20 0.3270631 ;
17 20 -0.9886584 ;
18 20 0.8491046 ;
1 21 -0.98059 ;
3 21 0.5581867 ;
10 21 0.09268248 ;
11 21 0.01456341 ;
20 21 -0.5403789 ;
2 22 0.6829827 ;
5 22 0.4184464 ;
0 23 -0.4117503 ;
13 23 0.6320251 ;
15 23 -0.1099 ;
22 23 -0.7756575 ;
16 24 0.8552995 ;
19 24 0.09158088 ;
0 25 0.7996173 ;
4 25 -0.3617158 ;
6 25 0.2558791 ;
14 25 0.03472404 ;
21 25 -0.3646429 ;
22 25 -0.9195768 ;
1 26 -0.383634 ;
7 26 0.4755591 ;
8 26 -0.6141875 ;
9 26 -0.6709353 ;
12 26 -0.07580577 ;
13 26 0.512063 ;
17 26 0.4588602 ;
21 26 0.9005638 ;
22 26 -0.6860171 ;
0 27 -0.8637496 ;
8 27 0.8811515 ;
13 27 0.8549539 ;
15 27 0.320489 ;
23 27 -0.2991749 ;
24 27 -0.1527131 ;
25 27 0.08444657 ;
26 27 -0.2831761 ;
3 28 0.3707283 ;
6 28 -0.52523 ;
9 28 -0.4845058 ;
14 28 -0.092587 ;
19 28 0.462776 ;
23 28 0.472427 ;
3 29 -0.7610979 ;
17 29 -0.1811078 ;
20 29 -0.206062 ;
21 29 -0.8064608 ;
23 29 0.1550382 ;
27 29 -0.6749684 ;
7 30 -0.4110272 ;
19 30 -0.05710846 ;
20 30 0.7924228 ;
24 30 0.02196238 ;
28 30 -0.6703292 ;
8 31 0.2264362 ;
11 31 -0.5347396 ;
1 32 0.1915817 ;
4 32 -0.118961 ;
8 32 0.03477094 ;
10 32 0.08580761 ;
14 32 -0.9320291 ;
17 32 0.5261417 ;
18 32 0.5464698 ;
20 32 -0.4508208 ;
21 32 0.5245933 ;
23 32 -0.2900403 ;
0 33 0.8914015 ;
11 33 0.4972311 ;
24 33 -0.8999977 ;
32 33 -0.4680803 ;
3 34 -0.4143002 ;
12 34 -0.6058782 ;
13 34 0.8406124 ;
25 34 -0.5318266 ;
26 34 0.5818635 ;
27 34 -0.1110654 ;
28 34 0.6641915 ;
31 34 -0.7347525 ;
2 35 -0.6894912 ;
3 35 0.276003 ;
19 35 -0.3080961 ;
28 35 0.1612572 ;
32 35 -0.8474707 ;
34 35 -0.9775229 ;
3 36 0.7916926 ;
4 36 0.4938382 ;
8 36 0.8149041 ;
16 36 0.7768715 ;
32 36 -0.1959067 ;
33 36 0.7962552 ;
4 37 0.9485386 ;
8 37 0.5216137 ;
12 37 -0.9546744 ;
26 37 -0.675495 ;
31 37 0.4386945 ;
0 38 -0.9971161 ;
11 38 0.3555011 ;
15 38 -0.6172744 ;
18 38 -0.5350077 ;
21 38 -0.9590289 ;
28 38 0.06538385 ;
32 38 -0.2554307 ;
1 39 0.7336492 ;
4 39 0.5420201 ;
16 39 0.1269368 ;
17 39 0.6139158 ;
19 39 -0.7141321 ;
34 39 -0.9521226 ;
35 39 -0.3867838 ;
1 40 -0.1928809 ;
3 40 0.6823948 ;
9 40 -0.5267052 ;
18 40 -0.5361307 ;
20 40 -0.6091405 ;
22 40 -0.8987652 ;
29 40 -0.2981361 ;
31 40 -0.4311599 ;
2 41 0.6743291 ;
7 41 0.5329995 ;
11 41 0.1580053 ;
13 41 -0.3716024 ;
16 41 -0.9137132 ;
22 41 -0.7983061 ;
25 41 0.1344645 ;
31 41 -0.1512411 ;
34 41 0.9353825 ;
40 41 -0.4512425 ;
6 42 0.7330583 ;
9 42 -0.6361463 ;
10 42 0.9559664 ;
16 42 0.2203239 ;
18 42 -0.5420198 ;
21 42 0.9872426 ;
31 42 0.1413627 ;
34 42 0.7931123 ;
36 42 0.5318896 ;
40 42 0.5902744 ;
23 43 -0.5702289 ;
30 43 -0.7166162 ;
32 43 -0.5714861 ;
33 43 -0.6664905 ;
35 43 0.6046319 ;
37 43 -0.7125011 ;
1 44 -0.8224379 ;
10 44 -0.4479146 ;
13 44 0.3167327 ;
14 44 -0.6166412 ;
15 44 0.3167094 ;
17 44 -0.7154191 ;
18 44 0.2035917 ;
22 44 0.8207169 ;
29 44 0.1530075 ;
35 44 0.5676557 ;
37 44 0.247721 ;
39 44 -0.962286 ;
41 44 0.253258 ]