n =  45
taille =  508
Mat = [0 1 0.3920975 ;
1 2 0.08761766 ;
0 3 -0.1741507 ;
0 4 -0.9379778 ;
1 4 0.4859738 ;
3 4 -0.7381328 ;
2 5 -0.9827312 ;
3 5 -0.1820111 ;
0 6 -0.8792578 ;
1 6 -0.9553489 ;
4 6 -0.3430109 ;
5 6 -0.8875673 ;
0 7 -0.4266223 ;
2 7 0.2336697 ;
4 7 0.4020782 ;
6 7 0.183047 ;
0 8 -0.371055 ;
1 8 -0.9317214 ;
2 8 0.4153329 ;
3 8 0.9289644 ;
6 9 -0.08291064 ;
7 9 0.4436685 ;
8 9 0.4169622 ;
1 10 0.1760654 ;
3 10 0.903941 ;
6 10 -0.5433155 ;
7 10 0.6241582 ;
1 11 -0.9842371 ;
3 11 0.6831663 ;
4 11 0.7155726 ;
6 11 0.07921627 ;
7 11 0.6464676 ;
8 11 -0.6254195 ;
9 11 -0.003276156 ;
10 11 0.4679687 ;
0 12 -0.9879125 ;
1 12 -0.1072384 ;
2 12 0.3526441 ;
3 12 -0.2485454 ;
4 12 0.6410559 ;
7 12 -0.7604726 ;
8 12 0.6255961 ;
10 12 0.2981161 ;
11 12 -0.5981105 ;
0 13 -0.386023 ;
1 13 -0.238797 ;
6 13 -0.3891071 ;
12 13 -0.7071016 ;
1 14 -0.4083631 ;
4 14 -0.2641277 ;
6 14 -0.1157904 ;
8 14 0.8005479 ;
10 14 0.6354499 ;
12 14 -0.8948724 ;
13 14 -0.1794 ;
1 15 -0.5067928 ;
5 15 0.5973504 ;
6 15 0.4741221 ;
7 15 0.315479 ;
9 15 0.03267461 ;
10 15 0.8500331 ;
13 15 -0.441257 ;
14 15 0.4254874 ;
1 16 -0.2586586 ;
3 16 -0.3582642 ;
7 16 0.3637236 ;
10 16 -0.5648026 ;
12 16 -0.9340969 ;
15 16 0.897162 ;
1 17 0.303854 ;
8 17 -0.05911315 ;
9 17 0.01971291 ;
11 17 0.2547385 ;
13 17 -0.06144222 ;
14 17 0.4578713 ;
16 17 -0.8781192 ;
2 18 -0.6127359 ;
3 18 -0.9559147 ;
4 18 0.5841024 ;
5 18 0.6031198 ;
7 18 -0.1086743 ;
9 18 0.8172984 ;
10 18 -0.5165198 ;
11 18 0.5606968 ;
12 18 0.2706989 ;
13 18 -0.9603969 ;
15 18 -0.8570304 ;
16 18 -0.6853021 ;
17 18 -0.3155905 ;
0 19 -0.2113218 ;
5 19 0.2302796 ;
6 19 -0.694085 ;
7 19 -0.8170998 ;
8 19 0.7227467 ;
10 19 0.9154136 ;
13 19 0.2093379 ;
16 19 0.09401494 ;
18 19 0.5895552 ;
0 20 0.416962 ;
1 20 -0.03266469 ;
2 20 -0.5260617 ;
4 20 -0.7114873 ;
6 20 -0.6290687 ;
8 20 -0.7393688 ;
10 20 0.9188369 ;
13 20 0.597317 ;
14 20 0.1430933 ;
15 20 0.6709313 ;
17 20 0.8684389 ;
18 20 -0.5266654 ;
1 21 0.5272602 ;
2 21 0.964219 ;
4 21 0.04429562 ;
6 21 -0.9584377 ;
7 21 0.9679859 ;
8 21 0.3051369 ;
9 21 -0.2320145 ;
14 21 -0.8897365 ;
15 21 -0.2076914 ;
16 21 0.1789156 ;
18 21 -0.6337435 ;
0 22 -0.07503142 ;
1 22 -0.1411253 ;
2 22 -0.5564988 ;
3 22 -0.8475216 ;
4 22 -0.3917493 ;
5 22 0.3420723 ;
6 22 -0.1681629 ;
8 22 0.3504851 ;
9 22 0.8382722 ;
10 22 -0.7931966 ;
12 22 0.7702824 ;
16 22 -0.9575005 ;
19 22 -0.9761947 ;
20 22 0.3901277 ;
0 23 -0.853212 ;
1 23 -0.539006 ;
4 23 0.5670982 ;
12 23 -0.95061 ;
13 23 0.460996 ;
14 23 0.8665949 ;
16 23 -0.3074007 ;
17 23 0.3864383 ;
18 23 -0.6308521 ;
19 23 0.8895543 ;
21 23 0.9376697 ;
1 24 0.8209331 ;
5 24 0.01994239 ;
6 24 0.676349 ;
7 24 0.8082363 ;
9 24 -0.3666559 ;
10 24 0.211373 ;
11 24 -0.1584847 ;
12 24 0.5217529 ;
17 24 -0.432549 ;
18 24 0.5569108 ;
19 24 0.7412095 ;
20 24 0.6592936 ;
2 25 0.7225083 ;
4 25 0.4789268 ;
5 25 0.9219561 ;
11 25 -0.3841755 ;
13 25 0.03129737 ;
17 25 -0.4160937 ;
18 25 -0.8266865 ;
19 25 0.2204373 ;
21 25 0.9670483 ;
23 25 -0.4913396 ;
1 26 0.8689258 ;
7 26 -0.6961319 ;
9 26 0.4792298 ;
10 26 0.03339467 ;
11 26 0.2372685 ;
12 26 0.1799016 ;
15 26 0.9083585 ;
18 26 -0.7154365 ;
19 26 -0.8354008 ;
0 27 0.6977176 ;
1 27 -0.2518125 ;
2 27 -0.8117294 ;
3 27 0.158011 ;
5 27 0.9819267 ;
7 27 0.4190852 ;
9 27 -0.8268384 ;
11 27 -0.2231941 ;
12 27 0.1310573 ;
13 27 0.3532137 ;
15 27 -0.03722733 ;
16 27 -0.3260558 ;
19 27 0.414521 ;
20 27 0.06416193 ;
22 27 0.2669702 ;
23 27 -0.9716183 ;
25 27 0.2849659 ;
0 28 -0.5501191 ;
1 28 0.8393368 ;
3 28 -0.1552502 ;
8 28 -0.1840519 ;
9 28 0.465344 ;
10 28 0.1449392 ;
16 28 -0.08488653 ;
17 28 -0.3020871 ;
18 28 0.6259204 ;
20 28 0.736163 ;
21 28 0.8748893 ;
24 28 0.5287792 ;
26 28 0.6889274 ;
27 28 0.7234831 ;
0 29 0.06403008 ;
1 29 0.008155091 ;
5 29 0.8892995 ;
6 29 0.7692552 ;
11 29 0.6223806 ;
12 29 -0.8565217 ;
14 29 -0.3238741 ;
16 29 -0.1557205 ;
17 29 0.1363442 ;
20 29 0.7874448 ;
21 29 0.9026297 ;
25 29 0.4854419 ;
26 29 -0.4791244 ;
27 29 0.8421498 ;
28 29 0.8131239 ;
0 30 0.8502579 ;
4 30 -0.2735153 ;
5 30 -0.04391278 ;
6 30 0.8006553 ;
7 30 0.2467633 ;
8 30 -0.09835943 ;
10 30 0.8315429 ;
12 30 0.05957071 ;
13 30 -0.4278468 ;
14 30 0.9426447 ;
18 30 0.6559899 ;
19 30 -0.5531277 ;
20 30 0.4427476 ;
21 30 0.1313477 ;
24 30 -0.5666533 ;
26 30 -0.272708 ;
27 30 0.8772248 ;
29 30 -0.5661847 ;
1 31 -0.05786839 ;
4 31 0.1819647 ;
6 31 -0.2987993 ;
7 31 0.8409011 ;
11 31 0.003864263 ;
16 31 0.08298988 ;
17 31 -0.9039046 ;
19 31 0.6741663 ;
21 31 0.5318331 ;
23 31 -0.492231 ;
24 31 -0.05923837 ;
28 31 -0.05757865 ;
29 31 -0.1676191 ;
30 31 -0.8908201 ;
4 32 -0.08988423 ;
5 32 -0.5335486 ;
8 32 -0.4222699 ;
9 32 -0.01853783 ;
10 32 0.5469648 ;
14 32 0.8985502 ;
16 32 -0.3155547 ;
17 32 -0.2026822 ;
19 32 -0.2056532 ;
20 32 -0.2131748 ;
21 32 -0.3197149 ;
23 32 -0.4981732 ;
24 32 -0.9247815 ;
26 32 0.07942569 ;
29 32 -0.1685161 ;
0 33 -0.210613 ;
1 33 -0.8933972 ;
3 33 -0.48674 ;
4 33 -0.189997 ;
6 33 0.1370098 ;
7 33 0.5939835 ;
8 33 0.2356038 ;
9 33 0.327783 ;
11 33 0.9179914 ;
15 33 -0.4051531 ;
17 33 -0.3258433 ;
19 33 -0.08723565 ;
20 33 0.7957979 ;
25 33 0.9506977 ;
26 33 -0.4308046 ;
27 33 0.855963 ;
31 33 -0.69035 ;
32 33 0.09633101 ;
0 34 -0.3513013 ;
3 34 0.3075314 ;
5 34 -0.1152785 ;
7 34 0.2348121 ;
8 34 -0.9311309 ;
10 34 0.00532009 ;
13 34 0.4220047 ;
14 34 -0.03796943 ;
15 34 0.4203754 ;
18 34 -0.5812766 ;
19 34 0.6373448 ;
20 34 -0.2297748 ;
21 34 -0.9078424 ;
26 34 0.2693909 ;
27 34 0.01233071 ;
29 34 0.7182966 ;
30 34 -0.6944205 ;
32 34 -0.8945763 ;
0 35 0.9365019 ;
2 35 0.376818 ;
3 35 0.9280942 ;
5 35 0.4708942 ;
10 35 0.9064989 ;
12 35 0.0595868 ;
13 35 -0.491572 ;
15 35 -0.5455753 ;
18 35 -0.990276 ;
19 35 0.2152227 ;
21 35 0.2629641 ;
22 35 -0.2813773 ;
23 35 0.6550035 ;
24 35 -0.9801324 ;
25 35 -0.2860145 ;
29 35 0.08684782 ;
32 35 -0.6544341 ;
0 36 0.3880256 ;
4 36 -0.8039887 ;
8 36 0.5315068 ;
9 36 0.792912 ;
11 36 0.7866862 ;
12 36 -0.6129955 ;
13 36 0.4899257 ;
21 36 -0.6769081 ;
23 36 0.7583752 ;
24 36 0.06290476 ;
29 36 -0.03607984 ;
32 36 -0.3435448 ;
33 36 -0.9472542 ;
35 36 0.1060432 ;
0 37 -0.6254495 ;
1 37 0.4789096 ;
2 37 0.4873391 ;
6 37 0.9525122 ;
7 37 -0.764895 ;
8 37 0.7183518 ;
11 37 -0.7105528 ;
12 37 -0.1892281 ;
14 37 -0.5446106 ;
16 37 -0.03001245 ;
17 37 -0.9732504 ;
19 37 0.2189663 ;
20 37 0.7087313 ;
21 37 -0.3257181 ;
22 37 -0.4720365 ;
26 37 0.8646617 ;
27 37 0.5852165 ;
28 37 -0.08255194 ;
34 37 -0.8547004 ;
35 37 0.04895771 ;
1 38 0.861502 ;
3 38 -0.9281957 ;
6 38 0.2243046 ;
7 38 -0.1124315 ;
9 38 0.8818177 ;
13 38 0.614755 ;
14 38 0.6548053 ;
15 38 -0.782712 ;
18 38 0.01860173 ;
19 38 -0.8906567 ;
20 38 -0.6405676 ;
22 38 0.4123136 ;
23 38 0.5619012 ;
24 38 -0.6471149 ;
25 38 -0.4319526 ;
29 38 -0.7504984 ;
30 38 -0.3721526 ;
31 38 0.3069926 ;
32 38 0.2936048 ;
33 38 -0.7276596 ;
34 38 0.7008729 ;
36 38 -0.9716383 ;
0 39 0.5046471 ;
1 39 -0.04839115 ;
4 39 -0.8997706 ;
6 39 -0.6239331 ;
7 39 0.376181 ;
8 39 0.9067215 ;
9 39 0.3602437 ;
10 39 -0.6753477 ;
14 39 0.3093652 ;
15 39 -0.7914806 ;
17 39 -0.6348208 ;
21 39 0.04384341 ;
27 39 0.05928569 ;
28 39 -0.5679642 ;
37 39 -0.4278292 ;
1 40 0.253679 ;
2 40 0.5798402 ;
9 40 -0.530744 ;
11 40 0.6213255 ;
14 40 -0.6578855 ;
15 40 0.8499531 ;
17 40 0.04014034 ;
18 40 0.7099207 ;
21 40 -0.1410617 ;
23 40 0.8754554 ;
24 40 0.6396098 ;
25 40 -0.1065345 ;
26 40 -0.06492626 ;
28 40 0.841206 ;
29 40 0.3155821 ;
30 40 0.4327671 ;
34 40 0.9840519 ;
35 40 0.6631437 ;
36 40 -0.6039502 ;
38 40 0.8773676 ;
39 40 0.7249457 ;
1 41 0.7197125 ;
2 41 -0.8095546 ;
3 41 -0.2347979 ;
5 41 -0.02128515 ;
7 41 -0.09707899 ;
9 41 -0.04491225 ;
10 41 -0.08398758 ;
12 41 -0.6685317 ;
13 41 0.1492931 ;
15 41 0.2218893 ;
16 41 0.325423 ;
17 41 -0.3763799 ;
19 41 0.7679253 ;
20 41 -0.5001523 ;
23 41 -0.6165018 ;
24 41 0.8529871 ;
28 41 0.307542 ;
30 41 0.03757692 ;
32 41 0.4271586 ;
33 41 -0.0182328 ;
34 41 -0.2654599 ;
35 41 0.6897429 ;
36 41 0.9834621 ;
38 41 -0.3137373 ;
39 41 0.4512173 ;
1 42 0.9673022 ;
2 42 -0.173015 ;
3 42 0.4467384 ;
5 42 0.7020734 ;
7 42 -0.8151829 ;
9 42 0.0008870107 ;
10 42 0.3416783 ;
12 42 -0.8185821 ;
14 42 0.1840237 ;
17 42 0.6051195 ;
23 42 -0.6119911 ;
24 42 -0.8699184 ;
26 42 0.3702355 ;
27 42 -0.5207468 ;
31 42 0.2342056 ;
32 42 0.1217427 ;
37 42 -0.9952761 ;
0 43 -0.1202311 ;
1 43 -0.0483665 ;
2 43 0.2529605 ;
5 43 0.197451 ;
6 43 -0.2641743 ;
7 43 -0.8219895 ;
8 43 0.3431522 ;
10 43 -0.7726774 ;
11 43 0.6674225 ;
12 43 0.9602819 ;
13 43 0.09389288 ;
14 43 -0.9555119 ;
15 43 0.9589806 ;
16 43 0.4800117 ;
17 43 -0.583037 ;
18 43 -0.4929247 ;
19 43 -0.7460206 ;
24 43 -0.5447212 ;
27 43 0.9538995 ;
29 43 -0.3416037 ;
30 43 0.2502735 ;
31 43 0.4946736 ;
32 43 -0.001277513 ;
33 43 0.4803516 ;
38 43 0.2416843 ;
39 43 0.6106063 ;
40 43 -0.4370206 ;
41 43 -0.2714934 ;
42 43 0.02505941 ;
0 44 -0.7733216 ;
2 44 0.489643 ;
4 44 0.7951742 ;
6 44 0.7019515 ;
7 44 0.02252513 ;
13 44 -0.7079855 ;
14 44 0.1690366 ;
15 44 -0.2417137 ;
21 44 0.7590596 ;
25 44 0.8627421 ;
26 44 0.01442456 ;
27 44 -0.4480385 ;
29 44 0.8462429 ;
31 44 -0.2868772 ;
32 44 -0.02068647 ;
34 44 0.1800955 ;
35 44 -0.8860562 ;
36 44 -0.2068747 ;
39 44 0.8018494 ;
40 44 -0.007660009 ;
42 44 0.9576028 ;
43 44 0.3845217 ]