n =  35
taille =  465
Mat = [0 1 -0.2773365 ;
1 2 -0.1531707 ;
0 3 -0.4706327 ;
1 3 0.4423022 ;
2 3 0.7093672 ;
2 4 0.02548929 ;
3 4 -0.04037626 ;
0 5 -0.8594068 ;
1 5 -0.9500534 ;
0 6 0.7162157 ;
1 6 -0.6043141 ;
3 6 0.9954591 ;
4 6 0.6813618 ;
5 6 0.003565849 ;
0 7 0.9086297 ;
1 7 0.4818525 ;
2 7 0.3465171 ;
3 7 0.5890244 ;
4 7 -0.5507136 ;
5 7 -0.9882852 ;
6 7 0.1793562 ;
0 8 0.339887 ;
1 8 0.3461906 ;
2 8 -0.1746182 ;
3 8 0.1931914 ;
5 8 -0.839159 ;
6 8 0.2504899 ;
7 8 0.5189217 ;
0 9 -0.9742006 ;
1 9 -0.7631824 ;
2 9 -0.3693762 ;
4 9 0.3327003 ;
5 9 -0.573387 ;
0 10 -0.40636 ;
1 10 -0.9713895 ;
4 10 -0.5569472 ;
6 10 0.9921158 ;
7 10 0.3491145 ;
9 10 0.9471392 ;
0 11 0.9360164 ;
2 11 -0.1222308 ;
3 11 -0.6488124 ;
4 11 -0.2399349 ;
5 11 -0.9618614 ;
6 11 -0.8751942 ;
7 11 -0.8748173 ;
8 11 -0.6082249 ;
9 11 -0.4213667 ;
10 11 -0.1900451 ;
0 12 0.3038678 ;
1 12 0.5787893 ;
2 12 0.5296859 ;
3 12 -0.1678914 ;
4 12 -0.1213893 ;
5 12 -0.23848 ;
7 12 0.2372092 ;
8 12 0.61838 ;
9 12 0.7642615 ;
1 13 -0.5832474 ;
3 13 0.1428702 ;
4 13 0.2155217 ;
5 13 0.4130234 ;
6 13 0.8338649 ;
8 13 -0.01774783 ;
9 13 -0.325692 ;
10 13 -0.2455223 ;
12 13 0.2504173 ;
0 14 -0.9113212 ;
1 14 -0.04200267 ;
2 14 0.9192444 ;
3 14 -0.3286389 ;
4 14 0.1499088 ;
5 14 -0.8946902 ;
7 14 0.7372683 ;
8 14 0.3884351 ;
9 14 -0.1837157 ;
10 14 -0.9058361 ;
11 14 0.01787443 ;
12 14 0.5395366 ;
13 14 0.2664212 ;
0 15 0.6341944 ;
1 15 -0.2238611 ;
2 15 -0.5086585 ;
4 15 -0.8133831 ;
6 15 -0.2913065 ;
7 15 -0.3225711 ;
8 15 -0.8954165 ;
9 15 -0.1424684 ;
11 15 -0.793488 ;
12 15 0.6001797 ;
13 15 -0.765173 ;
14 15 -0.8278201 ;
0 16 0.9164134 ;
2 16 -0.4061711 ;
4 16 -0.1216537 ;
7 16 -0.9438917 ;
8 16 0.1440392 ;
9 16 0.5249001 ;
10 16 0.6645082 ;
12 16 0.2597773 ;
13 16 -0.982616 ;
14 16 0.1674414 ;
15 16 0.6677425 ;
0 17 0.5104199 ;
1 17 -0.7643371 ;
2 17 0.7423869 ;
3 17 0.7968833 ;
4 17 -0.6555044 ;
6 17 -0.7132198 ;
7 17 -0.1413799 ;
8 17 -0.1389276 ;
9 17 -0.1724665 ;
10 17 0.9261335 ;
13 17 0.4964068 ;
14 17 0.8394573 ;
15 17 0.09573746 ;
16 17 -0.1000618 ;
0 18 0.386701 ;
2 18 0.9081623 ;
4 18 -0.5224992 ;
5 18 -0.1053214 ;
7 18 -0.3060979 ;
9 18 -0.8790353 ;
10 18 0.4921925 ;
11 18 -0.9658364 ;
13 18 -0.06967668 ;
15 18 0.2620493 ;
16 18 0.987869 ;
17 18 -0.1552742 ;
1 19 0.9584074 ;
2 19 -0.2152933 ;
3 19 -0.6686335 ;
5 19 -0.8783319 ;
6 19 0.3501628 ;
9 19 -0.7002592 ;
10 19 0.3896047 ;
11 19 -0.1672737 ;
14 19 -0.3860027 ;
15 19 0.03900927 ;
16 19 0.7277811 ;
17 19 -0.4395585 ;
18 19 -0.6793947 ;
0 20 -0.9686991 ;
1 20 0.6172139 ;
3 20 0.1200753 ;
4 20 0.745971 ;
5 20 -0.05452648 ;
7 20 -0.04762309 ;
9 20 0.8352754 ;
10 20 0.339203 ;
11 20 0.6402149 ;
13 20 -0.06200011 ;
14 20 0.07043774 ;
15 20 0.306944 ;
16 20 0.7714926 ;
17 20 -0.8167806 ;
18 20 -0.1412179 ;
19 20 -0.9393566 ;
0 21 -0.3897158 ;
3 21 0.6017569 ;
4 21 0.5530611 ;
5 21 0.6904847 ;
6 21 0.04529903 ;
7 21 0.3761293 ;
9 21 -0.3636624 ;
10 21 -0.04553098 ;
11 21 -0.6054758 ;
12 21 0.7122874 ;
13 21 0.6910697 ;
16 21 0.5875877 ;
18 21 -0.8879549 ;
19 21 0.4226984 ;
20 21 0.6617806 ;
0 22 0.5658575 ;
1 22 0.7670804 ;
2 22 0.4353747 ;
3 22 -0.1537714 ;
4 22 -0.6639845 ;
5 22 0.09111616 ;
7 22 0.6116929 ;
9 22 -0.3128616 ;
10 22 -0.686961 ;
11 22 -0.7002896 ;
13 22 -0.1545757 ;
14 22 -0.6715046 ;
15 22 -0.4431547 ;
16 22 -0.5571104 ;
17 22 -0.5493474 ;
18 22 -0.4756502 ;
20 22 0.4573733 ;
21 22 -0.4625159 ;
1 23 0.1460349 ;
2 23 0.4877631 ;
3 23 0.4196128 ;
7 23 0.7594371 ;
8 23 -0.3106648 ;
10 23 0.5445707 ;
11 23 -0.1433527 ;
12 23 0.1876675 ;
13 23 -0.03060532 ;
14 23 -0.7433806 ;
15 23 0.07458751 ;
16 23 0.4739265 ;
17 23 -0.7603552 ;
19 23 -0.453103 ;
21 23 -0.7039802 ;
0 24 0.7492555 ;
1 24 -0.2186404 ;
2 24 0.2515539 ;
3 24 0.6295407 ;
5 24 -0.05344264 ;
6 24 -0.5194137 ;
7 24 0.09631014 ;
8 24 0.9831139 ;
9 24 -0.01054043 ;
10 24 -0.1955849 ;
11 24 -0.2196047 ;
12 24 -0.1735074 ;
13 24 0.8618424 ;
14 24 -0.1110322 ;
15 24 -0.2721815 ;
16 24 -0.6134563 ;
17 24 0.2911825 ;
18 24 -0.8243213 ;
19 24 -0.6432584 ;
20 24 -0.900352 ;
21 24 0.3160004 ;
23 24 -0.7432894 ;
0 25 -0.8570753 ;
1 25 0.1089542 ;
2 25 0.2312373 ;
3 25 0.06231319 ;
4 25 0.2856842 ;
5 25 -0.8673917 ;
6 25 -0.7380025 ;
7 25 -0.1304388 ;
8 25 0.6952012 ;
9 25 0.5069219 ;
10 25 0.8416122 ;
13 25 0.9419889 ;
15 25 0.9570701 ;
16 25 -0.2536972 ;
17 25 0.3088262 ;
18 25 0.6719467 ;
19 25 0.05176817 ;
20 25 0.2135813 ;
21 25 -0.674477 ;
23 25 -0.7022403 ;
24 25 -0.8538494 ;
1 26 -0.5710371 ;
2 26 -0.1366944 ;
4 26 -0.7373387 ;
6 26 0.2732764 ;
7 26 -0.9869197 ;
8 26 0.8745517 ;
10 26 0.6697281 ;
11 26 0.8165335 ;
12 26 -0.08878708 ;
13 26 -0.6519347 ;
14 26 0.7993263 ;
15 26 0.03316338 ;
16 26 -0.8520079 ;
18 26 -0.0004588305 ;
19 26 0.526133 ;
20 26 0.7975133 ;
21 26 0.6545611 ;
22 26 -0.4734982 ;
23 26 -0.9305888 ;
24 26 -0.8781077 ;
25 26 0.724663 ;
0 27 -0.08929248 ;
1 27 -0.9588144 ;
2 27 -0.1477088 ;
3 27 0.1704226 ;
4 27 -0.3316107 ;
5 27 -0.09098241 ;
7 27 -0.6915377 ;
8 27 0.7591152 ;
9 27 0.5158309 ;
10 27 -0.8841925 ;
11 27 -0.7851858 ;
12 27 0.008106953 ;
13 27 -0.503855 ;
14 27 -0.4182627 ;
15 27 0.3149721 ;
16 27 0.04489806 ;
17 27 -0.4979098 ;
18 27 -0.9678554 ;
19 27 0.2369579 ;
20 27 -0.1242221 ;
21 27 0.2245158 ;
22 27 -0.9799073 ;
23 27 0.1602077 ;
24 27 0.8545421 ;
25 27 -0.8235823 ;
26 27 -0.5170263 ;
0 28 0.5890483 ;
1 28 -0.2784772 ;
2 28 -0.1941548 ;
4 28 0.4917399 ;
6 28 0.6730869 ;
8 28 -0.8802961 ;
9 28 -0.4111169 ;
10 28 -0.6009061 ;
13 28 -0.696578 ;
16 28 -0.6177499 ;
17 28 -0.4331352 ;
18 28 0.3481194 ;
19 28 0.8424616 ;
20 28 -0.01719904 ;
21 28 0.5284339 ;
24 28 -0.1991838 ;
25 28 -0.928897 ;
26 28 -0.8321898 ;
27 28 0.4666787 ;
0 29 0.684805 ;
1 29 -0.5978312 ;
2 29 0.5248376 ;
3 29 -0.2617434 ;
4 29 0.5610842 ;
6 29 0.9186383 ;
7 29 -0.4117388 ;
8 29 0.9139211 ;
9 29 0.7062688 ;
10 29 -0.7547537 ;
11 29 0.6185256 ;
12 29 0.4571078 ;
13 29 0.9857638 ;
14 29 0.08243514 ;
15 29 -0.9989926 ;
16 29 -0.39877 ;
17 29 0.8717974 ;
18 29 0.4901351 ;
19 29 -0.1141114 ;
22 29 0.341674 ;
23 29 -0.9453545 ;
24 29 -0.2151257 ;
26 29 -0.30111 ;
27 29 -0.7793289 ;
28 29 0.2857033 ;
0 30 -0.1880877 ;
2 30 0.1262276 ;
3 30 -0.6868825 ;
4 30 -0.2813114 ;
5 30 0.7174424 ;
6 30 -0.6882481 ;
7 30 -0.3157672 ;
8 30 -0.187568 ;
9 30 -0.8475247 ;
10 30 0.5585181 ;
11 30 -0.3862434 ;
12 30 0.9205532 ;
13 30 0.07585992 ;
14 30 -0.9482434 ;
16 30 0.9801665 ;
17 30 -0.4601287 ;
18 30 -0.7745096 ;
19 30 -0.201912 ;
20 30 -0.4708319 ;
21 30 0.5089551 ;
22 30 -0.930288 ;
23 30 0.1324564 ;
24 30 0.02879544 ;
25 30 -0.09154666 ;
26 30 -0.1020385 ;
27 30 0.009932646 ;
28 30 -0.2577301 ;
29 30 -0.4349919 ;
1 31 -0.9127313 ;
2 31 -0.3840934 ;
4 31 0.6065612 ;
5 31 0.7381735 ;
7 31 -0.9635518 ;
8 31 0.867879 ;
9 31 -0.9618128 ;
10 31 -0.9445399 ;
11 31 -0.6657232 ;
12 31 -0.8638683 ;
13 31 -0.1454642 ;
14 31 0.3427232 ;
15 31 -0.263234 ;
16 31 -0.8192509 ;
17 31 -0.8369658 ;
18 31 0.2538154 ;
19 31 -0.2919754 ;
20 31 -0.07816269 ;
22 31 -0.1700147 ;
23 31 -0.9286047 ;
24 31 0.1979072 ;
26 31 -0.5754575 ;
27 31 -0.7216792 ;
28 31 -0.927604 ;
29 31 0.3844742 ;
0 32 -0.1298798 ;
1 32 -0.3591691 ;
2 32 0.3381611 ;
4 32 0.7454777 ;
7 32 -0.9855521 ;
8 32 -0.5942351 ;
11 32 0.2167218 ;
12 32 0.2056284 ;
13 32 -0.709291 ;
14 32 0.892599 ;
17 32 0.4479739 ;
18 32 -0.4184008 ;
19 32 0.2215543 ;
20 32 0.08887198 ;
21 32 0.5905974 ;
22 32 -0.5108856 ;
23 32 0.7573938 ;
24 32 -0.2055262 ;
25 32 -0.6547009 ;
26 32 0.3646879 ;
28 32 0.4095026 ;
29 32 -0.1480142 ;
30 32 -0.6998515 ;
31 32 -0.3462797 ;
0 33 0.4413445 ;
1 33 0.3498242 ;
3 33 -0.4364331 ;
5 33 0.07210068 ;
6 33 -0.6064605 ;
9 33 0.01037488 ;
10 33 -0.8397274 ;
12 33 -0.9396058 ;
13 33 -0.04416437 ;
14 33 -0.6936623 ;
16 33 -0.4347334 ;
17 33 0.3096469 ;
18 33 -0.4788366 ;
19 33 0.6121409 ;
20 33 -0.7668768 ;
21 33 -0.9721303 ;
22 33 -0.3745682 ;
23 33 -0.8643743 ;
28 33 0.7046227 ;
29 33 -0.797779 ;
31 33 0.5903758 ;
32 33 -0.5172232 ;
0 34 0.5348568 ;
2 34 -0.3748794 ;
3 34 0.06254904 ;
5 34 -0.1709582 ;
6 34 -0.1953608 ;
7 34 0.7715023 ;
8 34 0.4627948 ;
9 34 -0.7524256 ;
10 34 -0.8706909 ;
11 34 -0.4045647 ;
12 34 -0.5994708 ;
13 34 0.8773749 ;
14 34 0.2964785 ;
16 34 -0.1199754 ;
17 34 0.5312766 ;
19 34 -0.6014539 ;
21 34 -0.6328536 ;
22 34 -0.1484788 ;
23 34 0.5695943 ;
26 34 -0.4420425 ;
27 34 -0.1766235 ;
28 34 0.1471418 ;
29 34 -0.378245 ;
30 34 0.8414488 ;
32 34 0.9243121 ;
33 34 -0.2580829 ]