n =  40
taille =  152
Mat = [1 5 -0.538541 ;
5 6 0.1249312 ;
4 7 -0.2120214 ;
0 10 -0.5993041 ;
1 10 0.8241041 ;
10 11 -0.09818805 ;
1 12 0.9932069 ;
2 13 0.9149742 ;
7 13 0.4123242 ;
11 13 0.5136127 ;
1 14 0.4331963 ;
6 14 -0.6585036 ;
7 14 -0.2115102 ;
8 14 -0.6443268 ;
11 14 -0.1666083 ;
1 15 0.7482551 ;
13 15 0.7152924 ;
1 16 0.187916 ;
1 17 -0.384305 ;
11 17 0.1367037 ;
15 17 0.2952771 ;
6 18 0.395586 ;
12 18 0.695446 ;
13 18 -0.1536927 ;
16 18 -0.108987 ;
17 18 0.6523532 ;
2 19 0.2048288 ;
3 19 -0.6666216 ;
3 20 0.9664785 ;
4 20 -0.4679804 ;
19 20 -0.4923235 ;
8 21 0.3424661 ;
9 21 -0.1663971 ;
2 22 -0.3266003 ;
5 22 -0.2408081 ;
12 22 -0.03809071 ;
16 22 -0.7448749 ;
19 22 0.6559005 ;
4 23 0.6941368 ;
10 23 0.6138597 ;
15 23 -0.2457825 ;
21 23 -0.09738524 ;
3 24 -0.7743854 ;
8 24 -0.5240594 ;
9 24 0.1843396 ;
13 24 -0.6517309 ;
16 24 0.2767712 ;
18 24 0.04341357 ;
19 24 0.9903965 ;
20 24 -0.1561754 ;
0 25 0.2579982 ;
10 25 -0.6000875 ;
12 25 0.1162637 ;
13 25 -0.121847 ;
19 25 -0.4682057 ;
23 25 -0.6333491 ;
1 26 0.4411834 ;
4 26 0.01822715 ;
10 26 0.05638046 ;
11 26 -0.5784025 ;
15 26 0.2974361 ;
17 26 -0.1164067 ;
19 26 -0.2574946 ;
21 26 0.07730769 ;
6 27 0.8949388 ;
10 27 0.312837 ;
25 27 0.9077269 ;
1 28 -0.2104631 ;
6 28 -0.8162553 ;
13 28 -0.4409681 ;
14 28 0.9376396 ;
15 28 0.8238828 ;
24 28 0.469367 ;
4 29 0.9116921 ;
9 29 -0.0785625 ;
18 29 -0.1362864 ;
0 30 0.01139372 ;
7 30 -0.549276 ;
12 30 -0.831848 ;
16 30 -0.8126363 ;
21 30 -0.4629999 ;
28 30 -0.1880227 ;
3 31 -0.5752065 ;
4 31 -0.08707444 ;
22 31 -0.6848976 ;
24 31 -0.5856595 ;
25 31 0.1557026 ;
28 31 -0.5268458 ;
0 32 0.4890111 ;
4 32 0.5808615 ;
9 32 0.9302702 ;
15 32 -0.9074607 ;
20 32 -0.6936829 ;
22 32 0.7667363 ;
25 32 -0.1801352 ;
1 33 -0.6774009 ;
2 33 -0.009504484 ;
5 33 -0.8186312 ;
17 33 -0.003597376 ;
19 33 -0.8117777 ;
20 33 0.8478603 ;
22 33 -0.02677937 ;
25 33 -0.8099327 ;
27 33 -0.6594832 ;
28 33 -0.6097547 ;
30 33 0.2975625 ;
32 33 0.2953579 ;
6 34 -0.7266796 ;
8 34 -0.0656938 ;
19 34 -0.5709054 ;
22 34 0.1314416 ;
25 34 -0.6925585 ;
26 34 0.8496006 ;
27 34 0.7889546 ;
3 35 -0.3413158 ;
10 35 0.006922051 ;
13 35 0.9968898 ;
19 35 -0.2049713 ;
20 35 -0.4208004 ;
23 35 0.169307 ;
1 36 0.6178811 ;
5 36 -0.6828808 ;
16 36 0.3227689 ;
29 36 0.8902715 ;
30 36 0.8679911 ;
33 36 -0.6131837 ;
6 37 -0.9914265 ;
7 37 0.03475105 ;
8 37 -0.9061294 ;
11 37 0.2242915 ;
12 37 0.5314948 ;
14 37 -0.4701701 ;
15 37 0.9802954 ;
23 37 0.02965469 ;
31 37 -0.9054682 ;
33 37 0.5722177 ;
4 38 -0.8861714 ;
7 38 -0.1646947 ;
12 38 0.3637374 ;
18 38 -0.2603493 ;
19 38 0.1391744 ;
21 38 0.002122564 ;
24 38 -0.5436693 ;
26 38 -0.01995488 ;
29 38 -0.6721097 ;
4 39 -0.8298735 ;
10 39 0.3943566 ;
11 39 -0.2637822 ;
24 39 -0.3575624 ;
26 39 0.9181967 ;
30 39 0.2331391 ;
31 39 0.7216011 ]