n =  50
taille =  600
Mat = [0 3 -0.6269478 ;
1 3 0.6831409 ;
1 4 0.5257186 ;
2 4 0.8977719 ;
3 4 -0.143419 ;
0 5 -0.8629916 ;
1 5 -0.1162327 ;
4 5 0.05488419 ;
5 6 0.3613115 ;
3 7 -0.5588955 ;
4 7 -0.5802251 ;
6 7 -0.3204286 ;
0 8 -0.1260772 ;
1 8 -0.8816245 ;
2 8 -0.3009658 ;
3 8 0.7200869 ;
4 8 0.2797614 ;
7 8 0.1800518 ;
0 9 0.9645976 ;
2 9 -0.9674678 ;
3 9 -0.03250878 ;
6 9 -0.9024346 ;
1 10 0.6209686 ;
4 10 -0.1123074 ;
5 10 -0.208478 ;
7 10 0.3430013 ;
0 11 0.3197086 ;
1 11 0.09350486 ;
3 11 0.4238909 ;
4 11 0.7816477 ;
8 11 -0.3244038 ;
9 11 -0.6776473 ;
1 12 -0.4988461 ;
2 12 -0.5040591 ;
9 12 -0.6312038 ;
11 12 -0.7556236 ;
0 13 0.06899577 ;
4 13 0.598652 ;
5 13 -0.2474565 ;
7 13 -0.7769492 ;
8 13 -0.4993406 ;
9 13 0.8911233 ;
12 13 -0.6891218 ;
2 14 -0.9721724 ;
4 14 -0.244452 ;
7 14 -0.6397247 ;
8 14 0.07841154 ;
10 14 0.3030062 ;
11 14 0.2829408 ;
12 14 0.8089991 ;
2 15 0.9875214 ;
6 15 -0.316147 ;
8 15 -0.3188558 ;
9 15 0.7348714 ;
12 15 -0.4316844 ;
3 16 0.966439 ;
5 16 0.4388474 ;
7 16 0.4623334 ;
8 16 -0.8214385 ;
12 16 0.6951481 ;
15 16 0.9752587 ;
1 17 0.4690731 ;
2 17 0.7061388 ;
9 17 -0.4364764 ;
11 17 -0.7818544 ;
12 17 0.3848148 ;
16 17 0.08753551 ;
1 18 -0.5680502 ;
6 18 -0.4096354 ;
8 18 0.5958321 ;
10 18 -0.5788027 ;
11 18 -0.960935 ;
12 18 0.1065815 ;
14 18 0.01153405 ;
15 18 0.4900694 ;
16 18 -0.9462286 ;
0 19 -0.5280086 ;
1 19 -0.7545041 ;
2 19 -0.7057782 ;
3 19 -0.2231587 ;
7 19 0.6577129 ;
8 19 -0.4748052 ;
11 19 0.3667366 ;
12 19 0.8925683 ;
13 19 0.6914102 ;
14 19 0.5565484 ;
15 19 -0.1421245 ;
17 19 -0.998945 ;
4 20 -0.7914198 ;
5 20 -0.9891116 ;
6 20 0.7441417 ;
8 20 0.6786689 ;
9 20 -0.9314864 ;
12 20 0.5716168 ;
15 20 -0.02978951 ;
16 20 0.5060065 ;
19 20 0.8454309 ;
1 21 0.5144029 ;
2 21 -0.9219884 ;
3 21 0.4860187 ;
7 21 -0.4911718 ;
8 21 0.4746488 ;
9 21 0.962993 ;
10 21 -0.6027675 ;
11 21 -0.2341088 ;
20 21 0.07649479 ;
1 22 -0.6972839 ;
2 22 0.7077334 ;
3 22 -0.8524309 ;
4 22 0.746768 ;
6 22 0.2731737 ;
7 22 0.3116738 ;
8 22 0.08992951 ;
9 22 0.8903902 ;
13 22 -0.1422344 ;
14 22 0.3403006 ;
15 22 0.2159622 ;
17 22 0.2465544 ;
18 22 -0.1600338 ;
19 22 0.3199962 ;
1 23 -0.1744973 ;
2 23 -0.8670214 ;
4 23 -0.3988367 ;
5 23 -0.3188167 ;
9 23 0.09024509 ;
10 23 -0.7354322 ;
11 23 -0.1399135 ;
14 23 -0.09169659 ;
15 23 0.6068318 ;
17 23 0.1498793 ;
20 23 -0.1043815 ;
22 23 -0.8502509 ;
0 24 0.4576312 ;
8 24 -0.7852165 ;
11 24 0.7011421 ;
12 24 0.4522993 ;
13 24 -0.3482362 ;
14 24 0.01429956 ;
16 24 0.6313279 ;
18 24 -0.6152265 ;
21 24 -0.2713927 ;
1 25 -0.3282482 ;
5 25 0.04004913 ;
6 25 -0.2016438 ;
8 25 0.4718219 ;
12 25 -0.8827322 ;
13 25 -0.8123361 ;
16 25 0.218812 ;
17 25 -0.751504 ;
19 25 0.5028686 ;
21 25 0.8685949 ;
22 25 0.5447411 ;
23 25 -0.1551218 ;
24 25 0.004753927 ;
1 26 -0.6438909 ;
2 26 -0.7238613 ;
4 26 -0.9797234 ;
6 26 -0.8492699 ;
8 26 -0.5675366 ;
9 26 -0.7139678 ;
10 26 0.03793765 ;
12 26 0.8486176 ;
13 26 0.7233684 ;
14 26 -0.4591817 ;
15 26 0.8083394 ;
16 26 0.04541353 ;
19 26 0.7376645 ;
20 26 0.9618282 ;
22 26 -0.7853423 ;
24 26 0.5935095 ;
25 26 -0.9936788 ;
2 27 -0.3815557 ;
4 27 -0.05034987 ;
5 27 0.2463953 ;
10 27 -0.4866153 ;
14 27 -0.6497054 ;
15 27 -0.808227 ;
19 27 -0.8840385 ;
21 27 0.5985158 ;
22 27 -0.8103127 ;
23 27 0.06933386 ;
25 27 -0.4885094 ;
6 28 0.6046585 ;
7 28 -0.09651035 ;
14 28 0.9210206 ;
15 28 -0.3730422 ;
16 28 -0.1954354 ;
19 28 -0.09443792 ;
22 28 -0.08083619 ;
25 28 0.0835092 ;
27 28 -0.918391 ;
0 29 -0.1919213 ;
7 29 0.6997598 ;
9 29 0.3360967 ;
10 29 0.9433368 ;
11 29 0.7108386 ;
12 29 -0.5212502 ;
14 29 0.792389 ;
15 29 -0.1505371 ;
16 29 0.6678752 ;
27 29 -0.8716382 ;
0 30 -0.2011301 ;
1 30 0.3714116 ;
4 30 -0.9778875 ;
5 30 -0.2585183 ;
6 30 0.6902479 ;
8 30 -0.6341934 ;
9 30 0.4084898 ;
10 30 0.02058133 ;
11 30 0.4103685 ;
13 30 0.2951081 ;
15 30 -0.8975042 ;
18 30 0.1100557 ;
19 30 0.03832197 ;
23 30 0.3169505 ;
24 30 -0.01653054 ;
26 30 -0.3873244 ;
29 30 -0.9480598 ;
0 31 -0.4622959 ;
1 31 -0.2575682 ;
3 31 -0.4185456 ;
4 31 -0.9048914 ;
11 31 0.5575539 ;
12 31 -0.2803631 ;
13 31 0.6343275 ;
17 31 0.3018503 ;
18 31 0.7571909 ;
19 31 -0.1975229 ;
22 31 0.8302573 ;
24 31 0.2628137 ;
25 31 0.244901 ;
26 31 0.6614576 ;
29 31 0.4027552 ;
0 32 -0.2003994 ;
1 32 0.2878509 ;
3 32 0.002025469 ;
4 32 0.1389402 ;
6 32 -0.2640458 ;
7 32 -0.07965554 ;
8 32 -0.8819285 ;
9 32 -0.8707294 ;
10 32 0.563226 ;
14 32 -0.6622735 ;
16 32 0.6311054 ;
17 32 0.1075685 ;
19 32 -0.7746398 ;
20 32 0.946342 ;
21 32 0.2447604 ;
23 32 -0.4985253 ;
27 32 -0.4853714 ;
28 32 -0.934419 ;
1 33 -0.2074789 ;
2 33 -0.4246077 ;
3 33 -0.6174422 ;
4 33 -0.1168826 ;
5 33 -0.5581871 ;
6 33 -0.2291984 ;
9 33 0.1951911 ;
13 33 -0.4304045 ;
15 33 0.8070804 ;
17 33 -0.6728125 ;
18 33 -0.6728007 ;
19 33 0.8354867 ;
21 33 0.2011706 ;
25 33 -0.6600846 ;
27 33 -0.5617704 ;
29 33 0.2250543 ;
30 33 0.8245048 ;
31 33 -0.9428682 ;
4 34 0.05772951 ;
5 34 -0.2961587 ;
6 34 0.3444962 ;
7 34 0.6523063 ;
12 34 -0.4818343 ;
14 34 0.4232508 ;
15 34 0.4541187 ;
19 34 0.7016562 ;
23 34 -0.5356896 ;
24 34 0.2958163 ;
27 34 0.5614538 ;
30 34 -0.7150969 ;
31 34 0.8456532 ;
0 35 0.2120522 ;
1 35 -0.926199 ;
5 35 -0.2813304 ;
7 35 -0.489801 ;
10 35 -0.1983598 ;
11 35 -0.8642812 ;
14 35 0.1483671 ;
15 35 -0.05635084 ;
17 35 0.02647451 ;
18 35 -0.06580295 ;
20 35 0.351677 ;
24 35 -0.08545266 ;
25 35 -0.003164484 ;
29 35 -0.643573 ;
31 35 0.6452323 ;
33 35 0.3660689 ;
1 36 0.6765049 ;
4 36 0.9209177 ;
7 36 -0.9382858 ;
8 36 -0.5640501 ;
9 36 0.1420719 ;
11 36 0.2022789 ;
12 36 0.8224607 ;
17 36 -0.3326903 ;
20 36 0.1748679 ;
21 36 0.1409719 ;
22 36 -0.7362431 ;
23 36 0.5419195 ;
25 36 0.3479617 ;
27 36 -0.8867698 ;
29 36 0.2258579 ;
32 36 -0.08949204 ;
34 36 0.1392588 ;
1 37 0.5110535 ;
2 37 0.9135546 ;
4 37 -0.09096148 ;
7 37 0.7119065 ;
10 37 0.7859341 ;
13 37 -0.9273909 ;
14 37 0.335072 ;
16 37 0.9850475 ;
17 37 0.5011895 ;
19 37 0.05521371 ;
20 37 0.6347676 ;
21 37 0.48635 ;
22 37 -0.3859931 ;
27 37 0.2325648 ;
29 37 0.7796344 ;
34 37 0.5196292 ;
35 37 0.4229022 ;
1 38 -0.1004215 ;
4 38 0.1746005 ;
8 38 0.6413256 ;
11 38 -0.976097 ;
12 38 0.188727 ;
13 38 0.7531787 ;
14 38 -0.9045678 ;
16 38 0.245196 ;
17 38 -0.4094721 ;
18 38 -0.1971265 ;
20 38 0.6638549 ;
22 38 -0.1005581 ;
23 38 0.1246165 ;
24 38 0.8125887 ;
26 38 0.4746375 ;
27 38 0.4964901 ;
28 38 0.1863629 ;
30 38 -0.5709037 ;
35 38 0.707228 ;
36 38 -0.4606069 ;
37 38 -0.5184431 ;
0 39 0.5212197 ;
2 39 -0.0113006 ;
3 39 -0.7355547 ;
6 39 0.03570438 ;
7 39 0.1000243 ;
8 39 0.7676789 ;
9 39 -0.4452363 ;
13 39 0.5890517 ;
14 39 0.3482261 ;
15 39 -0.2199127 ;
16 39 0.7818359 ;
17 39 -0.2105426 ;
19 39 -0.3157271 ;
20 39 -0.1003371 ;
21 39 -0.3229316 ;
22 39 0.2409553 ;
27 39 0.896041 ;
30 39 -0.7375694 ;
33 39 0.3304845 ;
38 39 -0.7936202 ;
0 40 0.07998427 ;
4 40 -0.9087202 ;
7 40 0.7966783 ;
9 40 0.1928734 ;
10 40 0.7438577 ;
11 40 -0.8025313 ;
14 40 0.5157103 ;
16 40 0.104564 ;
17 40 0.967167 ;
18 40 -0.5757973 ;
25 40 -0.6690199 ;
26 40 -0.3026588 ;
27 40 -0.6762439 ;
28 40 0.6569175 ;
29 40 -0.3290661 ;
32 40 0.9255906 ;
37 40 0.7935776 ;
39 40 -0.7189004 ;
1 41 0.06679434 ;
3 41 0.01948954 ;
6 41 0.6332591 ;
9 41 -0.7743875 ;
10 41 -0.2054783 ;
11 41 -0.03230777 ;
14 41 0.5693625 ;
15 41 0.8835754 ;
16 41 -0.01301501 ;
20 41 -0.1665113 ;
21 41 -0.8601727 ;
28 41 0.3058477 ;
30 41 -0.05751359 ;
33 41 0.891575 ;
34 41 0.921906 ;
36 41 -0.5262872 ;
38 41 -0.487866 ;
40 41 0.6422358 ;
0 42 -0.2686733 ;
2 42 0.09546578 ;
3 42 -0.8622478 ;
4 42 -0.3478968 ;
5 42 -0.7338294 ;
7 42 -0.6479931 ;
9 42 -0.9891512 ;
11 42 -0.05080757 ;
12 42 0.8033658 ;
13 42 0.3454853 ;
16 42 0.7999363 ;
17 42 -0.04867631 ;
20 42 0.7319318 ;
21 42 -0.6137913 ;
22 42 -0.6304974 ;
23 42 0.9523287 ;
24 42 0.7176198 ;
25 42 0.4063466 ;
27 42 -0.4339593 ;
29 42 0.9375547 ;
30 42 -0.5062688 ;
32 42 -0.7180844 ;
33 42 -0.1342846 ;
35 42 0.001984606 ;
36 42 0.1246928 ;
38 42 -0.9757331 ;
39 42 0.8242621 ;
40 42 -0.1416732 ;
41 42 0.9205459 ;
6 43 0.874892 ;
7 43 0.08057271 ;
8 43 0.7440274 ;
9 43 -0.1002367 ;
10 43 -0.5405419 ;
12 43 -0.2185617 ;
14 43 0.325919 ;
15 43 0.2352754 ;
17 43 0.1989228 ;
18 43 -0.3079698 ;
20 43 0.4238501 ;
21 43 -0.2977813 ;
22 43 0.6099717 ;
23 43 -0.8215858 ;
25 43 0.742991 ;
32 43 0.09197275 ;
33 43 0.891835 ;
34 43 -0.8465126 ;
36 43 0.4532928 ;
38 43 0.7114249 ;
39 43 -0.5869789 ;
40 43 0.1393541 ;
3 44 0.5831587 ;
4 44 0.7742803 ;
7 44 0.3944703 ;
9 44 -0.7713234 ;
10 44 -0.5754197 ;
13 44 -0.9264466 ;
15 44 -0.147485 ;
18 44 0.5389318 ;
19 44 0.2853215 ;
20 44 -0.2381329 ;
22 44 -0.8689172 ;
24 44 -0.6650404 ;
26 44 -0.1776307 ;
28 44 -0.3893544 ;
31 44 -0.2963985 ;
32 44 -0.3066613 ;
33 44 0.005205438 ;
34 44 -0.4217432 ;
36 44 -0.9918793 ;
37 44 0.3040671 ;
38 44 0.9805062 ;
39 44 -0.629635 ;
42 44 -0.1467268 ;
43 44 -0.7562207 ;
0 45 -0.3165376 ;
2 45 0.6588122 ;
3 45 -0.851681 ;
4 45 0.8584712 ;
10 45 0.4394439 ;
13 45 0.7891576 ;
16 45 0.6211534 ;
17 45 -0.8173564 ;
24 45 -0.2373911 ;
25 45 -0.4008963 ;
26 45 -0.900768 ;
27 45 0.2797068 ;
28 45 -0.6954324 ;
30 45 -0.9328247 ;
31 45 0.2173629 ;
32 45 0.9955716 ;
34 45 -0.6949591 ;
36 45 0.8539307 ;
37 45 -0.5158949 ;
39 45 0.7450519 ;
42 45 0.2167079 ;
43 45 -0.07108324 ;
0 46 -0.7643973 ;
2 46 0.4806258 ;
4 46 0.1081669 ;
5 46 0.5179024 ;
7 46 -0.1392322 ;
9 46 -0.06801225 ;
10 46 -0.7176297 ;
11 46 -0.1927994 ;
12 46 -0.5175967 ;
13 46 0.6385999 ;
14 46 -0.2628825 ;
15 46 -0.45944 ;
16 46 0.7741363 ;
18 46 0.5752034 ;
21 46 -0.06817848 ;
23 46 0.1089534 ;
24 46 -0.7144701 ;
25 46 -0.3377589 ;
26 46 -0.2724893 ;
28 46 -0.1524452 ;
29 46 -0.4755025 ;
30 46 0.3728199 ;
31 46 0.7639816 ;
32 46 -0.968888 ;
33 46 0.8728761 ;
34 46 0.1648681 ;
41 46 -0.1770679 ;
3 47 0.645139 ;
4 47 0.3708977 ;
9 47 -0.7397614 ;
10 47 0.5551671 ;
11 47 -0.1986998 ;
13 47 -0.09779973 ;
14 47 0.7765135 ;
18 47 0.6323137 ;
19 47 0.5091517 ;
22 47 -0.6958769 ;
23 47 0.6732185 ;
26 47 -0.2881891 ;
28 47 0.348622 ;
29 47 -0.340017 ;
30 47 -0.8610365 ;
38 47 0.3745873 ;
41 47 0.3347783 ;
42 47 0.9107959 ;
44 47 -0.9438165 ;
45 47 -0.5542141 ;
46 47 0.7226849 ;
0 48 -0.3232971 ;
1 48 0.8571932 ;
2 48 -0.154578 ;
3 48 0.9101763 ;
5 48 0.275323 ;
6 48 -0.6874486 ;
7 48 0.2563116 ;
9 48 -0.416787 ;
11 48 0.116336 ;
13 48 -0.9247829 ;
14 48 -0.5741229 ;
15 48 0.3221952 ;
21 48 -0.5162306 ;
22 48 0.907812 ;
23 48 -0.7991087 ;
24 48 -0.8057171 ;
31 48 -0.6013814 ;
34 48 -0.5922588 ;
35 48 0.3694654 ;
36 48 0.3958499 ;
39 48 -0.8752869 ;
40 48 -0.2830361 ;
41 48 0.5705632 ;
43 48 0.5086055 ;
45 48 -0.2251829 ;
4 49 -0.1012487 ;
8 49 0.4218148 ;
10 49 -0.1858703 ;
13 49 0.1051955 ;
14 49 0.2972441 ;
15 49 -0.3021121 ;
17 49 -0.1239016 ;
21 49 0.8982839 ;
23 49 -0.9049613 ;
24 49 -0.08306927 ;
25 49 -0.5716146 ;
27 49 0.4743338 ;
28 49 0.201581 ;
31 49 -0.660376 ;
33 49 0.8515879 ;
35 49 0.4770898 ;
36 49 -0.4979551 ;
42 49 0.9259425 ;
44 49 0.5200944 ;
46 49 -0.8664487 ;
47 49 0.9749686 ]