n =  50
taille =  961
Mat = [0 1 -0.06283902 ;
0 2 -0.633868 ;
1 2 -0.2792785 ;
0 3 -0.6949691 ;
0 4 -0.6356905 ;
1 4 0.0124802 ;
0 5 -0.8751755 ;
1 5 -0.8971465 ;
3 5 -0.332066 ;
4 5 0.2945436 ;
0 6 -0.2278923 ;
1 6 -0.2954442 ;
2 6 -0.9027105 ;
3 6 0.1887142 ;
4 6 0.1874462 ;
0 7 0.0852697 ;
2 7 -0.2331303 ;
6 7 0.5165454 ;
3 8 0.7472657 ;
4 8 0.3805221 ;
5 8 -0.7710183 ;
7 8 -0.5488451 ;
1 9 0.6742701 ;
2 9 -0.3040657 ;
3 9 -0.2314847 ;
4 9 0.4892792 ;
6 9 -0.9115401 ;
8 9 -0.2665028 ;
0 10 0.2286311 ;
1 10 0.1144974 ;
2 10 -0.1413669 ;
3 10 0.8847077 ;
4 10 0.7233414 ;
5 10 0.5021656 ;
6 10 -0.07695858 ;
9 10 0.6620655 ;
1 11 0.7711261 ;
2 11 0.4142889 ;
3 11 -0.8443679 ;
5 11 0.1846931 ;
6 11 0.7724732 ;
7 11 -0.0438776 ;
8 11 0.7120091 ;
9 11 -0.0811112 ;
10 11 -0.615514 ;
0 12 -0.9101684 ;
2 12 -0.678307 ;
3 12 -0.2670416 ;
4 12 -0.6868478 ;
5 12 -0.5169951 ;
6 12 -0.4360792 ;
7 12 0.8903378 ;
8 12 -0.966944 ;
10 12 -0.173982 ;
11 12 0.5807859 ;
0 13 0.5155435 ;
1 13 -0.6014884 ;
3 13 -0.8988611 ;
5 13 -0.7964061 ;
6 13 -0.9264684 ;
7 13 -0.2482063 ;
8 13 0.999274 ;
9 13 0.5276315 ;
10 13 0.3331838 ;
11 13 0.2167846 ;
12 13 -0.04597621 ;
0 14 0.4043956 ;
1 14 -0.244721 ;
2 14 0.356024 ;
3 14 0.8424322 ;
5 14 0.4149004 ;
6 14 0.710202 ;
9 14 -0.5657099 ;
10 14 0.05571692 ;
11 14 0.4338547 ;
13 14 0.2699238 ;
0 15 0.9695141 ;
1 15 0.3457874 ;
2 15 0.1204242 ;
5 15 0.7185382 ;
6 15 0.5316326 ;
7 15 0.9773568 ;
8 15 -0.4565526 ;
9 15 -0.140337 ;
10 15 -0.1058957 ;
11 15 -0.2710729 ;
12 15 -0.9601658 ;
13 15 0.02019217 ;
14 15 -0.7135012 ;
0 16 -0.6883999 ;
1 16 -0.8355544 ;
2 16 -0.754923 ;
3 16 -0.2703423 ;
4 16 -0.5199169 ;
5 16 0.5835579 ;
6 16 -0.9374694 ;
7 16 0.8002932 ;
9 16 0.2551499 ;
10 16 0.8210469 ;
11 16 0.003856224 ;
12 16 0.8635974 ;
13 16 0.8408361 ;
14 16 -0.3263377 ;
0 17 -0.364232 ;
1 17 -0.2000328 ;
2 17 0.4064262 ;
3 17 -0.5397552 ;
4 17 -0.6545339 ;
5 17 -0.4203203 ;
6 17 0.9495359 ;
7 17 0.2534806 ;
11 17 0.07045344 ;
12 17 -0.5753982 ;
14 17 0.5077083 ;
1 18 -0.8876671 ;
2 18 0.1241216 ;
4 18 0.0001981589 ;
5 18 -0.891066 ;
6 18 0.3886089 ;
7 18 0.6755573 ;
8 18 -0.7184256 ;
9 18 -0.9935768 ;
10 18 -0.7455424 ;
13 18 0.7247724 ;
15 18 0.8303651 ;
16 18 0.6083147 ;
17 18 0.6650594 ;
0 19 -0.04697988 ;
2 19 -0.1569762 ;
3 19 -0.2322728 ;
6 19 -0.5247533 ;
7 19 -0.6036652 ;
8 19 -0.1409319 ;
9 19 -0.5380262 ;
11 19 0.5668016 ;
12 19 -0.3090816 ;
13 19 0.08868407 ;
14 19 -0.4757312 ;
15 19 0.8389183 ;
16 19 0.3665465 ;
17 19 0.6993328 ;
18 19 0.7844869 ;
0 20 0.3269434 ;
2 20 -0.3733224 ;
3 20 0.1231069 ;
4 20 -0.7243535 ;
5 20 -0.2520161 ;
6 20 -0.8940883 ;
7 20 -0.2172102 ;
8 20 0.1834001 ;
9 20 0.3099016 ;
10 20 0.6899469 ;
11 20 0.09511279 ;
12 20 0.1017164 ;
13 20 0.3865849 ;
14 20 0.1062015 ;
15 20 0.2348129 ;
16 20 0.7585954 ;
17 20 -0.8679612 ;
19 20 0.7182188 ;
2 21 0.3793141 ;
4 21 -0.1048246 ;
6 21 -0.8322561 ;
9 21 0.5294114 ;
10 21 0.00241632 ;
11 21 -0.1256707 ;
14 21 -0.647264 ;
17 21 -0.7705931 ;
18 21 -0.6348251 ;
19 21 0.6841004 ;
20 21 -0.9315635 ;
1 22 0.6621565 ;
2 22 0.196224 ;
3 22 -0.9104742 ;
4 22 -0.904209 ;
5 22 0.9385518 ;
6 22 -0.1007988 ;
7 22 0.5369821 ;
9 22 -0.4170602 ;
10 22 -0.05920998 ;
11 22 -0.06278268 ;
12 22 -0.1433108 ;
13 22 0.05302714 ;
14 22 -0.9253916 ;
15 22 -0.142179 ;
16 22 0.9158576 ;
17 22 -0.4240382 ;
19 22 0.8784544 ;
20 22 0.6997229 ;
21 22 0.2009743 ;
0 23 -0.4957246 ;
1 23 0.7199781 ;
2 23 0.317422 ;
4 23 -0.4962807 ;
6 23 -0.08199686 ;
7 23 -0.9255536 ;
8 23 0.7032773 ;
9 23 0.2683497 ;
10 23 0.2220717 ;
11 23 -0.210448 ;
12 23 -0.7182586 ;
13 23 -0.147471 ;
14 23 -0.4851559 ;
15 23 0.5063801 ;
16 23 -0.6816118 ;
17 23 -0.07684965 ;
18 23 -0.5856175 ;
19 23 0.1565529 ;
20 23 -0.04096715 ;
21 23 -0.5153273 ;
22 23 0.3533542 ;
0 24 0.8958551 ;
1 24 0.5950752 ;
2 24 -0.5392539 ;
3 24 0.4759255 ;
5 24 -0.1068125 ;
6 24 -0.8973231 ;
7 24 0.3517548 ;
8 24 0.05816839 ;
9 24 0.9005101 ;
11 24 -0.9450122 ;
13 24 -0.5237391 ;
14 24 -0.8890313 ;
15 24 0.9690946 ;
16 24 0.07229105 ;
17 24 -0.9044306 ;
18 24 0.3957405 ;
19 24 0.1709324 ;
20 24 -0.6063093 ;
21 24 -0.419702 ;
22 24 -0.190599 ;
23 24 0.9011571 ;
0 25 -0.8916597 ;
1 25 -0.4465497 ;
2 25 0.712125 ;
3 25 -0.3874064 ;
4 25 -0.6039687 ;
5 25 -0.8919586 ;
7 25 -0.9818597 ;
8 25 0.7290911 ;
9 25 -0.5960099 ;
10 25 -0.9233997 ;
11 25 0.06076086 ;
12 25 -0.8106696 ;
13 25 0.4555194 ;
15 25 -0.9231553 ;
16 25 -0.9646491 ;
18 25 -0.9948098 ;
19 25 0.03780446 ;
20 25 0.5156286 ;
21 25 0.3995863 ;
22 25 0.4037478 ;
23 25 -0.3586998 ;
24 25 0.7073576 ;
0 26 0.2851434 ;
1 26 -0.2061537 ;
3 26 -0.6871852 ;
5 26 0.6569883 ;
6 26 -0.5458985 ;
8 26 -0.2858347 ;
11 26 -0.4413598 ;
12 26 0.002141968 ;
13 26 0.8410125 ;
14 26 0.7130967 ;
15 26 0.5433765 ;
16 26 -0.01452987 ;
17 26 -0.9037017 ;
18 26 0.4731531 ;
19 26 -0.3689332 ;
21 26 -0.8876713 ;
22 26 0.2820908 ;
23 26 0.3865902 ;
25 26 -0.182796 ;
2 27 -0.4435203 ;
3 27 -0.5753177 ;
4 27 0.6959568 ;
5 27 -0.175298 ;
6 27 0.8113106 ;
7 27 0.08355589 ;
10 27 0.1092799 ;
11 27 0.7977154 ;
12 27 -0.3730087 ;
13 27 -0.5617619 ;
14 27 0.6020171 ;
15 27 -0.9757288 ;
16 27 0.1270818 ;
18 27 -0.1846402 ;
20 27 -0.4594324 ;
22 27 -0.2201355 ;
23 27 -0.2445837 ;
24 27 -0.7482734 ;
25 27 -0.7729956 ;
26 27 -0.530116 ;
1 28 0.2871019 ;
3 28 0.4342035 ;
4 28 -0.2991289 ;
5 28 0.08462193 ;
6 28 -0.6111514 ;
7 28 -0.1643338 ;
9 28 0.2099383 ;
10 28 0.6783769 ;
11 28 0.3726133 ;
12 28 0.6342597 ;
13 28 0.274555 ;
14 28 0.8039793 ;
17 28 -0.07572297 ;
18 28 -0.709244 ;
19 28 0.7220725 ;
21 28 0.496611 ;
22 28 -0.01410399 ;
24 28 -0.7233475 ;
25 28 -0.9186504 ;
26 28 0.4375618 ;
27 28 0.004533098 ;
0 29 -0.7339007 ;
1 29 0.03442015 ;
4 29 -0.5715083 ;
5 29 0.6676263 ;
6 29 -0.01269517 ;
7 29 0.882045 ;
8 29 -0.3300604 ;
9 29 -0.5943521 ;
10 29 -0.909366 ;
11 29 -0.8711896 ;
12 29 -0.0621123 ;
13 29 0.1538959 ;
15 29 0.09434173 ;
18 29 0.8800476 ;
19 29 -0.6889119 ;
21 29 -0.2782318 ;
22 29 0.5855672 ;
23 29 0.3051223 ;
24 29 -0.1017886 ;
25 29 0.7720503 ;
26 29 0.8750971 ;
27 29 -0.2535376 ;
28 29 -0.8424166 ;
0 30 -0.7314939 ;
2 30 0.2180358 ;
3 30 0.9552672 ;
4 30 0.3577778 ;
5 30 -0.0147628 ;
6 30 -0.324822 ;
7 30 0.3182724 ;
9 30 -0.6221506 ;
10 30 0.1930332 ;
13 30 -0.7962979 ;
15 30 -0.3150222 ;
17 30 -0.8247085 ;
18 30 -0.1120422 ;
19 30 -0.7687238 ;
20 30 -0.5448419 ;
23 30 -0.3734707 ;
24 30 0.4967763 ;
25 30 -0.7180683 ;
26 30 0.7795735 ;
27 30 -0.45516 ;
28 30 0.01630583 ;
29 30 0.3991994 ;
0 31 -0.1053835 ;
1 31 -0.9883115 ;
3 31 -0.6385702 ;
4 31 0.7874867 ;
7 31 -0.2934494 ;
8 31 -0.7263619 ;
9 31 0.9104193 ;
10 31 0.7715034 ;
12 31 -0.6736559 ;
13 31 -0.1406746 ;
16 31 -0.5476393 ;
18 31 0.5435662 ;
19 31 -0.8715071 ;
21 31 0.7714353 ;
22 31 -0.710941 ;
24 31 -0.1830129 ;
25 31 -0.4077783 ;
26 31 -0.0596826 ;
27 31 -0.5165103 ;
28 31 -0.514643 ;
29 31 -0.07315688 ;
30 31 0.4977065 ;
0 32 0.7049015 ;
1 32 -0.2023769 ;
2 32 -0.6967452 ;
4 32 0.1555579 ;
5 32 0.4673727 ;
6 32 0.4979249 ;
8 32 -0.3713579 ;
9 32 0.1202036 ;
10 32 0.6080319 ;
11 32 -0.2926878 ;
12 32 0.9847622 ;
13 32 -0.2567593 ;
14 32 -0.4676792 ;
15 32 -0.5464015 ;
17 32 0.6477331 ;
18 32 -0.5488325 ;
19 32 0.9280326 ;
20 32 0.8562675 ;
21 32 -0.2960049 ;
22 32 0.115462 ;
23 32 -0.6624986 ;
25 32 -0.3129495 ;
26 32 -0.1616339 ;
27 32 0.1065618 ;
28 32 0.82483 ;
29 32 0.656346 ;
30 32 -0.1254636 ;
31 32 -0.04705929 ;
0 33 -0.08086514 ;
2 33 0.2110374 ;
6 33 -0.4046378 ;
8 33 -0.8636516 ;
9 33 0.07845324 ;
10 33 0.7222062 ;
11 33 0.8623388 ;
12 33 0.2971172 ;
13 33 -0.8166078 ;
15 33 0.5873248 ;
16 33 0.7774044 ;
17 33 0.3577719 ;
19 33 0.2090812 ;
20 33 0.7813296 ;
23 33 0.5058353 ;
24 33 0.6799727 ;
25 33 -0.7665493 ;
26 33 -0.5128175 ;
27 33 0.1558636 ;
28 33 0.5933831 ;
29 33 -0.1771789 ;
30 33 0.01683733 ;
31 33 0.1698957 ;
0 34 0.8399785 ;
2 34 -0.1839482 ;
3 34 -0.8113181 ;
4 34 -0.6327008 ;
5 34 0.1002577 ;
6 34 -0.5826206 ;
7 34 -0.2927562 ;
8 34 -0.0520007 ;
9 34 0.2773111 ;
10 34 0.4041594 ;
11 34 0.7623983 ;
13 34 -0.4697176 ;
14 34 0.1215674 ;
15 34 -0.7035428 ;
16 34 0.9273321 ;
17 34 0.4453869 ;
18 34 0.2814837 ;
19 34 0.6691976 ;
20 34 -0.9726122 ;
21 34 0.2624473 ;
23 34 -0.6564234 ;
24 34 -0.9548289 ;
25 34 0.3558607 ;
26 34 -0.5001356 ;
28 34 -0.1486826 ;
29 34 0.132065 ;
30 34 -0.7400189 ;
31 34 -0.3493744 ;
32 34 -0.663105 ;
33 34 -0.28582 ;
0 35 0.05901971 ;
1 35 0.734478 ;
2 35 0.7447778 ;
5 35 0.256187 ;
6 35 -0.8689785 ;
8 35 0.1357162 ;
9 35 0.9292005 ;
10 35 -0.0564272 ;
11 35 -0.4279561 ;
12 35 0.1292399 ;
13 35 0.8002263 ;
14 35 -0.4488189 ;
15 35 -0.9764537 ;
16 35 -0.2405414 ;
18 35 -0.2385804 ;
19 35 0.6561409 ;
20 35 -0.1395255 ;
21 35 -0.4227057 ;
23 35 0.6133306 ;
25 35 -0.2420242 ;
26 35 0.4440186 ;
27 35 0.7749284 ;
28 35 0.6164342 ;
29 35 -0.1328014 ;
30 35 0.7108644 ;
31 35 0.1146229 ;
32 35 -0.8334063 ;
33 35 0.9663195 ;
34 35 0.3779992 ;
0 36 -0.5052636 ;
2 36 0.2581095 ;
3 36 -0.9894343 ;
4 36 -0.6546944 ;
7 36 -0.8636799 ;
9 36 -0.8008248 ;
11 36 -0.557933 ;
12 36 0.5845492 ;
13 36 -0.444079 ;
14 36 0.7093985 ;
15 36 -0.3566217 ;
16 36 -0.02676375 ;
17 36 0.9640126 ;
18 36 -0.7320029 ;
19 36 0.01570675 ;
21 36 0.4310234 ;
22 36 0.7676431 ;
23 36 -0.03342539 ;
24 36 -0.4729502 ;
25 36 -0.499836 ;
27 36 0.3560197 ;
28 36 -0.8584552 ;
29 36 -0.9269236 ;
30 36 -0.5447045 ;
31 36 -0.2737811 ;
32 36 -0.5488497 ;
33 36 -0.2899285 ;
34 36 -0.1554687 ;
35 36 -0.2469879 ;
0 37 -0.3671439 ;
1 37 0.1901821 ;
2 37 0.6760754 ;
3 37 0.2745919 ;
5 37 0.06731088 ;
7 37 0.71837 ;
8 37 -0.6438947 ;
9 37 -0.3278167 ;
10 37 -0.329854 ;
12 37 -0.9755921 ;
13 37 0.120467 ;
15 37 -0.8668728 ;
16 37 0.5044198 ;
17 37 0.9087407 ;
18 37 -0.9096675 ;
19 37 0.8738006 ;
20 37 0.07187438 ;
21 37 0.2647843 ;
22 37 -0.4431581 ;
23 37 -0.2390427 ;
24 37 0.4282259 ;
28 37 0.5656789 ;
29 37 0.1910194 ;
30 37 -0.3010651 ;
34 37 0.1275212 ;
35 37 -0.100905 ;
36 37 0.1395464 ;
0 38 0.7589128 ;
1 38 -0.8021334 ;
2 38 -0.3900671 ;
3 38 -0.9139106 ;
4 38 -0.3135244 ;
5 38 -0.4579594 ;
6 38 0.5931681 ;
7 38 0.04216079 ;
8 38 -0.7481596 ;
9 38 -0.9257849 ;
10 38 -0.4949349 ;
12 38 0.2537059 ;
13 38 0.6097287 ;
14 38 -0.4652346 ;
15 38 0.3060494 ;
16 38 -0.04847978 ;
17 38 0.1707831 ;
19 38 -0.4804187 ;
21 38 0.7637165 ;
22 38 -0.796208 ;
24 38 0.6650455 ;
25 38 0.1060145 ;
26 38 -0.2366066 ;
27 38 -0.4806253 ;
28 38 0.5438797 ;
29 38 -0.9962961 ;
30 38 0.5972519 ;
31 38 -0.6776743 ;
32 38 0.09710419 ;
33 38 0.2036351 ;
34 38 -0.3074534 ;
35 38 -0.5725741 ;
36 38 0.0709955 ;
1 39 0.8267118 ;
2 39 0.4950383 ;
5 39 -0.7426493 ;
6 39 -0.8624251 ;
8 39 0.9035446 ;
9 39 -0.9208325 ;
10 39 0.8419576 ;
11 39 0.07513965 ;
12 39 -0.3616108 ;
13 39 0.5995887 ;
14 39 0.1996183 ;
16 39 -0.9971399 ;
18 39 0.9867223 ;
19 39 0.9510885 ;
20 39 -0.677445 ;
22 39 -0.7840257 ;
23 39 0.4706585 ;
24 39 0.9105893 ;
26 39 0.6674201 ;
27 39 0.5753216 ;
28 39 0.5268585 ;
29 39 0.1439036 ;
30 39 -0.6530003 ;
31 39 0.3016988 ;
32 39 0.1463184 ;
34 39 -0.6439661 ;
35 39 0.5828135 ;
38 39 -0.1064352 ;
0 40 0.2411488 ;
1 40 0.5743377 ;
3 40 0.2129544 ;
4 40 0.9707218 ;
5 40 0.4359058 ;
6 40 -0.07021986 ;
10 40 -0.2280743 ;
12 40 0.9318902 ;
13 40 0.1944424 ;
14 40 0.7530175 ;
16 40 -0.9129137 ;
17 40 0.8415901 ;
18 40 -0.3742893 ;
19 40 0.3708919 ;
22 40 -0.1404177 ;
23 40 0.1001328 ;
24 40 0.3487023 ;
25 40 -0.5872774 ;
26 40 0.5376158 ;
27 40 0.1213558 ;
28 40 0.4543723 ;
29 40 -0.09931471 ;
30 40 0.0358693 ;
31 40 0.4482733 ;
32 40 0.8294195 ;
33 40 -0.3442723 ;
34 40 0.3661315 ;
35 40 -0.3683508 ;
36 40 -0.9034535 ;
37 40 0.3706685 ;
38 40 -0.9479121 ;
39 40 0.550652 ;
0 41 0.719637 ;
1 41 -0.5440892 ;
3 41 -0.900769 ;
4 41 0.5766469 ;
5 41 0.08335504 ;
6 41 -0.8038751 ;
7 41 -0.6496271 ;
8 41 -0.6646425 ;
10 41 0.3675452 ;
12 41 0.7431227 ;
13 41 -0.5925839 ;
14 41 -0.1933662 ;
15 41 -0.4034306 ;
16 41 -0.1070726 ;
18 41 0.7246108 ;
19 41 -0.7243066 ;
20 41 0.4370155 ;
21 41 -0.3125965 ;
22 41 -0.6364768 ;
23 41 -0.2817288 ;
25 41 0.8421728 ;
28 41 -0.7638425 ;
30 41 -0.2250344 ;
31 41 0.3774923 ;
32 41 -0.5532701 ;
33 41 0.8457884 ;
34 41 0.2433185 ;
35 41 -0.4325727 ;
37 41 0.9652921 ;
39 41 0.1479252 ;
40 41 -0.3976773 ;
0 42 -0.8363926 ;
1 42 -0.2732821 ;
2 42 -0.5021839 ;
3 42 -0.4024954 ;
5 42 -0.9812085 ;
6 42 0.3700464 ;
7 42 0.6519668 ;
8 42 0.08728912 ;
9 42 0.8066678 ;
11 42 0.6863014 ;
12 42 -0.8651055 ;
13 42 -0.0131764 ;
14 42 -0.2702413 ;
15 42 0.05056301 ;
16 42 -0.4371591 ;
18 42 -0.001174461 ;
19 42 0.2087532 ;
21 42 -0.2369357 ;
22 42 0.7468357 ;
23 42 -0.6962115 ;
24 42 0.7170525 ;
27 42 -0.1933999 ;
28 42 -0.7213285 ;
29 42 -0.1483319 ;
30 42 -0.9369027 ;
31 42 0.8304519 ;
33 42 -0.5062537 ;
34 42 0.3329108 ;
35 42 -0.09273742 ;
36 42 0.7925445 ;
37 42 -0.05006583 ;
38 42 -0.174492 ;
39 42 -0.2800821 ;
40 42 -0.7193788 ;
41 42 -0.6974179 ;
1 43 0.8335348 ;
4 43 -0.7601222 ;
6 43 0.2919677 ;
7 43 0.6171231 ;
8 43 0.08507798 ;
10 43 -0.4226924 ;
11 43 -0.431702 ;
12 43 -0.3952405 ;
13 43 0.8927094 ;
14 43 0.871026 ;
15 43 -0.8745407 ;
17 43 -0.6145771 ;
18 43 0.6482179 ;
19 43 -0.5050114 ;
20 43 -0.0341013 ;
21 43 0.01372935 ;
22 43 0.1689111 ;
23 43 0.1047504 ;
24 43 -0.780524 ;
27 43 -0.9361678 ;
28 43 0.6172123 ;
29 43 0.6654899 ;
30 43 -0.3851206 ;
31 43 0.1309814 ;
32 43 0.9145774 ;
33 43 -0.4735585 ;
34 43 -0.2028345 ;
35 43 -0.8855105 ;
37 43 0.3494659 ;
39 43 0.8718583 ;
40 43 -0.5655657 ;
41 43 0.3858183 ;
42 43 0.8661712 ;
0 44 -0.6068801 ;
1 44 -0.9057633 ;
2 44 0.02186838 ;
3 44 0.3869569 ;
7 44 -0.2349994 ;
8 44 0.3375487 ;
11 44 -0.1385163 ;
12 44 -0.3192097 ;
13 44 -0.7552638 ;
15 44 0.0506474 ;
16 44 0.9417842 ;
17 44 -0.4926228 ;
18 44 0.4611706 ;
19 44 -0.9821415 ;
20 44 -0.3092245 ;
21 44 0.05618576 ;
22 44 0.8938778 ;
23 44 0.03136022 ;
24 44 0.3237325 ;
27 44 0.3476865 ;
28 44 0.207171 ;
29 44 -0.699882 ;
30 44 0.7392341 ;
31 44 -0.1549733 ;
32 44 0.07565963 ;
33 44 -0.07644578 ;
34 44 0.2780857 ;
35 44 0.7838624 ;
36 44 -0.4466843 ;
39 44 -0.05893567 ;
40 44 0.3574991 ;
41 44 0.8902331 ;
42 44 0.3519035 ;
0 45 -0.5316022 ;
1 45 -0.9512242 ;
2 45 0.7844951 ;
6 45 -0.9842248 ;
7 45 0.105953 ;
8 45 -0.7117009 ;
9 45 0.04583729 ;
10 45 -0.5604438 ;
11 45 0.5875016 ;
12 45 0.6322002 ;
13 45 -0.8830102 ;
14 45 -0.351399 ;
15 45 -0.8071541 ;
16 45 -0.6438849 ;
17 45 0.8461413 ;
19 45 -0.2855223 ;
20 45 -0.07930049 ;
21 45 0.7945044 ;
22 45 -0.8944971 ;
23 45 0.05623213 ;
24 45 -0.4493971 ;
25 45 -0.1268037 ;
26 45 -0.2466192 ;
28 45 0.1754498 ;
29 45 -0.03539484 ;
30 45 0.9409563 ;
33 45 -0.4771723 ;
34 45 0.3575387 ;
36 45 -0.5199982 ;
37 45 0.4412377 ;
39 45 -0.2862876 ;
40 45 0.6747896 ;
41 45 -0.3172514 ;
43 45 0.6966177 ;
44 45 -0.5759638 ;
1 46 -0.2307953 ;
2 46 0.0930348 ;
5 46 0.7418507 ;
6 46 -0.6396139 ;
7 46 0.4815044 ;
8 46 0.7702515 ;
9 46 0.6772908 ;
10 46 0.388551 ;
11 46 -0.4415073 ;
14 46 0.2785517 ;
15 46 0.08651448 ;
16 46 -0.2898948 ;
17 46 -0.694188 ;
18 46 -0.2962937 ;
19 46 0.4903428 ;
20 46 0.6488154 ;
22 46 -0.06971283 ;
23 46 0.438784 ;
24 46 0.7873689 ;
26 46 -0.5480439 ;
27 46 0.7551457 ;
28 46 0.9446168 ;
29 46 0.5409897 ;
30 46 0.4147459 ;
31 46 0.4508471 ;
32 46 0.9735535 ;
33 46 -0.05978246 ;
36 46 0.4608045 ;
37 46 -0.9741503 ;
38 46 0.2532342 ;
39 46 -0.8411223 ;
40 46 0.3349372 ;
43 46 -0.2797266 ;
44 46 -0.2463322 ;
0 47 0.02501462 ;
1 47 0.7120639 ;
2 47 0.2653008 ;
3 47 0.1029739 ;
4 47 -0.6766117 ;
5 47 0.2922607 ;
6 47 -0.4972949 ;
9 47 -0.7835725 ;
10 47 -0.660289 ;
11 47 -0.6482277 ;
12 47 -0.5815952 ;
13 47 0.3010706 ;
14 47 -0.8507002 ;
16 47 -0.1175949 ;
17 47 -0.0174772 ;
18 47 0.161562 ;
19 47 -0.04649195 ;
20 47 -0.007862112 ;
21 47 -0.4921669 ;
22 47 -0.7376336 ;
23 47 0.8955359 ;
25 47 0.43578 ;
26 47 0.7405483 ;
27 47 0.8807587 ;
28 47 0.9704193 ;
29 47 -0.6003486 ;
30 47 0.3203985 ;
31 47 -0.7139283 ;
32 47 0.1670083 ;
33 47 -0.008901589 ;
36 47 -0.06038445 ;
37 47 0.6213199 ;
38 47 -0.5637736 ;
39 47 0.2826947 ;
40 47 0.2336941 ;
41 47 -0.6525447 ;
42 47 0.6540084 ;
43 47 -0.7387243 ;
44 47 0.6775914 ;
45 47 0.5970259 ;
46 47 0.8074848 ;
0 48 0.6138026 ;
1 48 -0.1650659 ;
4 48 0.5003614 ;
5 48 -0.90998 ;
6 48 0.6804752 ;
8 48 -0.1316916 ;
9 48 0.7756107 ;
11 48 0.9212597 ;
12 48 -0.3414944 ;
13 48 0.3717778 ;
15 48 -0.6005697 ;
16 48 -0.5319322 ;
17 48 0.2722703 ;
18 48 0.3921165 ;
19 48 0.02063313 ;
20 48 0.4175714 ;
21 48 0.7357415 ;
22 48 -0.5974589 ;
23 48 -0.7463789 ;
24 48 -0.4955646 ;
25 48 0.6502104 ;
26 48 -0.196745 ;
28 48 -0.05215394 ;
29 48 -0.9774245 ;
30 48 0.7203249 ;
31 48 -0.434126 ;
32 48 0.09269985 ;
33 48 0.2749205 ;
34 48 -0.6259756 ;
35 48 -0.1600891 ;
36 48 0.9182153 ;
37 48 -0.710289 ;
39 48 -0.1058734 ;
40 48 0.07491766 ;
41 48 0.2435487 ;
43 48 0.1112566 ;
45 48 0.6864681 ;
46 48 -0.9249878 ;
47 48 0.3938435 ;
0 49 0.3672501 ;
2 49 0.230301 ;
3 49 0.3194378 ;
5 49 -0.1409022 ;
6 49 -0.2292425 ;
7 49 -0.9336683 ;
8 49 -0.5956868 ;
9 49 0.1882038 ;
10 49 -0.4840269 ;
11 49 -0.5093825 ;
13 49 0.9416115 ;
14 49 -0.2587641 ;
15 49 0.8107451 ;
16 49 0.3537704 ;
17 49 0.4125065 ;
18 49 0.8753503 ;
20 49 -0.02417654 ;
21 49 0.3806226 ;
22 49 0.8802171 ;
23 49 0.6736226 ;
25 49 -0.08918449 ;
26 49 0.6816453 ;
27 49 0.5903958 ;
28 49 -0.7690145 ;
29 49 -0.5768641 ;
30 49 0.03514872 ;
31 49 0.006585557 ;
32 49 0.4218737 ;
34 49 -0.2212643 ;
35 49 0.1463047 ;
38 49 -0.6325443 ;
39 49 0.5680699 ;
40 49 -0.5604937 ;
41 49 0.07350932 ;
42 49 0.7520938 ;
43 49 -0.08810348 ;
45 49 -0.479693 ;
46 49 0.5224631 ;
47 49 0.6597784 ;
48 49 0.9506616 ]