n =  45
taille =  807
Mat = [0 1 0.4235954 ;
0 2 0.7166445 ;
1 2 -0.912757 ;
0 3 0.1300518 ;
1 3 -0.3821238 ;
2 3 -0.5826141 ;
0 4 -0.4488779 ;
1 4 0.5912117 ;
2 4 0.1784948 ;
3 4 0.03757857 ;
1 5 0.5595094 ;
2 5 0.9521651 ;
0 6 -0.3384334 ;
1 6 -0.4462164 ;
3 6 -0.734434 ;
4 6 -0.9465945 ;
5 6 0.04954145 ;
0 7 -0.8998302 ;
1 7 -0.2322172 ;
2 7 0.9999824 ;
3 7 0.9110493 ;
5 7 0.900665 ;
6 7 0.07019233 ;
0 8 -0.5097944 ;
4 8 0.1866203 ;
5 8 -0.3893279 ;
6 8 0.8037218 ;
7 8 0.05286195 ;
0 9 0.7858961 ;
4 9 0.0283489 ;
5 9 -0.3920367 ;
6 9 -0.6261866 ;
7 9 -0.09360608 ;
0 10 -0.3782743 ;
1 10 -0.2992825 ;
2 10 -0.2735962 ;
3 10 0.4654809 ;
4 10 -0.1934096 ;
5 10 0.1256006 ;
6 10 0.1914885 ;
7 10 -0.2900782 ;
8 10 0.00822645 ;
9 10 0.760076 ;
0 11 -0.6523835 ;
1 11 -0.6354601 ;
2 11 -0.6768054 ;
3 11 0.702079 ;
5 11 -0.1570104 ;
6 11 0.240055 ;
8 11 -0.8483635 ;
9 11 0.1611532 ;
10 11 -0.9928886 ;
0 12 0.9222435 ;
2 12 0.4030311 ;
5 12 -0.6655792 ;
6 12 0.12452 ;
7 12 0.7816224 ;
8 12 0.239272 ;
9 12 0.9070712 ;
10 12 -0.9208109 ;
11 12 0.3751884 ;
0 13 0.9002142 ;
1 13 -0.8124644 ;
2 13 -0.02726838 ;
3 13 0.9158421 ;
4 13 -0.2176167 ;
5 13 0.5271486 ;
6 13 -0.8812117 ;
7 13 -0.48162 ;
8 13 -0.6841838 ;
9 13 -0.48159 ;
10 13 0.9187235 ;
11 13 -0.9599511 ;
12 13 0.224449 ;
0 14 -0.7160821 ;
1 14 0.1042852 ;
3 14 -0.2518213 ;
5 14 0.6966861 ;
6 14 -0.2262957 ;
8 14 0.2390182 ;
9 14 -0.7444111 ;
10 14 -0.2297271 ;
11 14 -0.5463929 ;
12 14 -0.7291289 ;
1 15 0.04743619 ;
2 15 0.6123367 ;
3 15 0.9949666 ;
4 15 0.2354744 ;
5 15 -0.6881563 ;
6 15 -0.689412 ;
7 15 -0.44397 ;
8 15 0.1676109 ;
9 15 0.9961359 ;
11 15 0.4538506 ;
12 15 -0.4547809 ;
13 15 0.1836787 ;
14 15 -0.7758757 ;
0 16 0.1808403 ;
1 16 -0.9169112 ;
2 16 0.5945179 ;
3 16 -0.5947422 ;
4 16 0.5506871 ;
5 16 0.6284547 ;
6 16 0.5120417 ;
7 16 0.771178 ;
8 16 -0.03563805 ;
9 16 -0.1326348 ;
12 16 0.958702 ;
13 16 0.1022462 ;
14 16 -0.9295401 ;
15 16 -0.4201605 ;
0 17 -0.1548951 ;
3 17 0.6308405 ;
5 17 0.1446223 ;
6 17 -0.3284039 ;
7 17 -0.2069821 ;
8 17 -0.751835 ;
10 17 0.9027303 ;
11 17 -0.4533179 ;
12 17 0.09026201 ;
13 17 -0.002788474 ;
14 17 0.3366413 ;
15 17 -0.01863583 ;
0 18 0.6888329 ;
1 18 0.6941005 ;
2 18 0.1973242 ;
3 18 -0.5885735 ;
5 18 0.1740114 ;
6 18 0.7182949 ;
7 18 -0.8912611 ;
8 18 0.4364217 ;
9 18 -0.05422784 ;
10 18 -0.05220832 ;
11 18 -0.9220688 ;
14 18 0.4453761 ;
16 18 0.7254945 ;
1 19 -0.818747 ;
2 19 0.30705 ;
3 19 -0.4469786 ;
5 19 0.901296 ;
6 19 0.8016057 ;
7 19 -0.6979384 ;
8 19 -0.04538054 ;
9 19 -0.01544626 ;
10 19 0.04522476 ;
12 19 -0.3491519 ;
14 19 0.06281913 ;
17 19 0.2294565 ;
0 20 0.3111594 ;
2 20 0.02371332 ;
3 20 -0.1793801 ;
4 20 -0.8996051 ;
5 20 -0.8032264 ;
6 20 -0.2617837 ;
8 20 0.2065936 ;
9 20 0.939241 ;
10 20 -0.6094579 ;
11 20 -0.9801519 ;
12 20 0.1331506 ;
13 20 -0.1470843 ;
14 20 -0.07149332 ;
15 20 0.9487958 ;
16 20 -0.4180495 ;
17 20 -0.6955264 ;
18 20 -0.7051837 ;
19 20 0.4056529 ;
0 21 0.2095486 ;
1 21 0.5451589 ;
3 21 0.8939531 ;
4 21 0.642963 ;
5 21 0.9593903 ;
7 21 0.2196342 ;
8 21 0.3376898 ;
9 21 -0.2412551 ;
13 21 -0.4124052 ;
14 21 0.7270554 ;
15 21 0.5958089 ;
16 21 -0.05417923 ;
18 21 -0.09166154 ;
20 21 -0.6498254 ;
0 22 -0.09246321 ;
1 22 -0.01640907 ;
2 22 0.4415533 ;
3 22 -0.6213207 ;
4 22 -0.3030486 ;
5 22 -0.6541042 ;
6 22 -0.5850452 ;
7 22 -0.09820104 ;
8 22 -0.3521286 ;
9 22 -0.5056057 ;
10 22 0.378251 ;
12 22 0.4154877 ;
13 22 0.2477735 ;
15 22 -0.1706559 ;
16 22 0.9453649 ;
17 22 -0.2369456 ;
19 22 -0.710863 ;
20 22 0.6040049 ;
21 22 -0.6897545 ;
1 23 0.5374757 ;
2 23 0.7390387 ;
4 23 0.6589403 ;
5 23 0.933158 ;
6 23 -0.04454996 ;
8 23 -0.3738559 ;
9 23 0.1804951 ;
10 23 -0.8292949 ;
12 23 0.6370532 ;
13 23 -0.8275315 ;
14 23 -0.9022336 ;
15 23 0.2157992 ;
16 23 -0.8138722 ;
18 23 -0.6412747 ;
19 23 -0.7644258 ;
21 23 -0.9741569 ;
22 23 -0.237064 ;
0 24 -0.6212028 ;
1 24 -0.3015343 ;
2 24 -0.3106221 ;
3 24 -0.1687494 ;
5 24 0.5019246 ;
6 24 -0.4200026 ;
7 24 -0.4413344 ;
8 24 0.08989852 ;
10 24 -0.7531361 ;
11 24 0.6721139 ;
12 24 0.3388523 ;
13 24 -0.3938642 ;
14 24 -0.2115205 ;
15 24 0.06241766 ;
16 24 0.5529681 ;
17 24 0.8317397 ;
18 24 0.2008984 ;
20 24 -0.6331476 ;
21 24 -0.6520099 ;
22 24 -0.7179156 ;
23 24 -0.03444573 ;
0 25 0.9835197 ;
1 25 0.3183195 ;
2 25 -0.9807867 ;
3 25 -0.9933028 ;
5 25 0.2922958 ;
6 25 0.4103338 ;
7 25 -0.8464245 ;
8 25 0.3924548 ;
10 25 -0.752038 ;
11 25 -0.05825611 ;
14 25 -0.788502 ;
15 25 0.1661558 ;
16 25 0.2716376 ;
17 25 -0.3891757 ;
18 25 -0.3445491 ;
19 25 -0.4925211 ;
20 25 0.3620251 ;
21 25 -0.6474567 ;
24 25 -0.9468645 ;
0 26 0.5291897 ;
1 26 -0.1168776 ;
2 26 -0.05871309 ;
3 26 0.2157536 ;
4 26 -0.9116727 ;
5 26 0.4084319 ;
7 26 -0.5290273 ;
8 26 -0.553664 ;
9 26 -0.8270058 ;
10 26 0.7790586 ;
11 26 0.1216291 ;
12 26 -0.6210994 ;
13 26 -0.47953 ;
14 26 -0.1016995 ;
15 26 0.02977792 ;
16 26 -0.2191527 ;
18 26 -0.4156065 ;
19 26 -0.3162413 ;
20 26 -0.4310751 ;
21 26 0.3433374 ;
23 26 0.440044 ;
24 26 0.1426321 ;
25 26 -0.3610715 ;
0 27 -0.8178207 ;
2 27 -0.06520655 ;
4 27 -0.4053 ;
5 27 -0.4588646 ;
6 27 -0.006558741 ;
7 27 -0.4037562 ;
8 27 -0.6175183 ;
9 27 -0.005719433 ;
10 27 -0.2805596 ;
12 27 -0.751599 ;
13 27 -0.38711 ;
16 27 -0.1788187 ;
18 27 0.5129337 ;
19 27 0.8819362 ;
20 27 0.5619841 ;
21 27 -0.9705682 ;
22 27 -0.7671034 ;
23 27 -0.06961981 ;
24 27 -0.134597 ;
25 27 -0.6557474 ;
26 27 0.4228014 ;
0 28 0.4240134 ;
2 28 -0.9373635 ;
3 28 0.1922986 ;
4 28 0.8907558 ;
5 28 -0.842071 ;
6 28 0.9364775 ;
7 28 0.7288746 ;
8 28 0.3681673 ;
9 28 0.5558212 ;
11 28 -0.6341651 ;
12 28 0.4262837 ;
13 28 0.146069 ;
14 28 -0.6342944 ;
15 28 0.971923 ;
16 28 0.4098406 ;
17 28 0.3365237 ;
18 28 -0.1646543 ;
19 28 -0.950941 ;
20 28 -0.09907264 ;
22 28 0.6318507 ;
23 28 -0.3927208 ;
24 28 -0.4320354 ;
25 28 0.261877 ;
26 28 -0.6162961 ;
27 28 -0.884753 ;
0 29 -0.6871229 ;
2 29 0.6115914 ;
4 29 -0.9277928 ;
5 29 -0.4403505 ;
6 29 -0.9426022 ;
7 29 0.9029102 ;
8 29 0.6300547 ;
9 29 0.5684613 ;
10 29 -0.9269629 ;
11 29 -0.03282549 ;
12 29 -0.7116378 ;
13 29 0.6733437 ;
15 29 -0.1137891 ;
16 29 0.6446561 ;
17 29 0.07984361 ;
18 29 0.6177666 ;
19 29 -0.9166008 ;
20 29 -0.2248457 ;
21 29 0.4360811 ;
22 29 0.5013528 ;
24 29 -0.7050488 ;
25 29 0.1556009 ;
26 29 -0.9539511 ;
27 29 -0.2027394 ;
28 29 -0.5227989 ;
0 30 -0.362266 ;
1 30 -0.4865034 ;
2 30 -0.4606598 ;
3 30 -0.2970419 ;
5 30 -0.9103927 ;
7 30 0.1485013 ;
9 30 0.5614622 ;
10 30 0.04334737 ;
12 30 0.4130533 ;
15 30 -0.058241 ;
16 30 -0.1115019 ;
17 30 0.943026 ;
18 30 -0.7795365 ;
20 30 -0.01879701 ;
21 30 0.3330138 ;
24 30 0.4120503 ;
25 30 -0.8033111 ;
27 30 -0.01494639 ;
28 30 -0.2593698 ;
29 30 -0.42733 ;
0 31 -0.5457329 ;
1 31 -0.9001461 ;
2 31 0.0326491 ;
3 31 -0.4380492 ;
4 31 0.9106104 ;
5 31 -0.2440807 ;
7 31 0.951898 ;
8 31 0.5040656 ;
9 31 -0.2257412 ;
10 31 -0.2866471 ;
11 31 -0.5795525 ;
12 31 0.6161077 ;
13 31 0.9194697 ;
14 31 -0.2396587 ;
15 31 0.4411365 ;
16 31 0.7040201 ;
17 31 -0.02328591 ;
18 31 -0.5472666 ;
19 31 -0.8155889 ;
21 31 0.9766668 ;
22 31 0.5267981 ;
23 31 -0.7109015 ;
24 31 -0.3569817 ;
25 31 -0.5627082 ;
27 31 -0.5091342 ;
29 31 -0.6983803 ;
30 31 -0.2312925 ;
0 32 -0.8350657 ;
1 32 -0.13335 ;
2 32 0.2354673 ;
3 32 0.2288031 ;
4 32 -0.2337089 ;
5 32 0.5317691 ;
6 32 -0.6794248 ;
7 32 -0.7927739 ;
8 32 0.08552674 ;
9 32 -0.6822181 ;
10 32 0.07006922 ;
12 32 0.7410061 ;
13 32 0.7365717 ;
14 32 0.4253551 ;
15 32 0.2076145 ;
16 32 0.9677288 ;
17 32 0.4338571 ;
18 32 -0.4096943 ;
19 32 -0.191362 ;
20 32 0.7237154 ;
22 32 -0.3620904 ;
23 32 0.2024537 ;
24 32 0.619686 ;
26 32 -0.2729046 ;
27 32 -0.4389075 ;
28 32 0.2395597 ;
29 32 -0.6281639 ;
31 32 -0.6842872 ;
0 33 0.3534142 ;
2 33 0.1847131 ;
3 33 0.2502818 ;
4 33 0.6261644 ;
5 33 -0.1429743 ;
6 33 -0.8283062 ;
7 33 0.1355339 ;
8 33 0.2644349 ;
10 33 0.5395329 ;
12 33 0.2694774 ;
13 33 0.06336507 ;
14 33 -0.8513741 ;
15 33 0.1137602 ;
16 33 -0.124857 ;
17 33 -0.2842094 ;
18 33 0.7722505 ;
19 33 -0.4249526 ;
20 33 0.7358419 ;
21 33 -0.2060349 ;
22 33 -0.139707 ;
23 33 0.4753261 ;
24 33 0.8559978 ;
26 33 0.6541007 ;
28 33 0.6405991 ;
29 33 -0.8424559 ;
30 33 0.2604142 ;
31 33 -0.9064485 ;
0 34 0.2208204 ;
1 34 -0.7392175 ;
2 34 -0.5845818 ;
4 34 0.01281427 ;
5 34 -0.7273224 ;
8 34 -0.1797146 ;
9 34 -0.9332914 ;
10 34 0.1610284 ;
11 34 -0.0986121 ;
12 34 0.9872762 ;
13 34 0.131036 ;
14 34 -0.5951919 ;
15 34 0.3107997 ;
16 34 -0.1883344 ;
17 34 0.7129825 ;
18 34 -0.1449918 ;
19 34 0.634984 ;
20 34 0.863105 ;
21 34 0.4829758 ;
22 34 -0.9547455 ;
24 34 -0.3881743 ;
25 34 -0.8372342 ;
26 34 0.5302151 ;
27 34 -0.562351 ;
28 34 0.9771362 ;
29 34 0.3751793 ;
30 34 -0.437097 ;
32 34 -0.2554601 ;
33 34 0.3170021 ;
0 35 0.5165804 ;
1 35 -0.5981141 ;
2 35 -0.4077863 ;
3 35 -0.1964214 ;
6 35 -0.2048572 ;
7 35 -0.3269621 ;
8 35 -0.7639417 ;
10 35 -0.7740546 ;
11 35 -0.4751744 ;
13 35 -0.1126417 ;
16 35 -0.3427738 ;
17 35 -0.6199766 ;
18 35 -0.09699312 ;
20 35 0.005284773 ;
21 35 -0.5705076 ;
22 35 0.1446814 ;
23 35 0.2892595 ;
25 35 -0.3432404 ;
26 35 -0.4500463 ;
27 35 0.9149944 ;
28 35 -0.7643765 ;
29 35 0.8837583 ;
30 35 -0.5978252 ;
32 35 0.2962737 ;
33 35 0.3732412 ;
34 35 -0.3757436 ;
0 36 -0.1653641 ;
1 36 -0.4158429 ;
2 36 0.01297628 ;
3 36 -0.9420329 ;
4 36 0.2832047 ;
5 36 -0.3553699 ;
6 36 0.7734305 ;
7 36 0.9950794 ;
8 36 -0.2217638 ;
9 36 -0.0765769 ;
10 36 0.2862912 ;
11 36 0.8757106 ;
12 36 -0.4219868 ;
13 36 0.6967864 ;
14 36 0.2728729 ;
15 36 -0.1989506 ;
16 36 -0.4501944 ;
17 36 0.004001758 ;
18 36 0.7554435 ;
19 36 -0.3163179 ;
20 36 -0.8158502 ;
21 36 0.7360819 ;
22 36 -0.7860716 ;
23 36 0.05592107 ;
24 36 0.4152263 ;
25 36 0.3949184 ;
26 36 -0.4151867 ;
27 36 -0.1092638 ;
28 36 0.4944283 ;
29 36 -0.7908615 ;
30 36 -0.9058934 ;
31 36 0.6719267 ;
32 36 -0.4402797 ;
33 36 0.002002561 ;
34 36 0.5306138 ;
35 36 -0.6743507 ;
0 37 -0.167406 ;
1 37 -0.6466128 ;
2 37 0.9462023 ;
3 37 0.3897111 ;
4 37 -0.3832968 ;
6 37 -0.9941759 ;
7 37 0.8128429 ;
8 37 0.9433575 ;
9 37 0.652271 ;
10 37 0.7377309 ;
13 37 -0.524243 ;
14 37 0.6085246 ;
16 37 -0.1496151 ;
17 37 0.09141652 ;
18 37 0.9565742 ;
20 37 -0.05941328 ;
21 37 -0.8260334 ;
22 37 0.7332851 ;
23 37 0.7199392 ;
24 37 0.5836517 ;
25 37 0.2083905 ;
26 37 0.9523631 ;
27 37 0.5981775 ;
28 37 0.9308326 ;
29 37 0.0612329 ;
31 37 0.5906593 ;
32 37 -0.8120213 ;
33 37 0.06228619 ;
34 37 0.5210416 ;
35 37 0.8862161 ;
36 37 -0.8463351 ;
0 38 0.9627361 ;
1 38 0.8427628 ;
2 38 -0.1493064 ;
3 38 -0.2562399 ;
4 38 0.4905309 ;
5 38 0.7577845 ;
6 38 -0.8361248 ;
7 38 0.5450018 ;
9 38 0.1676651 ;
10 38 0.7059562 ;
12 38 -0.5601129 ;
14 38 -0.9190967 ;
15 38 0.8428437 ;
16 38 0.8066764 ;
17 38 -0.8912765 ;
19 38 0.5003996 ;
21 38 0.2527946 ;
22 38 0.8282405 ;
23 38 0.2854373 ;
24 38 -0.8958469 ;
25 38 -0.4096332 ;
26 38 0.2260404 ;
27 38 0.6622207 ;
28 38 0.6471374 ;
29 38 0.4859209 ;
30 38 -0.9389392 ;
31 38 0.7187773 ;
32 38 -0.9412158 ;
33 38 -0.2172769 ;
34 38 0.6205004 ;
35 38 0.421046 ;
37 38 0.9507304 ;
0 39 -0.6163353 ;
1 39 0.02821787 ;
2 39 -0.677278 ;
3 39 0.6441393 ;
4 39 -0.5853654 ;
6 39 -0.2629849 ;
7 39 0.0568301 ;
8 39 -0.9718308 ;
10 39 -0.5981084 ;
11 39 0.9953947 ;
13 39 -0.3829432 ;
14 39 -0.7926966 ;
15 39 0.114014 ;
16 39 0.5190278 ;
17 39 0.6702322 ;
19 39 -0.5238698 ;
20 39 -0.3070695 ;
21 39 0.2005604 ;
22 39 -0.3231521 ;
23 39 -0.6851581 ;
24 39 0.9376947 ;
25 39 0.8535841 ;
26 39 -0.9768693 ;
27 39 -0.6362451 ;
29 39 -0.2636323 ;
30 39 -0.5246481 ;
31 39 -0.2626317 ;
32 39 -0.1724156 ;
33 39 0.6880227 ;
34 39 0.03427447 ;
35 39 -0.4279418 ;
36 39 -0.2411131 ;
37 39 0.204386 ;
38 39 0.9564867 ;
2 40 -0.7608536 ;
3 40 -0.3661129 ;
5 40 0.605026 ;
6 40 0.05571755 ;
7 40 0.05600365 ;
8 40 0.5485116 ;
9 40 -0.9588082 ;
10 40 -0.3463023 ;
11 40 -0.6011736 ;
12 40 -0.5022648 ;
13 40 -0.8760958 ;
14 40 -0.4383875 ;
15 40 -0.8082414 ;
17 40 -0.06804405 ;
18 40 -0.8315132 ;
19 40 0.3133039 ;
20 40 -0.3001744 ;
21 40 -0.492361 ;
22 40 -0.08420419 ;
23 40 -0.7756799 ;
24 40 -0.1569874 ;
25 40 0.7133224 ;
26 40 0.5966714 ;
27 40 -0.7970869 ;
28 40 -0.9439614 ;
29 40 0.06820776 ;
30 40 0.2611742 ;
31 40 0.738336 ;
33 40 -0.9392394 ;
34 40 -0.02971619 ;
35 40 -0.1284033 ;
36 40 0.5640528 ;
37 40 0.07151491 ;
38 40 -0.8634675 ;
0 41 0.3835078 ;
1 41 -0.1128477 ;
2 41 0.7663092 ;
3 41 0.5796405 ;
4 41 0.1283043 ;
5 41 -0.9345831 ;
6 41 0.3431382 ;
7 41 -0.7034504 ;
8 41 -0.9512779 ;
9 41 0.9094306 ;
10 41 -0.4255672 ;
12 41 0.5047451 ;
13 41 0.6663193 ;
14 41 -0.06055052 ;
15 41 0.5165904 ;
16 41 -0.1634785 ;
17 41 0.9283895 ;
18 41 -0.7714395 ;
20 41 0.1438327 ;
21 41 -0.1783124 ;
22 41 -0.7795708 ;
23 41 -0.312115 ;
24 41 -0.3520129 ;
25 41 -0.5941707 ;
27 41 0.6580348 ;
28 41 -0.3344526 ;
29 41 -0.3150352 ;
30 41 0.7329295 ;
31 41 -0.4578342 ;
32 41 0.08454106 ;
33 41 -0.6606229 ;
34 41 0.6999479 ;
36 41 0.4295256 ;
37 41 0.05872545 ;
38 41 0.1750975 ;
39 41 0.5048213 ;
40 41 0.2114611 ;
0 42 0.3057931 ;
1 42 0.133904 ;
2 42 0.6845419 ;
3 42 -0.303481 ;
5 42 0.1702436 ;
6 42 0.8849923 ;
7 42 0.3797893 ;
8 42 0.4165294 ;
9 42 0.4787668 ;
10 42 -0.6518286 ;
12 42 -0.5118372 ;
13 42 -0.06793803 ;
15 42 0.530744 ;
17 42 -0.6191151 ;
18 42 0.7324178 ;
19 42 0.9408133 ;
20 42 0.5853568 ;
21 42 0.1577196 ;
22 42 0.3824288 ;
23 42 -0.04170538 ;
25 42 -0.4200244 ;
26 42 -0.09777525 ;
27 42 0.407533 ;
28 42 0.7114219 ;
29 42 -0.6971221 ;
30 42 -0.5466889 ;
32 42 0.635085 ;
33 42 -0.8815206 ;
34 42 0.03965351 ;
35 42 -0.7485076 ;
36 42 -0.2410023 ;
38 42 0.8378537 ;
40 42 -0.3723025 ;
41 42 -0.2571008 ;
1 43 0.2976418 ;
2 43 0.3973734 ;
3 43 -0.6627716 ;
4 43 -0.6173718 ;
6 43 -0.4339934 ;
8 43 0.9784517 ;
9 43 0.1651254 ;
11 43 -0.6303919 ;
12 43 0.2692235 ;
13 43 -0.7013548 ;
14 43 0.1576449 ;
15 43 0.7403209 ;
16 43 -0.3291685 ;
17 43 0.4880918 ;
18 43 -0.4934608 ;
20 43 0.6706304 ;
21 43 0.3116745 ;
23 43 -0.5043837 ;
26 43 0.7509616 ;
27 43 -0.7386109 ;
28 43 -0.3533308 ;
29 43 -0.9258734 ;
30 43 0.9194994 ;
31 43 0.3602582 ;
32 43 0.6910008 ;
35 43 0.7026761 ;
36 43 -0.2094606 ;
37 43 0.2519585 ;
38 43 -0.1582852 ;
39 43 0.9383587 ;
40 43 -0.9844609 ;
42 43 -0.2118807 ;
1 44 -0.6434302 ;
2 44 0.3310865 ;
3 44 0.5592793 ;
4 44 -0.08347499 ;
5 44 0.9934803 ;
6 44 0.6807048 ;
9 44 -0.1631622 ;
10 44 -0.1266835 ;
11 44 -0.4833795 ;
12 44 -0.1104061 ;
14 44 -0.3307615 ;
15 44 -0.08030452 ;
17 44 0.5752116 ;
18 44 -0.7812034 ;
20 44 0.7578819 ;
21 44 0.5105809 ;
22 44 0.3889437 ;
25 44 0.292656 ;
26 44 0.6228559 ;
27 44 0.6427463 ;
28 44 -0.08661498 ;
30 44 0.7294071 ;
31 44 0.7679712 ;
34 44 -0.7563041 ;
36 44 -0.9658856 ;
39 44 0.9723173 ;
40 44 -0.8851274 ;
41 44 0.7941297 ;
42 44 -0.2525152 ;
43 44 0.9886581 ]