n =  45
taille =  192
Mat = [0 3 -0.5434686 ;
2 4 -0.4415532 ;
3 5 -0.5101755 ;
0 6 0.8057724 ;
1 6 -0.07981892 ;
4 6 -0.6726405 ;
3 7 -0.1676582 ;
4 7 -0.482564 ;
6 7 -0.9751074 ;
1 8 -0.2475618 ;
2 8 0.999977 ;
3 8 0.2021056 ;
1 9 -0.9969867 ;
2 9 -0.6588269 ;
4 9 0.224281 ;
5 9 -0.1341836 ;
7 9 0.3852784 ;
2 10 0.4411871 ;
7 12 -0.3685724 ;
9 12 0.6718944 ;
6 13 -0.5811702 ;
11 13 -0.1088555 ;
12 13 0.1994192 ;
1 14 0.8779703 ;
2 14 0.6940508 ;
4 14 0.3880317 ;
11 14 0.835096 ;
12 14 0.5530932 ;
0 15 -0.6117342 ;
12 15 -0.6978983 ;
14 15 0.4906893 ;
12 16 -0.7317715 ;
2 17 -0.5180062 ;
9 17 0.6625141 ;
3 18 -0.2759284 ;
10 18 0.6237452 ;
14 18 0.5689606 ;
17 18 0.6787927 ;
1 19 -0.5811967 ;
3 19 0.1073089 ;
5 19 0.1372138 ;
6 19 0.3217896 ;
12 19 0.451927 ;
17 19 0.1153335 ;
7 20 -0.4853121 ;
13 20 0.2305188 ;
1 21 0.2694274 ;
3 21 -0.7198094 ;
9 21 0.2184598 ;
15 21 0.04616895 ;
17 21 0.007040564 ;
1 22 0.7356191 ;
11 22 -0.1634974 ;
15 22 0.2723207 ;
0 23 -0.01787935 ;
1 23 0.2279134 ;
9 23 0.05130479 ;
11 23 -0.4160404 ;
1 24 0.3642228 ;
5 24 -0.6966946 ;
15 24 0.7045349 ;
20 24 0.9556584 ;
22 24 -0.3489597 ;
23 24 -0.7852192 ;
0 25 0.3241048 ;
1 25 -0.05788433 ;
2 25 0.5549355 ;
11 25 -0.009862996 ;
17 25 0.5834342 ;
3 26 0.7780017 ;
15 26 0.1224547 ;
16 26 0.7215976 ;
23 26 0.313683 ;
4 27 -0.381021 ;
7 27 -0.1607991 ;
8 27 0.9289016 ;
5 28 -0.6341278 ;
17 28 -0.7618507 ;
18 28 -0.02790617 ;
23 28 -0.765353 ;
5 29 0.9468552 ;
7 29 0.09595802 ;
12 29 -0.3571823 ;
16 29 0.4411866 ;
25 29 0.7016471 ;
3 30 -0.2282955 ;
5 30 0.7550303 ;
9 30 -0.9807383 ;
16 30 -0.2457812 ;
20 30 -0.549715 ;
22 30 -0.9946971 ;
28 30 0.7069202 ;
29 30 -0.07365183 ;
0 31 0.6404351 ;
3 31 0.4215782 ;
20 31 0.6736234 ;
30 31 -0.1941271 ;
6 32 0.7900347 ;
9 32 0.6240698 ;
12 32 -0.173948 ;
13 32 0.2502555 ;
15 32 -0.5389136 ;
16 32 0.9933268 ;
17 32 -0.7088276 ;
18 32 -0.06166789 ;
31 32 -0.4175372 ;
7 33 0.4988765 ;
8 33 0.8960631 ;
9 33 0.6022875 ;
11 33 -0.3218542 ;
13 33 0.278523 ;
21 33 0.4736172 ;
22 33 -0.6957906 ;
24 33 0.7650901 ;
26 33 -0.2957337 ;
29 33 -0.2709415 ;
32 33 -0.4510889 ;
0 34 0.1010704 ;
9 34 -0.6291578 ;
12 34 -0.0182931 ;
21 34 0.6135264 ;
30 34 -0.4062008 ;
8 35 -0.6235352 ;
9 35 0.8684645 ;
11 35 -0.2827042 ;
17 35 0.8185661 ;
24 35 0.5551124 ;
33 35 -0.1991449 ;
0 36 -0.03363902 ;
3 36 -0.4942955 ;
6 36 0.7820835 ;
12 36 -0.1347609 ;
16 36 -0.9040219 ;
18 36 0.6710863 ;
20 36 0.5710882 ;
26 36 0.4095685 ;
27 36 0.1206403 ;
33 36 -0.8210079 ;
2 37 0.1744429 ;
5 37 -0.4490703 ;
9 37 -0.2444914 ;
12 37 0.2337923 ;
22 37 0.524817 ;
26 37 0.3187307 ;
33 37 0.9319288 ;
35 37 0.9210793 ;
36 37 0.6935789 ;
0 38 -0.8673059 ;
4 38 -0.6620867 ;
22 38 0.9081521 ;
23 38 0.9477239 ;
27 38 0.3775281 ;
33 38 0.1946055 ;
35 38 -0.6710762 ;
37 38 -0.1249468 ;
0 39 0.4456145 ;
18 39 0.4022642 ;
21 39 -0.4682938 ;
37 39 -0.3183001 ;
38 39 -0.3283128 ;
10 40 -0.9033021 ;
13 40 -0.9135187 ;
37 40 -0.4603142 ;
14 41 -0.6650474 ;
16 41 -0.5386186 ;
19 41 -0.2394811 ;
20 41 0.1282393 ;
25 41 0.5413705 ;
33 41 -0.3593071 ;
35 41 0.8620587 ;
38 41 0.2705623 ;
21 42 -0.8572851 ;
25 42 0.4434828 ;
28 42 0.3502358 ;
29 42 0.990156 ;
32 42 0.2594153 ;
38 42 -0.486808 ;
6 43 0.04682655 ;
9 43 -0.4376625 ;
17 43 -0.9045419 ;
40 43 -0.3177547 ;
4 44 0.9833127 ;
6 44 0.4928296 ;
8 44 -0.5402672 ;
15 44 0.0855494 ;
19 44 0.1336291 ;
22 44 -0.6894396 ;
31 44 -0.8015248 ;
33 44 0.4225643 ;
35 44 0.7988243 ;
39 44 0.787823 ;
42 44 0.7721898 ]