n =  30
taille =  230
Mat = [0 2 -0.2307941 ;
1 2 0.2412629 ;
0 3 0.4829012 ;
1 3 -0.196872 ;
0 4 0.8702084 ;
2 4 -0.01889651 ;
1 5 0.2903083 ;
3 5 -0.06882185 ;
4 5 0.5738077 ;
0 6 -0.978982 ;
0 7 0.9671423 ;
2 7 -0.1289714 ;
4 7 -0.4733614 ;
5 7 0.2410613 ;
0 8 -0.576834 ;
2 8 0.6818529 ;
3 8 0.9431162 ;
4 8 -0.8389332 ;
5 8 0.9975857 ;
7 8 0.9415548 ;
0 9 -0.7429842 ;
1 9 0.7958479 ;
2 9 0.04953793 ;
4 9 0.9327119 ;
6 9 -0.1565904 ;
2 10 -0.1625766 ;
3 10 0.4158912 ;
4 10 0.8347289 ;
6 10 0.3132427 ;
7 10 0.4549839 ;
8 10 0.6126583 ;
0 11 0.3589534 ;
1 11 -0.3864671 ;
2 11 0.5304713 ;
3 11 -0.02219469 ;
5 11 -0.427894 ;
6 11 -0.1748498 ;
7 11 -0.3841011 ;
4 12 0.558058 ;
6 12 -0.4055639 ;
7 12 0.297122 ;
10 12 -0.2225412 ;
1 13 -0.2875104 ;
5 13 0.5500288 ;
7 13 0.2811791 ;
8 13 -0.6412749 ;
9 13 0.1726053 ;
12 13 -0.4751437 ;
2 14 0.2117496 ;
3 14 -0.5317618 ;
6 14 -0.3112026 ;
7 14 0.1817615 ;
9 14 0.3121339 ;
10 14 -0.9264937 ;
11 14 -0.887162 ;
12 14 -0.7149658 ;
0 15 -0.8941434 ;
2 15 0.8008637 ;
6 15 0.6458286 ;
7 15 -0.2233811 ;
8 15 -0.8795272 ;
9 15 0.6673071 ;
10 15 0.8429239 ;
11 15 -0.6383078 ;
12 15 0.265774 ;
13 15 -0.3030525 ;
14 15 -0.06815195 ;
1 16 0.7562023 ;
3 16 0.3438899 ;
7 16 -0.3864166 ;
9 16 -0.4612724 ;
10 16 -0.6366946 ;
15 16 0.1870163 ;
1 17 0.100038 ;
5 17 -0.6293954 ;
8 17 0.2027256 ;
10 17 0.8835482 ;
12 17 0.551494 ;
14 17 -0.7086905 ;
16 17 0.7710515 ;
4 18 0.06099734 ;
8 18 -0.7920874 ;
10 18 -0.5603972 ;
11 18 0.7056186 ;
12 18 -0.5064676 ;
13 18 0.8691772 ;
15 18 -0.6643477 ;
16 18 0.5166319 ;
0 19 0.3322271 ;
1 19 -0.03394608 ;
2 19 0.6601853 ;
3 19 -0.3715217 ;
7 19 -0.5727249 ;
8 19 0.2984728 ;
10 19 -0.6188494 ;
14 19 0.222875 ;
16 19 0.7743988 ;
18 19 0.6461533 ;
0 20 0.392637 ;
3 20 -0.8381959 ;
6 20 0.7438506 ;
7 20 0.6638153 ;
8 20 0.05324926 ;
9 20 0.6075769 ;
10 20 -0.009584504 ;
12 20 -0.5691791 ;
13 20 0.3047568 ;
15 20 -0.1936681 ;
16 20 -0.6185641 ;
17 20 0.4193242 ;
18 20 -0.212007 ;
0 21 0.1833568 ;
1 21 0.06661291 ;
2 21 0.5941026 ;
3 21 -0.5748051 ;
4 21 -0.6991692 ;
5 21 0.7958005 ;
6 21 0.2502197 ;
8 21 -0.9011959 ;
10 21 0.7162847 ;
11 21 -0.6269994 ;
12 21 -0.3782163 ;
13 21 -0.9721839 ;
14 21 -0.6566091 ;
15 21 0.7231542 ;
18 21 0.4888039 ;
19 21 -0.6175047 ;
20 21 -0.4151208 ;
0 22 -0.3770663 ;
1 22 -0.8090764 ;
2 22 -0.2622637 ;
4 22 -0.7029899 ;
5 22 0.4397289 ;
6 22 0.6486056 ;
9 22 -0.6489811 ;
10 22 -0.6557221 ;
11 22 -0.6518977 ;
13 22 0.7320291 ;
14 22 0.9221827 ;
15 22 -0.8023112 ;
16 22 0.4717673 ;
17 22 0.3752161 ;
19 22 -0.02774091 ;
20 22 0.938764 ;
21 22 -0.5567218 ;
1 23 0.8125927 ;
2 23 -0.6992478 ;
4 23 -0.6567507 ;
11 23 -0.6255799 ;
14 23 0.1133977 ;
15 23 0.8570704 ;
18 23 0.2321014 ;
20 23 0.4815174 ;
2 24 -0.7184012 ;
4 24 0.2226651 ;
5 24 -0.2749017 ;
6 24 -0.4077531 ;
7 24 0.7828437 ;
10 24 -0.839801 ;
11 24 0.01379972 ;
12 24 -0.849984 ;
13 24 0.8195002 ;
14 24 0.2830156 ;
16 24 -0.1742159 ;
17 24 -0.8761726 ;
18 24 0.4664661 ;
19 24 0.790541 ;
20 24 0.8782376 ;
21 24 -0.3564315 ;
22 24 0.4897975 ;
23 24 0.6805186 ;
1 25 -0.1384655 ;
2 25 -0.261989 ;
4 25 -0.9544839 ;
7 25 0.5462516 ;
9 25 -0.6473839 ;
10 25 -0.7432149 ;
13 25 -0.973875 ;
17 25 0.04408951 ;
24 25 -0.4710564 ;
0 26 -0.7498391 ;
1 26 0.910229 ;
3 26 -0.38379 ;
5 26 -0.4140225 ;
8 26 -0.6125028 ;
9 26 0.1180229 ;
12 26 0.140008 ;
13 26 0.2283944 ;
14 26 -0.9383198 ;
15 26 -0.1892283 ;
16 26 -0.8004144 ;
20 26 0.7511509 ;
21 26 -0.6136207 ;
22 26 -0.7807431 ;
23 26 -0.6613198 ;
25 26 0.8655995 ;
0 27 -0.6674629 ;
1 27 0.6904808 ;
4 27 0.9204352 ;
7 27 0.7274644 ;
8 27 -0.1700809 ;
10 27 0.6516304 ;
15 27 0.8166557 ;
16 27 0.5910167 ;
18 27 -0.7195773 ;
0 28 -0.4469245 ;
1 28 0.09248815 ;
11 28 0.3716773 ;
12 28 -0.09854804 ;
14 28 0.6873463 ;
16 28 0.8776477 ;
17 28 -0.1198662 ;
18 28 0.7226479 ;
19 28 0.365968 ;
20 28 0.3815097 ;
21 28 -0.6901016 ;
23 28 0.9096869 ;
24 28 -0.4734782 ;
26 28 0.5304867 ;
1 29 0.5330649 ;
6 29 0.487902 ;
9 29 0.9808091 ;
10 29 0.4232944 ;
11 29 0.1086041 ;
12 29 -0.9395744 ;
15 29 0.8683072 ;
16 29 0.295436 ;
17 29 -0.6476247 ;
21 29 0.4749174 ;
22 29 -0.5980278 ]