n =  35
taille =  459
Mat = [0 2 0.8980996 ;
1 2 -0.3451799 ;
0 3 0.3583209 ;
1 3 -0.04822983 ;
0 4 -0.09061253 ;
1 4 0.9881305 ;
3 4 0.6143777 ;
0 5 -0.09357276 ;
1 5 -0.6744852 ;
2 5 0.5154892 ;
0 6 -0.6407697 ;
2 6 0.7617581 ;
3 6 -0.642385 ;
4 6 0.6283241 ;
0 7 -0.3867511 ;
1 7 -0.6592258 ;
2 7 -0.7692366 ;
3 7 0.1387023 ;
4 7 -0.242494 ;
5 7 -0.1706935 ;
6 7 0.2262839 ;
0 8 0.3898523 ;
1 8 -0.8842886 ;
2 8 0.3442498 ;
3 8 0.2160033 ;
5 8 -0.823102 ;
6 8 0.5154028 ;
0 9 -0.8387236 ;
1 9 0.6868057 ;
4 9 -0.2470893 ;
5 9 0.847322 ;
6 9 -0.8202481 ;
7 9 0.7055395 ;
8 9 0.2910249 ;
0 10 0.6606891 ;
1 10 -0.2059391 ;
5 10 -0.157221 ;
6 10 -0.1321096 ;
7 10 -0.3472664 ;
8 10 -0.05408541 ;
9 10 -0.5226138 ;
0 11 -0.458852 ;
1 11 0.9961963 ;
2 11 -0.7363629 ;
3 11 0.7984787 ;
4 11 -0.1152621 ;
5 11 0.7895119 ;
7 11 -0.3640248 ;
8 11 0.6841884 ;
9 11 -0.3047495 ;
10 11 -0.4217212 ;
3 12 -0.6132431 ;
4 12 0.2797616 ;
5 12 0.3490275 ;
6 12 -0.5884237 ;
7 12 -0.6844284 ;
8 12 0.949402 ;
9 12 0.4688167 ;
10 12 -0.3024656 ;
11 12 -0.4329214 ;
0 13 -0.9176372 ;
3 13 0.06002816 ;
4 13 -0.3434742 ;
5 13 0.751766 ;
7 13 0.7144271 ;
8 13 0.1501393 ;
10 13 0.01882157 ;
11 13 0.1846957 ;
12 13 -0.7669241 ;
1 14 0.340702 ;
2 14 -0.3690384 ;
3 14 -0.07637809 ;
4 14 -0.9113492 ;
6 14 -0.6357927 ;
7 14 -0.767313 ;
8 14 -0.7448341 ;
9 14 -0.6793783 ;
10 14 -0.1188812 ;
11 14 0.08811131 ;
12 14 0.9693366 ;
13 14 -0.1994902 ;
0 15 0.2662981 ;
2 15 0.07657134 ;
3 15 0.5243992 ;
4 15 0.466642 ;
5 15 0.8764439 ;
7 15 0.9970048 ;
8 15 -0.2459488 ;
10 15 0.2202484 ;
11 15 -0.1449749 ;
12 15 0.1547044 ;
13 15 -0.4561136 ;
14 15 0.9886157 ;
0 16 0.984785 ;
1 16 -0.4402323 ;
2 16 0.9730967 ;
3 16 0.7656604 ;
4 16 -0.4669113 ;
5 16 0.2375783 ;
6 16 -0.4394018 ;
7 16 -0.3608613 ;
9 16 -0.1085681 ;
10 16 0.06182565 ;
11 16 -0.3832591 ;
12 16 0.6093655 ;
13 16 -0.9407946 ;
15 16 -0.6062083 ;
0 17 0.1449464 ;
1 17 -0.7940649 ;
3 17 0.7159395 ;
4 17 0.831056 ;
5 17 0.7077247 ;
6 17 0.2236686 ;
7 17 -0.7951027 ;
8 17 -0.8441258 ;
9 17 0.6338673 ;
11 17 -0.4296981 ;
12 17 -0.2377495 ;
13 17 0.4407244 ;
15 17 -0.2628012 ;
16 17 0.1197918 ;
0 18 -0.657392 ;
2 18 0.8158835 ;
3 18 -0.7950921 ;
4 18 -0.4699541 ;
5 18 0.01638591 ;
7 18 0.4408804 ;
8 18 0.1936786 ;
10 18 -0.2386449 ;
11 18 0.03050251 ;
12 18 0.03824699 ;
13 18 -0.4098404 ;
14 18 0.1646087 ;
15 18 -0.4735455 ;
16 18 -0.4944918 ;
17 18 0.4847755 ;
0 19 0.4500851 ;
1 19 0.3807435 ;
2 19 -0.9736009 ;
3 19 -0.8745426 ;
4 19 0.5643992 ;
6 19 0.1232273 ;
7 19 -0.08682241 ;
8 19 0.3093751 ;
9 19 0.08726812 ;
11 19 0.2737652 ;
12 19 -0.1649897 ;
13 19 0.2247043 ;
16 19 -0.08634229 ;
17 19 0.8228164 ;
18 19 -0.1355682 ;
0 20 0.5619517 ;
3 20 -0.8995929 ;
5 20 -0.349622 ;
6 20 -0.05738919 ;
7 20 0.0635024 ;
8 20 -0.8731824 ;
9 20 -0.6876132 ;
10 20 0.3017484 ;
11 20 0.00760459 ;
13 20 0.5067481 ;
14 20 0.04371827 ;
15 20 0.7025553 ;
16 20 -0.6473673 ;
17 20 0.5448452 ;
18 20 -0.4831104 ;
19 20 -0.6492738 ;
0 21 0.1049655 ;
1 21 -0.3755125 ;
2 21 0.01044117 ;
3 21 -0.2436897 ;
5 21 0.8717844 ;
7 21 -0.334495 ;
8 21 0.08668763 ;
9 21 0.8003931 ;
11 21 0.0494365 ;
13 21 -0.3722744 ;
14 21 -0.8755592 ;
15 21 -0.9190939 ;
16 21 -0.7518201 ;
17 21 -0.5791716 ;
19 21 0.2817906 ;
20 21 -0.02660341 ;
0 22 -0.08743668 ;
1 22 0.6124835 ;
2 22 0.4303967 ;
4 22 0.6319944 ;
6 22 0.03380174 ;
7 22 -0.7254958 ;
8 22 0.6438808 ;
10 22 -0.5060003 ;
11 22 -0.05672163 ;
14 22 0.2921222 ;
16 22 0.6731534 ;
17 22 0.732466 ;
19 22 -0.4003854 ;
20 22 0.4963832 ;
0 23 0.9696098 ;
1 23 -0.4700902 ;
2 23 0.3154761 ;
4 23 -0.4800888 ;
5 23 -0.3849986 ;
7 23 0.1651765 ;
10 23 -0.9078607 ;
11 23 0.6480132 ;
13 23 0.8928923 ;
14 23 0.8222748 ;
15 23 -0.8854272 ;
18 23 0.9513593 ;
19 23 0.5131712 ;
21 23 -0.775897 ;
22 23 -0.6730105 ;
0 24 -0.01173873 ;
1 24 0.2182647 ;
3 24 0.8369583 ;
4 24 0.1855406 ;
5 24 -0.5935868 ;
6 24 0.007261688 ;
8 24 0.82698 ;
10 24 0.6426362 ;
12 24 0.4504025 ;
13 24 0.8305557 ;
14 24 -0.524165 ;
15 24 0.2237802 ;
16 24 0.4360015 ;
19 24 0.6949601 ;
20 24 -0.8211594 ;
21 24 -0.7436268 ;
22 24 -0.7146821 ;
23 24 0.06055329 ;
0 25 0.6674782 ;
1 25 -0.03724379 ;
4 25 -0.4387912 ;
5 25 -0.666634 ;
6 25 0.5574927 ;
7 25 0.5412237 ;
8 25 0.01138929 ;
9 25 -0.2218652 ;
10 25 0.4268822 ;
11 25 0.296724 ;
12 25 0.567093 ;
13 25 -0.9531618 ;
16 25 -0.7521031 ;
19 25 -0.7221538 ;
21 25 0.5187329 ;
22 25 0.7187676 ;
24 25 -0.8001354 ;
0 26 0.4552876 ;
1 26 -0.1574206 ;
3 26 -0.7210504 ;
4 26 0.7684138 ;
5 26 0.7649048 ;
10 26 -0.295801 ;
11 26 0.6655562 ;
12 26 -0.9700281 ;
13 26 0.6076072 ;
14 26 0.4551818 ;
15 26 -0.0785312 ;
16 26 -0.7837307 ;
17 26 0.2784439 ;
18 26 0.338409 ;
19 26 0.6217091 ;
20 26 0.6258693 ;
21 26 0.5713751 ;
22 26 -0.2661413 ;
24 26 -0.845888 ;
25 26 0.4683013 ;
0 27 -0.1408906 ;
2 27 0.8466141 ;
3 27 0.6320867 ;
8 27 0.655443 ;
9 27 0.4763221 ;
10 27 0.1169307 ;
12 27 -0.4076215 ;
13 27 -0.4515342 ;
15 27 0.4981596 ;
18 27 0.935779 ;
19 27 -0.06925709 ;
20 27 0.8947267 ;
21 27 0.04030582 ;
23 27 -0.8104723 ;
24 27 0.1007542 ;
25 27 -0.021174 ;
26 27 0.3385835 ;
0 28 -0.3298169 ;
1 28 -0.7662894 ;
2 28 0.2614816 ;
3 28 0.986387 ;
4 28 -0.311724 ;
5 28 0.1356815 ;
6 28 0.1145535 ;
9 28 -0.6465912 ;
11 28 0.2946764 ;
12 28 -0.6492033 ;
13 28 -0.4665118 ;
14 28 0.3767035 ;
16 28 -0.01251182 ;
18 28 -0.03941999 ;
19 28 -0.7392718 ;
20 28 0.4740071 ;
21 28 0.9656832 ;
22 28 0.5165936 ;
23 28 0.1279588 ;
24 28 0.765157 ;
26 28 0.7769346 ;
0 29 -0.7453179 ;
1 29 -0.8939066 ;
2 29 -0.7749097 ;
3 29 -0.2012063 ;
4 29 -0.6256622 ;
5 29 0.4015225 ;
6 29 -0.7743346 ;
7 29 0.6140125 ;
10 29 0.002720311 ;
11 29 -0.5642487 ;
12 29 0.1353676 ;
15 29 0.7667842 ;
16 29 -0.32749 ;
17 29 -0.8171069 ;
19 29 0.1855062 ;
21 29 0.3500105 ;
22 29 -0.8788121 ;
23 29 -0.2577131 ;
24 29 -0.06157881 ;
25 29 0.1291317 ;
26 29 -0.7223175 ;
27 29 0.7381956 ;
28 29 0.2699527 ;
0 30 0.3120287 ;
1 30 -0.7144349 ;
2 30 0.7477386 ;
3 30 0.5725899 ;
4 30 -0.3943158 ;
5 30 0.490255 ;
6 30 0.5723936 ;
7 30 0.4314404 ;
8 30 0.5216873 ;
9 30 0.1764197 ;
10 30 -0.9726231 ;
11 30 0.6419958 ;
12 30 0.3326544 ;
13 30 0.8707327 ;
14 30 0.3578949 ;
15 30 0.1800464 ;
16 30 0.475785 ;
17 30 0.297594 ;
18 30 0.6795432 ;
19 30 0.4168814 ;
20 30 -0.4235054 ;
21 30 -0.4298899 ;
24 30 -0.738086 ;
25 30 -0.5210998 ;
26 30 -0.6252058 ;
27 30 0.6142751 ;
28 30 -0.9637183 ;
29 30 0.09760876 ;
0 31 -0.6129893 ;
2 31 -0.4076175 ;
3 31 -0.4031168 ;
4 31 0.2382657 ;
5 31 0.8840779 ;
6 31 0.9482833 ;
7 31 0.2618814 ;
8 31 0.4324437 ;
9 31 -0.4343145 ;
10 31 0.7506252 ;
11 31 0.5259697 ;
12 31 -0.3042022 ;
13 31 -0.3642671 ;
14 31 0.6618858 ;
15 31 0.299258 ;
16 31 0.3958143 ;
17 31 0.4868053 ;
18 31 -0.63697 ;
20 31 0.1802183 ;
21 31 -0.3441798 ;
24 31 -0.3520419 ;
25 31 0.7924942 ;
26 31 -0.4601058 ;
27 31 -0.5901979 ;
29 31 -0.6978134 ;
30 31 -0.7593072 ;
0 32 -0.008551041 ;
1 32 -0.5234738 ;
2 32 -0.8683927 ;
3 32 -0.4737866 ;
5 32 -0.5999377 ;
7 32 0.006362077 ;
8 32 -0.886954 ;
9 32 -0.9272724 ;
10 32 -0.5099842 ;
11 32 -0.3814615 ;
12 32 -0.1994012 ;
14 32 0.5671369 ;
15 32 -0.7148956 ;
17 32 -0.444265 ;
18 32 -0.6392634 ;
19 32 0.0174263 ;
20 32 0.8377552 ;
21 32 -0.3631835 ;
22 32 -0.7678918 ;
23 32 -0.7527545 ;
24 32 0.01451656 ;
25 32 -0.2047396 ;
26 32 -0.8873847 ;
28 32 -0.6934688 ;
29 32 -0.7394856 ;
31 32 0.2062398 ;
0 33 -0.2720281 ;
1 33 0.4449446 ;
4 33 0.6674288 ;
5 33 0.9307045 ;
6 33 -0.6521706 ;
7 33 -0.05664977 ;
8 33 0.188152 ;
9 33 -0.8143709 ;
10 33 0.5093833 ;
11 33 -0.7298885 ;
13 33 -0.2256721 ;
15 33 0.930441 ;
16 33 -0.1391882 ;
17 33 -0.4331186 ;
18 33 -0.6189605 ;
19 33 0.07945689 ;
20 33 -0.8521081 ;
21 33 -0.1021614 ;
22 33 -0.5926312 ;
23 33 0.6129059 ;
24 33 0.9364378 ;
26 33 -0.7723076 ;
27 33 -0.08835309 ;
28 33 0.05452845 ;
29 33 -0.992344 ;
31 33 0.4137502 ;
32 33 -0.03098854 ;
1 34 0.6001758 ;
2 34 -0.8148627 ;
3 34 -0.3618977 ;
4 34 -0.07167572 ;
5 34 0.3019419 ;
6 34 -0.278834 ;
7 34 0.3566635 ;
8 34 -0.5337368 ;
9 34 0.958241 ;
10 34 -0.7425103 ;
11 34 0.3253345 ;
12 34 -0.5618088 ;
13 34 0.880769 ;
15 34 0.307561 ;
17 34 -0.02849321 ;
18 34 0.8701637 ;
21 34 -0.1103982 ;
22 34 -0.1667265 ;
24 34 -0.1542216 ;
25 34 0.7749502 ;
26 34 0.09729385 ;
29 34 -0.5224627 ;
31 34 0.7492039 ;
32 34 -0.4792364 ]