n =  40
taille =  621
Mat = [0 1 0.8838145 ;
0 2 -0.1998143 ;
1 2 -0.08666109 ;
0 3 0.9068013 ;
1 3 -0.9475886 ;
2 3 0.5042477 ;
0 4 -0.04527576 ;
1 4 -0.9807205 ;
2 4 -0.2323663 ;
0 5 0.07792006 ;
1 5 -0.5526712 ;
2 5 0.01665334 ;
4 5 -0.5755576 ;
1 6 0.7270661 ;
2 6 0.8918052 ;
3 6 0.9696249 ;
4 6 0.9358388 ;
5 6 -0.4458083 ;
0 7 -0.2351685 ;
1 7 -0.4477508 ;
2 7 0.3311929 ;
3 7 0.2353347 ;
4 7 0.3350409 ;
5 7 -0.7585193 ;
6 7 -0.8147724 ;
0 8 0.4433673 ;
1 8 -0.3914613 ;
2 8 0.386599 ;
3 8 0.6268464 ;
4 8 -0.7538076 ;
5 8 0.5813788 ;
6 8 -0.6959843 ;
0 9 -0.5671552 ;
1 9 -0.751008 ;
2 9 -0.2361333 ;
3 9 0.1051541 ;
4 9 -0.9138608 ;
5 9 -0.8896485 ;
6 9 0.7839761 ;
7 9 0.8980397 ;
0 10 0.5662851 ;
1 10 0.9670058 ;
2 10 0.2002242 ;
3 10 -0.6569443 ;
4 10 0.8733533 ;
5 10 -0.1884831 ;
6 10 0.1351034 ;
7 10 -0.2965226 ;
8 10 -0.1456186 ;
9 10 -0.3415517 ;
0 11 -0.4542061 ;
1 11 -0.2014161 ;
2 11 0.6223383 ;
3 11 0.4956971 ;
4 11 -0.9916 ;
5 11 0.2960634 ;
8 11 0.5869984 ;
9 11 0.403546 ;
10 11 0.2096883 ;
0 12 0.1173534 ;
2 12 0.5289908 ;
3 12 -0.8330122 ;
4 12 -0.8530535 ;
5 12 0.1092595 ;
6 12 -0.5909938 ;
7 12 0.988773 ;
8 12 0.9765904 ;
9 12 -0.2396488 ;
10 12 0.086673 ;
11 12 0.369358 ;
0 13 -0.4537689 ;
1 13 0.4428973 ;
3 13 -0.2952702 ;
4 13 -0.1180147 ;
5 13 -0.7954543 ;
6 13 0.798584 ;
7 13 -0.07367286 ;
8 13 0.5612755 ;
9 13 0.7442432 ;
10 13 0.1447165 ;
12 13 -0.6165508 ;
0 14 0.8114078 ;
1 14 0.1524198 ;
2 14 -0.9866182 ;
3 14 -0.08715728 ;
4 14 -0.05899886 ;
5 14 -0.6079034 ;
6 14 0.05487709 ;
7 14 -0.6934376 ;
9 14 0.2778079 ;
11 14 0.7898945 ;
12 14 -0.5676844 ;
13 14 0.6940301 ;
0 15 0.5355524 ;
1 15 0.6505142 ;
2 15 -0.9892556 ;
3 15 -0.52131 ;
5 15 -0.9042199 ;
7 15 -0.354106 ;
8 15 0.4961805 ;
9 15 0.347227 ;
11 15 -0.5497338 ;
13 15 -0.4680953 ;
0 16 -0.9012274 ;
1 16 0.09130611 ;
2 16 0.1366097 ;
3 16 -0.1894187 ;
4 16 -0.3541946 ;
5 16 0.5189119 ;
6 16 0.1773806 ;
7 16 0.7721225 ;
8 16 0.7751049 ;
9 16 -0.9727934 ;
10 16 0.2742307 ;
11 16 0.5842119 ;
13 16 -0.4285032 ;
15 16 -0.2117352 ;
1 17 -0.2443295 ;
2 17 -0.168166 ;
5 17 0.262758 ;
6 17 -0.2804004 ;
7 17 -0.7310197 ;
8 17 0.3194032 ;
9 17 0.3843628 ;
10 17 -0.08830628 ;
11 17 0.2875587 ;
12 17 0.9915772 ;
13 17 0.7792329 ;
14 17 0.8321927 ;
15 17 0.8678704 ;
1 18 0.6048294 ;
2 18 0.6038631 ;
3 18 -0.7453154 ;
4 18 -0.6127317 ;
5 18 -0.5733764 ;
6 18 0.6588709 ;
7 18 0.936505 ;
8 18 0.9293178 ;
9 18 0.6008306 ;
10 18 0.6138568 ;
11 18 0.4147104 ;
12 18 0.03222319 ;
14 18 -0.7661254 ;
15 18 -0.3362153 ;
16 18 0.1529382 ;
17 18 -0.08782845 ;
0 19 0.9203002 ;
1 19 0.3015107 ;
2 19 0.3063216 ;
3 19 -0.2800248 ;
4 19 -0.9718496 ;
5 19 -0.4999985 ;
6 19 -0.7978419 ;
7 19 -0.3697556 ;
8 19 0.06091371 ;
9 19 -0.5233367 ;
10 19 -0.83604 ;
11 19 0.7846859 ;
12 19 0.1840328 ;
13 19 -0.5102862 ;
14 19 0.2791944 ;
15 19 0.04952895 ;
16 19 -0.9898187 ;
17 19 -0.1391705 ;
0 20 0.3206831 ;
1 20 0.3095343 ;
3 20 -0.7240113 ;
4 20 0.8807846 ;
5 20 -0.4408374 ;
6 20 -0.870039 ;
7 20 0.009657749 ;
8 20 0.6717353 ;
9 20 0.2057568 ;
11 20 0.810828 ;
13 20 0.9535271 ;
14 20 -0.8897393 ;
17 20 -0.6913303 ;
18 20 -0.4823699 ;
19 20 -0.7970327 ;
0 21 0.8820843 ;
1 21 -0.5270519 ;
3 21 0.3988086 ;
4 21 -0.365123 ;
6 21 -0.1009545 ;
7 21 0.1994617 ;
8 21 -0.6691584 ;
9 21 0.8681821 ;
10 21 0.8075316 ;
12 21 0.1638335 ;
13 21 0.229223 ;
14 21 -0.2394924 ;
15 21 -0.8343963 ;
17 21 -0.6688228 ;
18 21 0.669982 ;
19 21 -0.9739785 ;
20 21 0.6697372 ;
0 22 0.04065419 ;
1 22 0.6568476 ;
3 22 0.459605 ;
4 22 -0.001761281 ;
5 22 0.1404485 ;
6 22 -0.08707836 ;
7 22 0.8586455 ;
8 22 0.7106129 ;
9 22 -0.5218203 ;
11 22 0.0389655 ;
15 22 0.1342824 ;
16 22 -0.02109308 ;
17 22 0.7278208 ;
18 22 0.627328 ;
20 22 0.9363775 ;
21 22 0.3779681 ;
0 23 -0.1600447 ;
1 23 -0.739718 ;
2 23 -0.3246982 ;
3 23 -0.03702542 ;
5 23 0.2367172 ;
6 23 0.1412157 ;
7 23 0.4744149 ;
8 23 -0.7463409 ;
10 23 0.5428087 ;
11 23 -0.4132019 ;
12 23 -0.7301019 ;
13 23 -0.1885526 ;
14 23 -0.1047798 ;
15 23 -0.4930851 ;
16 23 -0.6114874 ;
17 23 -0.2043552 ;
19 23 0.8017916 ;
20 23 0.9009229 ;
21 23 -0.8150376 ;
22 23 -0.5437143 ;
2 24 0.4958285 ;
3 24 0.07873907 ;
4 24 -0.3041428 ;
5 24 0.2885052 ;
7 24 -0.4508834 ;
8 24 0.5413215 ;
9 24 -0.3810738 ;
10 24 -0.7044838 ;
11 24 -0.1052588 ;
13 24 -0.8549207 ;
14 24 -0.7866241 ;
16 24 0.8824352 ;
17 24 0.8367816 ;
18 24 -0.6543225 ;
19 24 -0.5387648 ;
20 24 -0.7351044 ;
21 24 0.1336959 ;
22 24 -0.3303055 ;
23 24 -0.480395 ;
0 25 0.3563778 ;
1 25 -0.6568475 ;
2 25 -0.1381359 ;
3 25 0.4178339 ;
4 25 0.8686749 ;
5 25 -0.9665478 ;
7 25 -0.5195847 ;
8 25 -0.09500767 ;
9 25 0.04937089 ;
10 25 -0.694985 ;
11 25 -0.572787 ;
12 25 0.62952 ;
13 25 -0.0673593 ;
14 25 0.2376786 ;
16 25 -0.6271962 ;
19 25 0.1420511 ;
22 25 -0.4378908 ;
23 25 -0.2483753 ;
24 25 -0.9971803 ;
0 26 0.9093071 ;
2 26 0.2274748 ;
3 26 0.9553723 ;
4 26 -0.8587498 ;
6 26 -0.5168653 ;
7 26 -0.7199121 ;
8 26 0.3897479 ;
9 26 -0.6054591 ;
10 26 0.02039233 ;
11 26 -0.272665 ;
12 26 0.587671 ;
13 26 0.1825993 ;
14 26 0.1810403 ;
15 26 0.8536407 ;
16 26 -0.4556371 ;
17 26 0.8306763 ;
18 26 0.1752353 ;
20 26 -0.8885235 ;
21 26 0.318369 ;
22 26 -0.6075922 ;
23 26 0.6890716 ;
24 26 0.2250862 ;
25 26 0.7250503 ;
0 27 -0.2896025 ;
1 27 0.7780826 ;
3 27 -0.7736664 ;
4 27 0.8162 ;
6 27 0.1886948 ;
7 27 -0.9491473 ;
8 27 -0.7281547 ;
9 27 -0.3210127 ;
10 27 0.1957862 ;
11 27 -0.1612398 ;
14 27 0.8607036 ;
15 27 -0.2655936 ;
17 27 -0.5242749 ;
19 27 0.6225789 ;
20 27 -0.6421122 ;
22 27 0.3667979 ;
23 27 -0.6900669 ;
24 27 0.08003658 ;
25 27 -0.2633365 ;
26 27 -0.6802976 ;
0 28 0.2460298 ;
1 28 0.8861765 ;
2 28 0.08749728 ;
3 28 -0.5961557 ;
4 28 0.4052321 ;
5 28 -0.9383328 ;
7 28 -0.1085903 ;
9 28 -0.01375839 ;
11 28 0.7259124 ;
12 28 0.2547587 ;
14 28 -0.2824464 ;
16 28 0.8227984 ;
17 28 0.2590698 ;
18 28 0.4089422 ;
19 28 -0.1196757 ;
20 28 0.05584443 ;
21 28 -0.8109518 ;
22 28 -0.9968629 ;
23 28 0.566923 ;
24 28 -0.7700948 ;
25 28 0.07962079 ;
26 28 0.8420556 ;
27 28 0.6002082 ;
0 29 0.6550178 ;
1 29 -0.8508666 ;
2 29 -0.6824312 ;
3 29 -0.8312173 ;
4 29 -0.8101758 ;
5 29 0.1847345 ;
6 29 -0.3912766 ;
7 29 -0.2130058 ;
8 29 -0.7625184 ;
9 29 0.1730465 ;
11 29 0.4157584 ;
12 29 -0.6521872 ;
14 29 0.03343409 ;
15 29 -0.2948139 ;
17 29 0.2273534 ;
18 29 0.7680808 ;
19 29 -0.5893073 ;
20 29 0.5996251 ;
21 29 -0.3521562 ;
22 29 0.4090314 ;
25 29 0.7265146 ;
26 29 -0.6234529 ;
28 29 0.1493876 ;
0 30 -0.8920516 ;
1 30 -0.6476714 ;
2 30 -0.9569183 ;
4 30 0.6833932 ;
5 30 0.8603503 ;
6 30 0.8060015 ;
7 30 -0.03834602 ;
8 30 -0.159038 ;
9 30 0.06118839 ;
10 30 -0.5211743 ;
11 30 -0.08579743 ;
12 30 -0.741834 ;
14 30 -0.1580144 ;
15 30 0.9196349 ;
20 30 -0.6586362 ;
21 30 -0.7805771 ;
23 30 0.8671666 ;
24 30 -0.935941 ;
25 30 -0.2646326 ;
27 30 -0.1713742 ;
28 30 -0.3112222 ;
0 31 0.9062169 ;
1 31 -0.8292836 ;
2 31 -0.7242055 ;
3 31 -0.3474195 ;
4 31 -0.3384324 ;
6 31 -0.4503282 ;
8 31 -0.2500701 ;
9 31 0.7710056 ;
10 31 0.7336843 ;
11 31 0.8263439 ;
12 31 -0.336971 ;
13 31 0.8928132 ;
14 31 -0.3097585 ;
15 31 0.9778121 ;
16 31 -0.4674328 ;
17 31 -0.3338147 ;
18 31 0.2447156 ;
19 31 0.2387957 ;
20 31 0.8753679 ;
21 31 0.03201376 ;
22 31 -0.9172421 ;
24 31 -0.6737656 ;
25 31 -0.915269 ;
26 31 0.5967447 ;
27 31 -0.9457737 ;
29 31 -0.5669674 ;
0 32 0.7553406 ;
1 32 0.2507406 ;
2 32 -0.2016537 ;
4 32 -0.7236249 ;
5 32 0.2107227 ;
6 32 0.05032574 ;
7 32 -0.4063946 ;
8 32 0.1983581 ;
9 32 0.8487096 ;
12 32 -0.005298632 ;
13 32 -0.6676858 ;
14 32 -0.3600489 ;
15 32 -0.05657776 ;
17 32 0.575637 ;
18 32 0.6145159 ;
19 32 -0.9039168 ;
20 32 0.6347211 ;
22 32 -0.308876 ;
25 32 0.3130054 ;
27 32 0.05851249 ;
29 32 -0.2838183 ;
30 32 -0.2320545 ;
0 33 0.4434491 ;
1 33 0.353764 ;
2 33 0.3646263 ;
3 33 -0.9691042 ;
6 33 0.8608567 ;
7 33 -0.8513049 ;
8 33 0.4817659 ;
9 33 -0.7364891 ;
11 33 0.3652756 ;
12 33 0.2522183 ;
13 33 -0.8887212 ;
14 33 0.9950695 ;
15 33 0.6112266 ;
16 33 0.1193591 ;
17 33 0.4522694 ;
19 33 -0.4077931 ;
20 33 0.8684593 ;
21 33 -0.4745403 ;
23 33 0.6352623 ;
25 33 0.09498772 ;
26 33 -0.2005715 ;
27 33 0.1719736 ;
28 33 0.7606892 ;
29 33 -0.7193208 ;
30 33 0.2627984 ;
31 33 -0.1091206 ;
32 33 0.831838 ;
1 34 -0.3254597 ;
2 34 0.1483582 ;
3 34 0.1646325 ;
5 34 0.3485339 ;
6 34 -0.05628488 ;
7 34 -0.6521281 ;
8 34 0.4513975 ;
9 34 0.9829633 ;
11 34 0.4679389 ;
13 34 -0.01671628 ;
15 34 -0.8467318 ;
16 34 -0.1846727 ;
17 34 -0.7389018 ;
19 34 -0.7412175 ;
20 34 -0.5410785 ;
21 34 -0.856179 ;
22 34 -0.7451883 ;
23 34 -0.1611102 ;
24 34 -0.3229278 ;
25 34 0.1838624 ;
26 34 0.4941778 ;
27 34 0.6183554 ;
28 34 0.3405438 ;
31 34 -0.6941769 ;
32 34 -0.1962949 ;
33 34 -0.1142589 ;
0 35 -0.357142 ;
1 35 -0.05968162 ;
4 35 0.1096839 ;
5 35 -0.1314502 ;
6 35 0.02892794 ;
8 35 -0.3733733 ;
9 35 0.4983182 ;
11 35 -0.04432213 ;
12 35 0.7923331 ;
16 35 -0.5210184 ;
18 35 0.2633102 ;
19 35 -0.1997433 ;
20 35 0.1446699 ;
23 35 0.8985012 ;
24 35 0.2347118 ;
25 35 0.2115212 ;
26 35 -0.7228713 ;
27 35 0.3471553 ;
28 35 0.8871064 ;
29 35 -0.9562153 ;
30 35 -0.4195776 ;
31 35 0.7802658 ;
33 35 -0.4471295 ;
34 35 0.2871839 ;
0 36 -0.8920291 ;
1 36 0.5173821 ;
2 36 -0.3227105 ;
3 36 -0.7839344 ;
4 36 0.09974638 ;
5 36 -0.08547106 ;
7 36 -0.2382654 ;
8 36 0.07020559 ;
9 36 -0.9740455 ;
11 36 0.1828735 ;
12 36 -0.4623895 ;
13 36 0.8640623 ;
15 36 -0.1331757 ;
16 36 0.7908411 ;
17 36 0.6088032 ;
18 36 0.500101 ;
19 36 0.4886807 ;
20 36 -0.7239691 ;
22 36 -0.0501071 ;
23 36 -0.953336 ;
25 36 0.2305749 ;
26 36 0.6987369 ;
27 36 -0.8001602 ;
28 36 0.167786 ;
30 36 0.5846185 ;
31 36 -0.6948967 ;
34 36 -0.4073511 ;
0 37 -0.9021838 ;
1 37 -0.3634764 ;
3 37 0.1053711 ;
4 37 -0.007081604 ;
6 37 0.005256837 ;
7 37 0.5586179 ;
8 37 0.6864094 ;
9 37 0.7427225 ;
10 37 -0.6180955 ;
11 37 -0.4268363 ;
12 37 -0.7489287 ;
13 37 -0.5834828 ;
14 37 -0.6935584 ;
15 37 -0.5793383 ;
16 37 -0.016511 ;
17 37 0.7312452 ;
18 37 -0.8640174 ;
19 37 -0.4620209 ;
20 37 0.5782571 ;
21 37 0.3662953 ;
23 37 0.517387 ;
24 37 0.7241532 ;
25 37 -0.7462223 ;
27 37 -0.3915782 ;
30 37 0.09447173 ;
31 37 -0.9578674 ;
32 37 0.4461435 ;
33 37 -0.03371874 ;
34 37 0.02735988 ;
36 37 -0.3012145 ;
0 38 -0.810794 ;
1 38 -0.3846207 ;
2 38 -0.2757537 ;
3 38 -0.5516173 ;
4 38 -0.7303384 ;
5 38 0.3552845 ;
6 38 0.5413982 ;
7 38 -0.3761418 ;
8 38 -0.7771671 ;
9 38 -0.867076 ;
10 38 0.183489 ;
12 38 -0.2304451 ;
14 38 -0.7527371 ;
15 38 -0.2668041 ;
18 38 0.846039 ;
20 38 0.1154795 ;
21 38 0.1894936 ;
22 38 -0.6756174 ;
23 38 -0.5472193 ;
24 38 0.7173985 ;
26 38 0.8920463 ;
27 38 -0.8392733 ;
29 38 -0.8253695 ;
30 38 -0.5490742 ;
31 38 0.6453833 ;
32 38 -0.7078596 ;
34 38 0.3374759 ;
35 38 -0.2398313 ;
36 38 0.9337157 ;
0 39 -0.7815014 ;
1 39 0.2743505 ;
2 39 0.119001 ;
3 39 -0.2134261 ;
5 39 0.1941838 ;
6 39 0.6350123 ;
7 39 -0.3059943 ;
8 39 0.4510525 ;
10 39 -0.4816021 ;
12 39 0.06002623 ;
15 39 0.9503511 ;
16 39 -0.1347109 ;
17 39 -0.8867278 ;
19 39 -0.2968469 ;
20 39 -0.2423798 ;
22 39 0.2453458 ;
24 39 0.5241112 ;
25 39 0.1399947 ;
27 39 -0.6448825 ;
28 39 -0.3857813 ;
29 39 -0.2073033 ;
30 39 0.1384994 ;
31 39 0.7484416 ;
32 39 -0.2321278 ;
33 39 -0.8012555 ;
34 39 -0.8892227 ;
35 39 -0.2675075 ;
36 39 0.4963381 ;
37 39 -0.5196799 ;
38 39 0.9432002 ]