n =  35
taille =  470
Mat = [0 1 0.032482 ;
0 2 -0.6307275 ;
1 2 -0.1508112 ;
0 3 -0.4213802 ;
1 3 -0.6377624 ;
2 3 0.1977975 ;
0 4 -0.1126908 ;
1 4 -0.08587857 ;
2 4 -0.2159558 ;
3 4 0.3423841 ;
0 5 -0.5303676 ;
1 5 -0.8303779 ;
3 5 0.6060091 ;
4 5 -0.5722501 ;
0 6 -0.8511727 ;
1 6 0.4360464 ;
2 6 -0.9067194 ;
3 6 -0.9315587 ;
4 6 0.2980299 ;
5 6 0.6816649 ;
0 7 0.5881837 ;
1 7 -0.03303559 ;
2 7 -0.7496127 ;
3 7 0.3680407 ;
4 7 -0.9958384 ;
5 7 -0.6988354 ;
0 8 -0.4236234 ;
1 8 0.08533925 ;
2 8 -0.5479388 ;
3 8 -0.8129468 ;
4 8 -0.3935927 ;
6 8 0.7541224 ;
7 8 -0.5980149 ;
1 9 -0.1112018 ;
2 9 0.8570492 ;
3 9 -0.1120662 ;
4 9 -0.1851479 ;
5 9 0.3320316 ;
6 9 0.7899435 ;
7 9 -0.8901453 ;
8 9 -0.9028205 ;
0 10 -0.8110861 ;
1 10 0.0353283 ;
2 10 0.8208178 ;
3 10 0.9241396 ;
4 10 -0.9037818 ;
5 10 0.6872833 ;
6 10 0.2168054 ;
9 10 -0.7253074 ;
0 11 0.01884479 ;
1 11 -0.1819818 ;
2 11 -0.7887687 ;
4 11 -0.473527 ;
5 11 0.7065132 ;
6 11 -0.168109 ;
7 11 -0.5978622 ;
8 11 -0.4895618 ;
10 11 0.7894814 ;
0 12 -0.3701313 ;
1 12 0.9244439 ;
2 12 0.05992884 ;
3 12 0.2914797 ;
4 12 0.7369321 ;
5 12 0.6870238 ;
6 12 -0.5650842 ;
8 12 -0.7796788 ;
9 12 0.4206616 ;
10 12 0.9687668 ;
0 13 -0.6063165 ;
1 13 -0.03150802 ;
2 13 0.8140933 ;
3 13 -0.712989 ;
4 13 -0.5393831 ;
5 13 0.1439424 ;
6 13 0.5231695 ;
7 13 -0.1389181 ;
8 13 -0.1514748 ;
9 13 -0.6286137 ;
10 13 -0.9821513 ;
11 13 0.9472528 ;
1 14 0.4441224 ;
2 14 0.9705484 ;
4 14 0.8052183 ;
5 14 -0.9590337 ;
6 14 -0.002866282 ;
7 14 -0.06232978 ;
8 14 -0.5163569 ;
9 14 0.269521 ;
10 14 -0.5075413 ;
11 14 -0.4062954 ;
12 14 -0.730405 ;
13 14 0.5853909 ;
0 15 -0.8581134 ;
2 15 0.5560591 ;
4 15 0.3329733 ;
5 15 0.5536295 ;
6 15 -0.3945487 ;
7 15 0.8064047 ;
8 15 -0.7322257 ;
10 15 -0.4968486 ;
11 15 0.6687183 ;
12 15 -0.1261249 ;
13 15 0.09793345 ;
14 15 -0.5495241 ;
1 16 -0.870081 ;
2 16 0.6909756 ;
3 16 0.2141784 ;
5 16 0.7918942 ;
6 16 0.7628762 ;
8 16 -0.06995492 ;
9 16 0.472746 ;
10 16 -0.9342017 ;
11 16 -0.1501421 ;
13 16 0.3284535 ;
14 16 -0.3955598 ;
3 17 0.3686434 ;
4 17 -0.7395663 ;
5 17 0.7484845 ;
6 17 -0.9657182 ;
7 17 -0.536817 ;
8 17 -0.9428912 ;
9 17 0.831975 ;
10 17 -0.6159864 ;
11 17 0.06964362 ;
12 17 -0.08851166 ;
13 17 -0.8558621 ;
14 17 0.6849097 ;
15 17 0.7571236 ;
16 17 -0.2083759 ;
0 18 -0.06066779 ;
1 18 0.1908656 ;
2 18 0.3332459 ;
3 18 0.1186029 ;
4 18 0.9475237 ;
5 18 -0.9246261 ;
6 18 -0.8544698 ;
7 18 -0.5651351 ;
8 18 0.5802393 ;
9 18 0.8386855 ;
10 18 0.1043515 ;
11 18 0.2096006 ;
12 18 -0.5918356 ;
14 18 0.295422 ;
15 18 -0.5537075 ;
0 19 -0.3595391 ;
1 19 0.6150596 ;
2 19 -0.5262628 ;
3 19 -0.4852736 ;
4 19 -0.694396 ;
5 19 0.7637386 ;
8 19 -0.811058 ;
10 19 -0.9709988 ;
12 19 -0.355596 ;
13 19 0.1810359 ;
17 19 -0.5244738 ;
1 20 0.9030316 ;
3 20 0.3408789 ;
5 20 0.7258496 ;
7 20 -0.3979869 ;
8 20 -0.3483182 ;
9 20 0.2460177 ;
10 20 0.3173374 ;
11 20 -0.8774951 ;
12 20 -0.6087477 ;
16 20 -0.1828879 ;
17 20 -0.7318866 ;
18 20 0.4875719 ;
19 20 -0.743946 ;
0 21 -0.8995328 ;
1 21 0.3954514 ;
2 21 -0.8617602 ;
3 21 0.1735043 ;
4 21 0.4270398 ;
5 21 0.2273953 ;
6 21 0.7201228 ;
7 21 0.4412416 ;
9 21 0.3719112 ;
12 21 -0.0727562 ;
13 21 -0.8046398 ;
14 21 -0.1216748 ;
15 21 0.9796478 ;
17 21 -0.6376597 ;
18 21 0.155163 ;
19 21 -0.1226605 ;
20 21 0.9619478 ;
0 22 -0.8263452 ;
1 22 -0.3297212 ;
2 22 -0.2756202 ;
3 22 0.7749001 ;
5 22 -0.3202142 ;
6 22 -0.8622585 ;
7 22 -0.4070037 ;
8 22 0.6840866 ;
9 22 -0.545233 ;
10 22 0.9624158 ;
11 22 0.6145397 ;
12 22 0.9389144 ;
13 22 0.7057704 ;
14 22 -0.8582678 ;
15 22 0.3043795 ;
16 22 0.9930247 ;
18 22 -0.6635707 ;
19 22 0.1571978 ;
20 22 -0.3077473 ;
21 22 -0.7721979 ;
0 23 0.4562322 ;
2 23 -0.6408197 ;
3 23 -0.5823438 ;
4 23 -0.1102637 ;
5 23 -0.4654114 ;
6 23 0.6177586 ;
7 23 -0.2332904 ;
8 23 0.5930434 ;
10 23 -0.6061571 ;
12 23 -0.8534933 ;
13 23 -0.1079313 ;
14 23 -0.442168 ;
15 23 -0.4497662 ;
16 23 -0.7599963 ;
17 23 -0.8082318 ;
18 23 0.7794033 ;
19 23 -0.6321361 ;
20 23 -0.8302709 ;
21 23 -0.07209714 ;
22 23 -0.1296547 ;
0 24 0.6278757 ;
1 24 -0.05549451 ;
2 24 -0.1465616 ;
3 24 0.5555016 ;
5 24 -0.5579772 ;
7 24 -0.3628177 ;
8 24 0.4714622 ;
9 24 -0.1915834 ;
10 24 -0.2222602 ;
13 24 0.8037924 ;
15 24 0.3316427 ;
16 24 -0.4218348 ;
17 24 -0.20926 ;
18 24 0.6960423 ;
19 24 0.4799083 ;
20 24 0.04529718 ;
21 24 0.9487034 ;
22 24 -0.7085727 ;
23 24 -0.07385731 ;
1 25 -0.01889816 ;
2 25 0.07542161 ;
3 25 0.1809121 ;
8 25 -0.5151595 ;
9 25 -0.6841148 ;
14 25 0.3645733 ;
15 25 0.5119401 ;
16 25 -0.673719 ;
17 25 -0.4736119 ;
19 25 0.04267501 ;
20 25 -0.8340932 ;
21 25 -0.8691213 ;
23 25 0.6859253 ;
24 25 0.7388507 ;
0 26 0.5685005 ;
1 26 -0.4045113 ;
2 26 0.605959 ;
3 26 0.4912741 ;
4 26 -0.1020978 ;
5 26 0.03554617 ;
7 26 -0.1521105 ;
8 26 -0.3650941 ;
9 26 0.8990197 ;
11 26 0.3379869 ;
12 26 0.2655979 ;
13 26 0.4862743 ;
15 26 -0.5859538 ;
16 26 0.07089723 ;
17 26 0.4113237 ;
18 26 0.9786229 ;
19 26 -0.3388784 ;
20 26 0.646726 ;
22 26 -0.2621966 ;
23 26 -0.3193562 ;
24 26 0.3285548 ;
0 27 -0.5553301 ;
1 27 0.9131718 ;
3 27 0.4935489 ;
4 27 -0.05738311 ;
5 27 -0.2374443 ;
6 27 -0.4470933 ;
7 27 0.8910273 ;
8 27 0.1348531 ;
9 27 0.3056399 ;
10 27 -0.8121824 ;
12 27 0.03314591 ;
13 27 -0.8993535 ;
14 27 -0.2664695 ;
15 27 0.5383882 ;
16 27 0.671017 ;
17 27 0.8660461 ;
19 27 -0.7164295 ;
20 27 0.4368678 ;
21 27 0.4667645 ;
22 27 0.547078 ;
23 27 0.8172729 ;
26 27 -0.9968719 ;
0 28 0.6968827 ;
1 28 0.6421793 ;
2 28 0.02368926 ;
3 28 -0.9853201 ;
4 28 -0.7588672 ;
5 28 -0.8604148 ;
7 28 0.08469914 ;
8 28 0.02547497 ;
10 28 -0.4854595 ;
12 28 -0.6430709 ;
13 28 -0.1012672 ;
14 28 0.5266732 ;
15 28 -0.3576077 ;
16 28 0.8312448 ;
19 28 0.1387396 ;
20 28 -0.4445815 ;
21 28 -0.3673325 ;
22 28 -0.3630069 ;
23 28 -0.9370675 ;
24 28 0.3956169 ;
25 28 0.8502354 ;
27 28 -0.5226779 ;
0 29 0.3623234 ;
1 29 -0.5083084 ;
2 29 0.4965341 ;
3 29 -0.05861524 ;
4 29 0.1169102 ;
5 29 0.3033199 ;
6 29 0.8240579 ;
7 29 0.5777232 ;
8 29 0.01386797 ;
9 29 0.6247466 ;
10 29 -0.238478 ;
11 29 0.3532629 ;
13 29 0.761129 ;
14 29 -0.3367721 ;
15 29 0.2611342 ;
17 29 0.1824343 ;
18 29 -0.01964051 ;
19 29 0.1217622 ;
22 29 -0.6996678 ;
23 29 0.5187462 ;
24 29 -0.01912503 ;
25 29 -0.7777969 ;
26 29 0.05467963 ;
27 29 -0.1230276 ;
28 29 0.5805571 ;
0 30 -0.3641107 ;
1 30 -0.1550639 ;
2 30 0.7881364 ;
4 30 -0.987795 ;
5 30 0.09798944 ;
6 30 -0.1720462 ;
7 30 0.2098068 ;
8 30 -0.9396318 ;
9 30 0.08202525 ;
10 30 0.540428 ;
11 30 -0.3737374 ;
12 30 -0.7513821 ;
14 30 -0.8959132 ;
15 30 0.07689434 ;
16 30 -0.1369889 ;
17 30 -0.01959532 ;
18 30 -0.247057 ;
21 30 0.5786111 ;
23 30 0.7397538 ;
24 30 -0.1923809 ;
25 30 -0.7617671 ;
26 30 -0.765001 ;
27 30 0.02722346 ;
28 30 0.5928161 ;
0 31 0.5555254 ;
1 31 0.515766 ;
2 31 -0.04935059 ;
3 31 -0.3175478 ;
4 31 -0.8229092 ;
6 31 0.9942569 ;
7 31 0.3232985 ;
8 31 -0.4892674 ;
12 31 -0.4191876 ;
13 31 -0.08262612 ;
14 31 -0.4865108 ;
16 31 0.9402964 ;
17 31 0.401846 ;
18 31 -0.3723739 ;
19 31 0.02177278 ;
20 31 -0.7709602 ;
21 31 -0.2643305 ;
22 31 0.03872293 ;
23 31 0.6271415 ;
26 31 -0.5071573 ;
27 31 0.1079728 ;
28 31 0.5922223 ;
29 31 0.1736824 ;
30 31 0.5231948 ;
0 32 -0.2695527 ;
1 32 -0.9099181 ;
2 32 -0.3078038 ;
4 32 -0.7327473 ;
6 32 -0.5631641 ;
7 32 -0.4777416 ;
9 32 -0.03206864 ;
10 32 0.371252 ;
13 32 -0.1325312 ;
14 32 0.9836365 ;
15 32 0.3166267 ;
18 32 0.6704412 ;
19 32 -0.1130584 ;
20 32 -0.6642196 ;
21 32 0.02762435 ;
23 32 -0.1396134 ;
24 32 0.469455 ;
25 32 0.5020873 ;
26 32 -0.7821308 ;
27 32 0.09967144 ;
28 32 0.4204224 ;
29 32 0.7758096 ;
30 32 0.7929101 ;
31 32 -0.6340255 ;
1 33 0.6080423 ;
3 33 -0.3170985 ;
8 33 -0.4500309 ;
11 33 0.3646568 ;
13 33 -0.6247436 ;
15 33 0.3075093 ;
16 33 -0.8729725 ;
17 33 -0.4026071 ;
18 33 0.3057488 ;
19 33 -0.977477 ;
20 33 0.4708324 ;
21 33 0.2871583 ;
22 33 -0.8831553 ;
24 33 -0.5769117 ;
26 33 -0.5320975 ;
27 33 -0.9970771 ;
29 33 -0.4729493 ;
30 33 0.1320189 ;
31 33 -0.2944005 ;
32 33 0.7612562 ;
0 34 0.01042086 ;
1 34 0.8145096 ;
2 34 0.004615478 ;
3 34 -0.3244885 ;
4 34 0.9974662 ;
5 34 -0.3562895 ;
6 34 0.2029503 ;
7 34 -0.8031756 ;
8 34 -0.7786226 ;
9 34 -0.5000049 ;
10 34 -0.5830113 ;
11 34 -0.8307785 ;
12 34 0.5481682 ;
13 34 -0.2075097 ;
15 34 -0.1338607 ;
16 34 -0.6722196 ;
17 34 -0.0537 ;
18 34 -0.07177896 ;
19 34 0.3661662 ;
20 34 0.722454 ;
21 34 0.01050503 ;
22 34 0.4160913 ;
23 34 -0.8355977 ;
24 34 -0.5283092 ;
25 34 -0.6404214 ;
28 34 -0.8715962 ;
29 34 0.5530675 ;
30 34 -0.9467454 ;
32 34 0.6273525 ;
33 34 -0.4114939 ]