n =  30
taille =  91
Mat = [2 4 0.1123331 ;
0 6 0.1186578 ;
1 6 -0.5542682 ;
2 8 -0.2697894 ;
3 9 -0.2306681 ;
5 9 0.3437665 ;
6 9 0.2701277 ;
1 10 -0.7433975 ;
0 11 0.2343961 ;
4 11 0.7879075 ;
10 11 0.1754735 ;
11 12 0.7894064 ;
2 13 -0.5486898 ;
8 13 -0.6695121 ;
9 13 -0.0719641 ;
12 13 -0.3167858 ;
3 14 0.7279317 ;
7 14 -0.5771416 ;
8 14 -0.8427438 ;
9 14 -0.1942071 ;
10 14 0.6809258 ;
13 14 -0.7393977 ;
0 15 0.2673324 ;
5 15 0.3971883 ;
11 16 -0.0482084 ;
0 17 0.1095326 ;
6 17 0.4299913 ;
16 17 -0.7998339 ;
0 18 0.4524452 ;
6 18 0.04168196 ;
0 19 0.372452 ;
1 19 0.07118403 ;
4 19 -0.1282429 ;
6 19 0.6047851 ;
7 19 -0.4723056 ;
13 19 -0.891198 ;
0 20 0.07721045 ;
5 20 0.7814806 ;
6 20 -0.3756786 ;
12 20 0.4242409 ;
13 20 0.8463646 ;
19 20 -0.5434734 ;
1 21 -0.662522 ;
2 21 0.1409781 ;
3 21 -0.952141 ;
5 21 0.01879871 ;
3 22 -0.3138507 ;
7 22 0.4474058 ;
10 22 -0.6070246 ;
11 22 0.2446884 ;
19 22 0.6581757 ;
20 22 -0.1121917 ;
21 22 0.03120971 ;
10 23 0.2568539 ;
15 23 -0.2220769 ;
16 23 0.4662001 ;
0 24 -0.2754505 ;
11 24 0.2939975 ;
13 24 0.3296522 ;
16 24 0.71996 ;
20 24 -0.1608817 ;
3 25 0.5121475 ;
7 25 0.07948576 ;
10 25 0.1025711 ;
11 25 0.2898655 ;
22 25 -0.4440612 ;
0 26 0.8924115 ;
17 26 0.2294676 ;
19 26 -0.0582195 ;
21 26 -0.4081661 ;
7 27 0.8900878 ;
9 27 -0.09284974 ;
14 27 0.9645601 ;
25 27 -0.04712258 ;
8 28 0.6145536 ;
10 28 -0.8343525 ;
13 28 0.5078553 ;
16 28 -0.4702008 ;
18 28 -0.5795202 ;
19 28 -0.07633955 ;
21 28 0.4524261 ;
25 28 -0.9074555 ;
26 28 -0.2615141 ;
2 29 0.1865246 ;
5 29 -0.6200726 ;
8 29 -0.1842467 ;
15 29 -0.8454336 ;
20 29 -0.6247 ;
21 29 -0.172545 ;
27 29 0.3721348 ;
28 29 0.3609916 ]