n =  45
taille =  773
Mat = [0 1 0.6266491 ;
0 2 0.8755392 ;
1 2 -0.2376899 ;
0 3 0.8831355 ;
1 3 0.4715734 ;
0 5 0.04941515 ;
1 5 -0.5359041 ;
2 5 0.5984859 ;
0 6 -0.5469479 ;
1 6 -0.4432886 ;
2 6 -0.4963017 ;
3 6 0.3856329 ;
4 6 -0.5043023 ;
5 6 0.8546163 ;
0 7 -0.7478733 ;
1 7 -0.8293786 ;
2 7 -0.2982746 ;
3 7 0.8469362 ;
4 7 -0.8689493 ;
5 7 -0.5984396 ;
6 7 -0.2839783 ;
0 8 0.7276769 ;
2 8 -0.364782 ;
3 8 -0.502591 ;
5 8 -0.5443213 ;
6 8 -0.535703 ;
7 8 0.6743751 ;
2 9 0.3762557 ;
4 9 0.2242793 ;
5 9 0.8264258 ;
6 9 0.6266036 ;
7 9 -0.9879948 ;
8 9 -0.9020089 ;
3 10 0.6838887 ;
4 10 0.6647482 ;
5 10 -0.6402289 ;
6 10 -0.1006189 ;
8 10 0.9526858 ;
0 11 -0.8229478 ;
1 11 0.9365247 ;
2 11 -0.4132821 ;
3 11 0.03204487 ;
4 11 0.7924438 ;
5 11 -0.990028 ;
6 11 0.5845236 ;
7 11 -0.3619689 ;
8 11 0.1308168 ;
9 11 -0.5645229 ;
10 11 -0.3074955 ;
0 12 -0.2412157 ;
1 12 -0.6102604 ;
2 12 -0.9323253 ;
3 12 -0.5556034 ;
4 12 0.9121481 ;
5 12 -0.4162977 ;
7 12 -0.2290686 ;
9 12 -0.4243076 ;
10 12 -0.1604615 ;
11 12 -0.8716549 ;
0 13 0.7832753 ;
2 13 0.8145182 ;
3 13 -0.2749451 ;
4 13 0.3010182 ;
7 13 -0.3457343 ;
8 13 -0.4303344 ;
9 13 -0.8921898 ;
10 13 -0.377498 ;
11 13 -0.7294878 ;
12 13 0.01885044 ;
0 14 -0.638972 ;
1 14 0.8616888 ;
2 14 0.1684032 ;
3 14 0.9137474 ;
4 14 0.8639463 ;
5 14 0.2629765 ;
7 14 -0.1603476 ;
8 14 0.2381035 ;
10 14 0.7352691 ;
12 14 0.7995608 ;
1 15 -0.3914378 ;
3 15 0.7638702 ;
4 15 0.7119777 ;
5 15 0.9997336 ;
6 15 -0.5676402 ;
7 15 -0.7497088 ;
8 15 0.4752298 ;
9 15 -0.6139056 ;
11 15 -0.08062695 ;
12 15 0.6287162 ;
14 15 0.8748822 ;
1 16 -0.477431 ;
2 16 -0.873 ;
3 16 0.1132918 ;
4 16 0.05835964 ;
6 16 -0.8503953 ;
7 16 0.8878892 ;
8 16 -0.2038102 ;
10 16 -0.5962092 ;
11 16 0.7712498 ;
12 16 -0.1404051 ;
13 16 -0.1064377 ;
1 17 -0.2821043 ;
2 17 -0.5604073 ;
3 17 -0.4117023 ;
4 17 -0.1161952 ;
5 17 -0.4897957 ;
8 17 0.07713576 ;
9 17 -0.7702965 ;
11 17 0.3454236 ;
12 17 -0.1376075 ;
14 17 -0.6371479 ;
15 17 -0.7018458 ;
16 17 -0.8737566 ;
1 18 -0.2590175 ;
3 18 -0.3810161 ;
4 18 0.7088849 ;
5 18 0.4366735 ;
6 18 0.003669759 ;
7 18 0.2926718 ;
8 18 -0.4522154 ;
10 18 0.06288522 ;
11 18 -0.6688219 ;
12 18 0.3149784 ;
13 18 0.2646383 ;
15 18 -0.767213 ;
16 18 0.126997 ;
17 18 0.36589 ;
0 19 -0.5466009 ;
2 19 0.5270872 ;
4 19 -0.9287603 ;
6 19 0.3530653 ;
7 19 0.8544225 ;
8 19 0.4414306 ;
9 19 0.9985419 ;
10 19 -0.3716819 ;
11 19 -0.8324005 ;
12 19 -0.2192311 ;
13 19 0.2631713 ;
14 19 0.5765315 ;
15 19 -0.1586738 ;
16 19 0.5202701 ;
17 19 0.000833584 ;
18 19 0.4354159 ;
2 20 -0.8918984 ;
5 20 0.02825607 ;
6 20 -0.7443764 ;
7 20 0.3393729 ;
8 20 0.7137326 ;
9 20 0.110208 ;
10 20 0.7220066 ;
12 20 0.9720447 ;
13 20 0.9417243 ;
14 20 -0.1623437 ;
15 20 -0.7943163 ;
16 20 0.8921883 ;
17 20 -0.2548767 ;
19 20 0.441906 ;
0 21 -0.5217239 ;
2 21 -0.4898037 ;
4 21 0.3418386 ;
5 21 0.7693959 ;
6 21 0.06174191 ;
7 21 -0.8585161 ;
8 21 -0.6692263 ;
9 21 0.7489216 ;
10 21 0.7480122 ;
11 21 -0.1378922 ;
13 21 -0.9720017 ;
14 21 -0.3425138 ;
15 21 0.3133413 ;
17 21 0.5162875 ;
18 21 0.1755627 ;
19 21 0.6130658 ;
20 21 -0.2975253 ;
0 22 -0.4681831 ;
1 22 0.3777688 ;
4 22 0.8600523 ;
5 22 -0.2747179 ;
6 22 0.7136702 ;
7 22 0.2077652 ;
9 22 0.3144641 ;
10 22 -0.5209706 ;
11 22 -0.07154238 ;
12 22 0.7812951 ;
13 22 0.3674832 ;
15 22 -0.8810319 ;
16 22 0.7309189 ;
17 22 -0.6042347 ;
18 22 -0.5169076 ;
20 22 -0.8874297 ;
21 22 -0.1819493 ;
0 23 0.3879395 ;
1 23 0.8321662 ;
2 23 -0.9005508 ;
3 23 -0.3151913 ;
4 23 -0.3608632 ;
7 23 -0.8760288 ;
8 23 0.4362198 ;
9 23 -0.9444659 ;
10 23 0.8095448 ;
12 23 0.3665364 ;
13 23 -0.9421769 ;
14 23 -0.601671 ;
15 23 0.922611 ;
16 23 -0.6325607 ;
17 23 0.7559051 ;
18 23 -0.751155 ;
19 23 0.9004285 ;
20 23 -0.2254295 ;
0 24 0.5379023 ;
2 24 0.2594449 ;
3 24 -0.6669714 ;
4 24 -0.9183559 ;
6 24 -0.2218157 ;
7 24 -0.5253974 ;
9 24 -0.4871489 ;
10 24 -0.4687115 ;
12 24 -0.3232474 ;
14 24 -0.7756752 ;
15 24 0.5155403 ;
16 24 -0.05138524 ;
18 24 -0.6853323 ;
19 24 -0.7768095 ;
20 24 0.2583275 ;
21 24 -0.3879847 ;
22 24 -0.3142277 ;
23 24 0.3600155 ;
0 25 -0.2556085 ;
1 25 2.854923e-05 ;
2 25 -0.8006593 ;
3 25 0.1164115 ;
4 25 -0.06390828 ;
5 25 -0.4304389 ;
6 25 0.6320877 ;
7 25 0.4743216 ;
8 25 0.4123531 ;
9 25 -0.5526698 ;
10 25 -0.8712367 ;
11 25 0.5065088 ;
12 25 0.8692787 ;
13 25 -0.3588877 ;
14 25 -0.4691438 ;
15 25 -0.4250694 ;
16 25 0.9162563 ;
18 25 0.008274393 ;
19 25 0.5564576 ;
20 25 0.3096346 ;
21 25 -0.7370368 ;
24 25 0.6306346 ;
0 26 0.5259821 ;
1 26 -0.3841361 ;
2 26 0.5083673 ;
4 26 -0.8736083 ;
5 26 0.3570251 ;
6 26 -0.883507 ;
7 26 0.3935333 ;
9 26 -0.3895225 ;
10 26 -0.5999653 ;
11 26 0.4487466 ;
12 26 0.1995228 ;
13 26 -0.309489 ;
15 26 -0.4824534 ;
16 26 -0.8571021 ;
18 26 0.9302677 ;
19 26 0.3150998 ;
20 26 -0.5548906 ;
21 26 0.371951 ;
22 26 -0.2773911 ;
23 26 -0.8447919 ;
25 26 0.5082822 ;
0 27 -0.148397 ;
1 27 0.04894172 ;
3 27 0.9327218 ;
4 27 -0.04025206 ;
6 27 0.5113906 ;
8 27 0.9341022 ;
9 27 0.8781041 ;
10 27 0.6125721 ;
12 27 -0.8370772 ;
13 27 -0.3917787 ;
16 27 -0.4862329 ;
18 27 -0.01272098 ;
20 27 0.5369818 ;
21 27 -0.8202208 ;
24 27 -0.01142136 ;
0 28 -0.9629428 ;
1 28 0.9935818 ;
2 28 -0.6314557 ;
3 28 -0.6867604 ;
5 28 -0.6266788 ;
7 28 -0.3836633 ;
8 28 0.3444344 ;
9 28 0.8378018 ;
10 28 -0.2354083 ;
11 28 0.837533 ;
12 28 -0.5740361 ;
13 28 0.5290694 ;
14 28 0.8849006 ;
16 28 0.5380211 ;
18 28 -0.3703234 ;
19 28 0.585799 ;
20 28 -0.1646845 ;
21 28 0.6202392 ;
22 28 0.2202866 ;
23 28 -0.6249926 ;
24 28 -0.5264745 ;
26 28 0.2866995 ;
27 28 0.6940318 ;
0 29 -0.4748717 ;
1 29 -0.5317734 ;
2 29 -0.4000388 ;
3 29 0.5759731 ;
4 29 -0.07624443 ;
5 29 0.2935247 ;
6 29 0.1655068 ;
7 29 -0.1812839 ;
9 29 0.9445667 ;
10 29 0.1655688 ;
12 29 -0.1725638 ;
13 29 0.7453857 ;
14 29 0.194249 ;
15 29 -0.183293 ;
16 29 -0.9526569 ;
17 29 0.9875996 ;
18 29 -0.01301921 ;
19 29 -0.9799189 ;
20 29 -0.8866616 ;
21 29 -0.6109198 ;
22 29 0.5777905 ;
23 29 -0.5258967 ;
25 29 -0.1096386 ;
26 29 0.1352868 ;
27 29 0.7708827 ;
28 29 0.7456384 ;
0 30 -0.83083 ;
1 30 -0.739848 ;
3 30 0.4829851 ;
4 30 -0.8650125 ;
5 30 -0.4807192 ;
6 30 -0.08724919 ;
7 30 0.158131 ;
8 30 -0.08127848 ;
9 30 0.02380553 ;
10 30 0.7895354 ;
12 30 -0.4751 ;
13 30 0.002484735 ;
14 30 0.7940071 ;
15 30 -0.5950653 ;
16 30 -0.06116358 ;
17 30 0.5967602 ;
18 30 -0.7940569 ;
19 30 0.8058303 ;
21 30 -0.01142309 ;
22 30 0.2696361 ;
24 30 0.5484847 ;
25 30 -0.01041433 ;
26 30 -0.4485314 ;
27 30 -0.8046536 ;
28 30 -0.841609 ;
29 30 0.2241104 ;
1 31 0.2648453 ;
2 31 0.5884821 ;
3 31 0.3947653 ;
4 31 0.5168789 ;
5 31 -0.1355566 ;
6 31 0.6714701 ;
7 31 -0.7042347 ;
10 31 0.1573143 ;
11 31 -0.4995553 ;
12 31 0.9707758 ;
13 31 0.9456527 ;
14 31 -0.3909192 ;
16 31 0.582505 ;
17 31 -0.3282743 ;
18 31 0.03315832 ;
20 31 -0.7096268 ;
21 31 -0.2603931 ;
22 31 -0.1071033 ;
25 31 -0.4063036 ;
26 31 0.8004571 ;
28 31 -0.8823649 ;
30 31 -0.62649 ;
0 32 -0.0348585 ;
1 32 0.148376 ;
2 32 0.7256124 ;
3 32 -0.1144033 ;
6 32 -0.3104551 ;
7 32 -0.7480262 ;
8 32 -0.8897799 ;
9 32 -0.5469296 ;
10 32 -0.4460227 ;
13 32 0.4028162 ;
14 32 0.6104615 ;
15 32 -0.1722536 ;
16 32 -0.8613185 ;
17 32 -0.6025162 ;
18 32 0.3044051 ;
19 32 0.7977766 ;
20 32 0.26374 ;
23 32 0.4290998 ;
24 32 -0.7518611 ;
25 32 0.341043 ;
26 32 0.2724895 ;
27 32 0.9233515 ;
28 32 -0.3323182 ;
29 32 0.0527722 ;
30 32 0.8932345 ;
31 32 0.4310014 ;
0 33 -0.3128864 ;
1 33 -0.1555961 ;
3 33 -0.1778123 ;
4 33 0.08368547 ;
5 33 0.6262751 ;
6 33 0.04859405 ;
9 33 -0.5521833 ;
10 33 0.8829549 ;
11 33 0.5727614 ;
12 33 0.4715847 ;
13 33 -0.2844294 ;
14 33 -0.1157348 ;
16 33 0.5446655 ;
17 33 -0.4408917 ;
18 33 -0.6517454 ;
19 33 -0.9035764 ;
20 33 -0.87642 ;
21 33 -0.5235602 ;
22 33 -0.2373071 ;
23 33 -0.2699639 ;
24 33 0.1869832 ;
25 33 -0.1131668 ;
26 33 -0.7622739 ;
27 33 -0.03491073 ;
29 33 -0.3164194 ;
30 33 0.4125907 ;
31 33 0.5583309 ;
32 33 -0.4741906 ;
0 34 0.8149384 ;
1 34 0.5124046 ;
2 34 0.5923697 ;
4 34 -0.322877 ;
5 34 0.08231285 ;
7 34 0.1725256 ;
8 34 0.2441827 ;
9 34 0.1007857 ;
10 34 -0.1390886 ;
11 34 0.4452165 ;
13 34 0.6264856 ;
14 34 0.1849929 ;
15 34 -0.1467437 ;
16 34 0.1305283 ;
17 34 0.1025559 ;
19 34 0.7678835 ;
20 34 0.7123139 ;
21 34 0.5769255 ;
22 34 -0.5297317 ;
23 34 0.412523 ;
24 34 -0.221974 ;
26 34 0.6239511 ;
27 34 -0.7602634 ;
28 34 -0.4616395 ;
30 34 0.1829383 ;
31 34 0.7392501 ;
32 34 -0.3870707 ;
33 34 -0.3090832 ;
0 35 0.7689642 ;
1 35 -0.9162838 ;
2 35 0.8173475 ;
3 35 -0.1273162 ;
4 35 0.6650137 ;
5 35 -0.3961557 ;
6 35 0.1903131 ;
7 35 0.3940201 ;
8 35 0.2698655 ;
9 35 0.0693145 ;
10 35 0.03437621 ;
11 35 0.6231411 ;
12 35 -0.6762984 ;
16 35 -0.4891459 ;
17 35 -0.7932507 ;
18 35 0.4524097 ;
19 35 -0.8260208 ;
20 35 0.7559701 ;
21 35 0.05605515 ;
22 35 -0.9023943 ;
23 35 0.8159666 ;
24 35 -0.7983484 ;
25 35 0.8401406 ;
26 35 -0.6048627 ;
27 35 0.3998179 ;
28 35 0.0180991 ;
30 35 -0.9666552 ;
31 35 -0.8188318 ;
33 35 -0.7817696 ;
34 35 0.973033 ;
2 36 -0.9239968 ;
3 36 -0.902806 ;
5 36 0.2097955 ;
6 36 -0.3322265 ;
7 36 -0.4315349 ;
8 36 -0.5611233 ;
9 36 0.9203612 ;
10 36 -0.1860209 ;
12 36 -0.141554 ;
13 36 -0.4329895 ;
14 36 0.09598235 ;
18 36 0.1869262 ;
19 36 -0.4383083 ;
21 36 0.8942274 ;
23 36 -0.4309369 ;
24 36 0.5504534 ;
25 36 0.05413281 ;
26 36 -0.9428847 ;
27 36 -0.9207333 ;
28 36 -0.7808827 ;
30 36 0.401061 ;
31 36 0.2364771 ;
33 36 0.5239542 ;
34 36 0.06837177 ;
35 36 0.2067003 ;
0 37 -0.8343184 ;
1 37 -0.7633296 ;
3 37 -0.3884799 ;
5 37 0.04471025 ;
6 37 0.8640663 ;
7 37 -0.4724109 ;
8 37 0.5259028 ;
9 37 0.4692405 ;
10 37 0.8919594 ;
11 37 0.2606331 ;
12 37 -0.9004455 ;
13 37 0.451535 ;
14 37 -0.4741671 ;
15 37 -0.5400585 ;
16 37 -0.3709254 ;
17 37 -0.3985983 ;
18 37 0.9617018 ;
19 37 -0.4735473 ;
20 37 -0.9886431 ;
21 37 0.5994247 ;
23 37 0.3180517 ;
24 37 0.3733715 ;
25 37 -0.6000657 ;
26 37 -0.508816 ;
27 37 -0.9232959 ;
28 37 -0.8874001 ;
29 37 0.06465332 ;
30 37 -0.1709941 ;
32 37 0.780894 ;
33 37 -0.2494216 ;
35 37 -0.2762567 ;
0 38 -0.3088636 ;
1 38 -0.1220057 ;
2 38 0.5346934 ;
3 38 0.6601463 ;
4 38 -0.02760078 ;
5 38 -0.9215684 ;
6 38 -0.7084656 ;
9 38 -0.1695237 ;
10 38 -0.6095281 ;
11 38 -0.1830259 ;
12 38 0.05377024 ;
13 38 0.06868315 ;
14 38 0.8520287 ;
15 38 0.9548274 ;
16 38 -0.2110892 ;
18 38 0.6117236 ;
19 38 -0.8730293 ;
20 38 -0.9612583 ;
22 38 -0.5625174 ;
23 38 -0.2700535 ;
25 38 -0.9020142 ;
26 38 -0.1069407 ;
27 38 -0.9512758 ;
29 38 0.8618614 ;
30 38 0.8439953 ;
31 38 0.05769936 ;
32 38 0.8251961 ;
33 38 0.169643 ;
34 38 0.7922028 ;
35 38 -0.6957919 ;
36 38 0.4548095 ;
37 38 -0.8085277 ;
0 39 0.5247616 ;
1 39 -0.9851111 ;
3 39 0.562882 ;
4 39 -0.1082397 ;
5 39 0.4337538 ;
6 39 0.7583644 ;
7 39 -0.04579882 ;
9 39 0.5208149 ;
10 39 -0.2584926 ;
11 39 0.3960214 ;
13 39 -0.01246218 ;
15 39 -0.4169115 ;
16 39 -0.9067659 ;
19 39 0.5649611 ;
22 39 -0.6416166 ;
23 39 -0.6716567 ;
25 39 0.7186098 ;
26 39 -0.09614281 ;
27 39 -0.08158191 ;
29 39 -0.3243497 ;
32 39 -0.7536117 ;
33 39 -0.5039956 ;
34 39 -0.4925207 ;
35 39 -0.9860098 ;
36 39 -0.03992507 ;
37 39 -0.376657 ;
38 39 0.8472631 ;
0 40 0.7467803 ;
1 40 -0.4470017 ;
2 40 -0.6214122 ;
4 40 0.9031418 ;
5 40 0.8481202 ;
6 40 -0.0952962 ;
7 40 0.1838357 ;
8 40 -0.2780978 ;
9 40 0.4045474 ;
10 40 0.8190244 ;
11 40 -0.2662389 ;
13 40 0.9615689 ;
14 40 -0.05335578 ;
15 40 -0.9965535 ;
16 40 0.1852156 ;
17 40 -0.5420037 ;
18 40 0.2903556 ;
19 40 -0.9591896 ;
21 40 0.4046059 ;
22 40 0.03227568 ;
23 40 0.7574281 ;
24 40 0.307776 ;
25 40 0.2264805 ;
27 40 -0.3562034 ;
28 40 -0.6473576 ;
30 40 0.4678961 ;
31 40 -0.2544417 ;
32 40 0.2658284 ;
33 40 -0.1682817 ;
34 40 -0.2613999 ;
35 40 -0.6894706 ;
37 40 -0.6702183 ;
38 40 -0.2354711 ;
39 40 0.2338702 ;
0 41 0.2196065 ;
2 41 -0.4108541 ;
3 41 0.6578161 ;
7 41 -0.114409 ;
8 41 -0.7378633 ;
9 41 -0.1353269 ;
10 41 0.3341373 ;
11 41 -0.9091947 ;
12 41 0.4529 ;
13 41 -0.9165208 ;
16 41 -0.9971879 ;
17 41 -0.153821 ;
19 41 0.5051236 ;
20 41 0.7654723 ;
21 41 -0.8781395 ;
22 41 -0.7172306 ;
23 41 0.2698507 ;
25 41 0.2618963 ;
26 41 0.2941975 ;
27 41 0.1604295 ;
28 41 0.8067887 ;
29 41 -0.3247837 ;
32 41 0.8859617 ;
33 41 0.4848156 ;
34 41 0.5130222 ;
35 41 -0.3446317 ;
36 41 0.5292993 ;
37 41 0.5918511 ;
38 41 -0.6479959 ;
40 41 -0.2794631 ;
0 42 -0.2652043 ;
2 42 0.5057679 ;
3 42 0.3360107 ;
4 42 -0.828767 ;
5 42 -0.8737724 ;
7 42 0.03764188 ;
8 42 0.6287207 ;
9 42 0.8476821 ;
10 42 0.4143109 ;
11 42 -0.1122026 ;
12 42 0.914833 ;
13 42 -0.5226512 ;
14 42 -0.07114889 ;
15 42 0.2791021 ;
16 42 -0.3054032 ;
18 42 -0.8089978 ;
19 42 0.5117701 ;
21 42 -0.4677187 ;
22 42 -0.5202126 ;
23 42 0.7484024 ;
24 42 -0.712555 ;
25 42 0.7483293 ;
26 42 0.004612836 ;
27 42 -0.7376852 ;
28 42 -0.5989877 ;
29 42 0.7511032 ;
30 42 0.763285 ;
32 42 0.8955021 ;
33 42 0.1752077 ;
34 42 0.9242757 ;
37 42 0.537583 ;
38 42 0.4978406 ;
39 42 -0.9242669 ;
40 42 -0.258387 ;
41 42 -0.246008 ;
0 43 -0.9564546 ;
2 43 0.8500907 ;
3 43 -0.7426498 ;
4 43 -0.4626821 ;
5 43 0.03194494 ;
6 43 -0.8564644 ;
7 43 0.8904178 ;
9 43 -0.3648898 ;
11 43 -0.3807794 ;
13 43 0.5928372 ;
14 43 0.05421292 ;
15 43 0.7221201 ;
16 43 -0.5173378 ;
17 43 -0.4998899 ;
18 43 -0.1861936 ;
19 43 0.2828712 ;
20 43 -0.1935713 ;
22 43 -0.3044274 ;
23 43 0.685752 ;
24 43 -0.1099895 ;
25 43 0.393806 ;
26 43 -0.8839653 ;
28 43 0.4353893 ;
30 43 -0.4766447 ;
31 43 0.9788306 ;
32 43 0.6488623 ;
33 43 -0.3666216 ;
35 43 -0.305985 ;
37 43 0.904621 ;
38 43 0.9891236 ;
42 43 0.9270458 ;
0 44 -0.07850733 ;
2 44 0.6734971 ;
3 44 -0.6936648 ;
4 44 -0.7124102 ;
6 44 -0.7604357 ;
7 44 -0.5584059 ;
8 44 0.2800404 ;
10 44 -0.9950786 ;
11 44 0.8420475 ;
12 44 0.4401106 ;
13 44 0.2065779 ;
15 44 -0.4322314 ;
16 44 -0.8185049 ;
17 44 -0.7489131 ;
18 44 0.1689992 ;
19 44 -0.09943399 ;
21 44 -0.5934689 ;
22 44 0.5024236 ;
23 44 0.8934424 ;
24 44 -0.7827133 ;
25 44 -0.8978435 ;
26 44 0.74678 ;
28 44 -0.5584629 ;
30 44 0.2206062 ;
31 44 0.4691139 ;
33 44 -0.09367558 ;
35 44 0.5370507 ;
37 44 0.004844097 ;
38 44 -0.5341857 ;
39 44 -0.6111856 ;
40 44 -0.1365073 ;
41 44 0.0361928 ;
42 44 0.231538 ;
43 44 0.8302081 ]