n =  50
taille =  977
Mat = [0 1 -0.7818304 ;
0 2 -0.9994887 ;
1 2 0.05213544 ;
0 3 -0.740037 ;
1 3 0.08291761 ;
2 3 0.6218391 ;
0 4 0.9637042 ;
2 4 -0.9382943 ;
3 4 -0.8641009 ;
3 5 0.2273255 ;
0 6 0.02540619 ;
2 6 0.5055985 ;
3 6 -0.2346649 ;
4 6 0.2025008 ;
5 6 0.001529136 ;
0 7 -0.4924812 ;
1 7 -0.1487943 ;
2 7 0.8269904 ;
3 7 0.1432166 ;
4 7 -0.1576784 ;
5 7 0.7352287 ;
1 8 -0.07460368 ;
2 8 0.2993197 ;
4 8 0.6412848 ;
5 8 -0.9375779 ;
6 8 -0.6498103 ;
7 8 -0.2439512 ;
0 9 0.5346349 ;
1 9 0.2325009 ;
4 9 0.2778855 ;
5 9 -0.7721153 ;
6 9 -0.8734901 ;
7 9 0.001199016 ;
8 9 -0.9040588 ;
0 10 0.09116646 ;
1 10 0.5965126 ;
3 10 0.5671176 ;
4 10 -0.8270479 ;
5 10 -0.1071417 ;
6 10 0.2834529 ;
8 10 0.8000453 ;
9 10 -0.8353983 ;
0 11 0.5937093 ;
1 11 0.1761752 ;
2 11 0.8787062 ;
3 11 -0.5784075 ;
4 11 0.3646885 ;
7 11 -0.2557405 ;
8 11 0.3946387 ;
9 11 0.453017 ;
10 11 -0.5056101 ;
0 12 -0.10073 ;
1 12 -0.07104317 ;
2 12 -0.6793108 ;
3 12 -0.8639938 ;
4 12 0.4749793 ;
5 12 -0.7152529 ;
6 12 0.2439092 ;
7 12 0.1164831 ;
8 12 -0.2204387 ;
9 12 0.4234949 ;
11 12 0.3491713 ;
0 13 0.1601988 ;
3 13 -0.8153967 ;
6 13 -0.8496716 ;
10 13 0.1945126 ;
11 13 -0.8529996 ;
0 14 -0.5368107 ;
1 14 0.5200484 ;
2 14 0.8042843 ;
3 14 0.7677684 ;
4 14 -0.132657 ;
5 14 -0.7986469 ;
6 14 -0.6549431 ;
7 14 0.2092633 ;
8 14 -0.5424744 ;
9 14 -0.6721965 ;
10 14 0.1811834 ;
11 14 -0.306487 ;
12 14 -0.007096221 ;
13 14 0.3787071 ;
0 15 -0.0976302 ;
1 15 -0.9633938 ;
2 15 0.3651968 ;
3 15 -0.8942686 ;
4 15 -0.9238312 ;
5 15 0.4568525 ;
8 15 0.9852153 ;
9 15 -0.3584784 ;
10 15 -0.09075578 ;
11 15 0.8325922 ;
12 15 0.1823977 ;
13 15 0.3726626 ;
14 15 0.8002756 ;
0 16 0.8577705 ;
1 16 -0.4514954 ;
2 16 -0.6458 ;
4 16 -0.9021545 ;
6 16 -0.6916015 ;
7 16 0.4866484 ;
9 16 -0.3336991 ;
11 16 0.5805166 ;
12 16 0.03628087 ;
15 16 0.6614334 ;
0 17 -0.6611241 ;
2 17 0.7928873 ;
3 17 0.2505604 ;
4 17 -0.8744105 ;
5 17 0.3924218 ;
6 17 -0.3911614 ;
7 17 0.6879728 ;
8 17 -0.8442683 ;
9 17 -0.8228741 ;
11 17 -0.7597613 ;
12 17 -0.1307623 ;
13 17 -0.5651396 ;
16 17 -0.7562682 ;
0 18 -0.3078527 ;
1 18 0.0659578 ;
2 18 -0.7454026 ;
4 18 -0.8703551 ;
5 18 0.05252843 ;
6 18 0.4071262 ;
7 18 -0.0373076 ;
8 18 -0.3920211 ;
9 18 -0.1108844 ;
11 18 -0.7189592 ;
12 18 0.8915729 ;
13 18 0.8927787 ;
14 18 -0.550818 ;
15 18 0.1325732 ;
16 18 -0.9250821 ;
17 18 0.4729539 ;
0 19 -0.2390075 ;
1 19 0.7066663 ;
2 19 0.704531 ;
5 19 0.5302388 ;
6 19 0.4718814 ;
7 19 -0.5659617 ;
8 19 -0.2544702 ;
9 19 -0.2044459 ;
10 19 0.5376479 ;
11 19 0.8819138 ;
12 19 -0.8872662 ;
13 19 -0.3172636 ;
15 19 -0.2619734 ;
16 19 -0.8740581 ;
18 19 0.761589 ;
0 20 0.6126943 ;
1 20 -0.04671431 ;
2 20 0.2877144 ;
3 20 0.3386398 ;
4 20 0.4942738 ;
5 20 0.8033439 ;
6 20 0.6399776 ;
7 20 0.7519384 ;
8 20 -0.1662658 ;
9 20 0.1821295 ;
10 20 0.6573603 ;
11 20 0.4698087 ;
12 20 -0.7673485 ;
13 20 0.4028002 ;
14 20 -0.06832825 ;
15 20 0.5141055 ;
16 20 0.9482395 ;
18 20 -0.8074589 ;
0 21 0.6414625 ;
1 21 0.7405717 ;
2 21 0.2893425 ;
6 21 0.738654 ;
7 21 -0.9082105 ;
8 21 0.05500208 ;
9 21 -0.5217582 ;
10 21 -0.9686834 ;
12 21 0.3714575 ;
14 21 0.8118841 ;
15 21 0.4982753 ;
16 21 0.3438061 ;
17 21 0.09786741 ;
18 21 -0.07454618 ;
19 21 0.7900348 ;
20 21 0.1046691 ;
1 22 0.6633589 ;
2 22 0.7626339 ;
3 22 -0.6479026 ;
4 22 0.3197264 ;
5 22 -0.5478555 ;
7 22 -0.7556487 ;
8 22 0.3727205 ;
9 22 0.5454677 ;
10 22 -0.4594322 ;
11 22 0.8325571 ;
12 22 0.1309339 ;
13 22 0.5168804 ;
14 22 -0.5435773 ;
16 22 0.9241847 ;
17 22 -0.9530012 ;
20 22 0.4161092 ;
0 23 0.7786776 ;
2 23 -0.2732344 ;
4 23 -0.4673051 ;
5 23 -0.6873613 ;
7 23 -0.9904321 ;
8 23 0.2623531 ;
9 23 -0.6104568 ;
10 23 0.6816508 ;
11 23 -0.3582919 ;
12 23 -0.4959617 ;
14 23 -0.5575412 ;
15 23 -0.9314905 ;
16 23 0.5068789 ;
18 23 0.6363367 ;
20 23 0.7466018 ;
21 23 0.4957675 ;
22 23 -0.1070849 ;
2 24 -0.9918449 ;
3 24 -0.5322788 ;
4 24 0.0490761 ;
5 24 -0.5740192 ;
6 24 -0.2330005 ;
7 24 -0.9797464 ;
8 24 -0.8017871 ;
9 24 -0.4622959 ;
10 24 0.7895993 ;
11 24 0.983493 ;
12 24 0.7476675 ;
13 24 0.238068 ;
14 24 0.7167036 ;
15 24 -0.8560406 ;
16 24 0.2341929 ;
17 24 -0.9196573 ;
18 24 0.1876416 ;
20 24 -0.9282957 ;
21 24 0.1765977 ;
22 24 -0.01942256 ;
23 24 -0.4156604 ;
0 25 -0.5691639 ;
1 25 -0.07770784 ;
3 25 0.2258179 ;
6 25 -0.9481574 ;
8 25 -0.6058682 ;
9 25 0.9063122 ;
10 25 -0.1554905 ;
11 25 -0.799038 ;
12 25 -0.9837204 ;
13 25 0.3102067 ;
14 25 0.336797 ;
15 25 0.758788 ;
16 25 0.604022 ;
17 25 -0.4250916 ;
19 25 0.9457577 ;
20 25 0.1005204 ;
21 25 -0.1051451 ;
22 25 0.181589 ;
23 25 0.5524196 ;
24 25 0.8807338 ;
0 26 0.9489768 ;
1 26 0.7166695 ;
2 26 0.8396049 ;
3 26 -0.8359903 ;
4 26 0.894924 ;
5 26 0.1628238 ;
6 26 -0.425187 ;
8 26 0.03709489 ;
9 26 0.08993957 ;
10 26 -0.9394362 ;
11 26 0.7804805 ;
12 26 0.4213359 ;
13 26 -0.6549249 ;
15 26 0.4405986 ;
16 26 -0.8215626 ;
17 26 0.8906772 ;
18 26 -0.4126198 ;
20 26 -0.1616276 ;
21 26 0.2216715 ;
23 26 -0.9353586 ;
24 26 0.03617635 ;
25 26 0.3783689 ;
0 27 0.2573036 ;
1 27 -0.4763729 ;
2 27 -0.465701 ;
3 27 0.8872694 ;
5 27 -0.8137268 ;
6 27 -0.7938778 ;
7 27 0.3118309 ;
8 27 0.7709504 ;
9 27 0.6277527 ;
10 27 -0.7822675 ;
11 27 -0.9955564 ;
13 27 -0.34673 ;
14 27 -0.9175311 ;
16 27 -0.006579356 ;
17 27 -0.5393816 ;
19 27 0.1653558 ;
20 27 -0.9135545 ;
21 27 -0.07945862 ;
22 27 -0.6831417 ;
23 27 -0.323008 ;
24 27 0.6468653 ;
25 27 0.83715 ;
26 27 0.1167998 ;
0 28 -0.9174433 ;
1 28 0.4203021 ;
2 28 -0.5336637 ;
3 28 -0.8186361 ;
4 28 0.6684387 ;
5 28 -0.9367819 ;
6 28 -0.6565119 ;
7 28 -0.505967 ;
8 28 -0.3914837 ;
9 28 0.9324071 ;
10 28 -0.05973754 ;
11 28 0.2999423 ;
12 28 -0.9515264 ;
13 28 0.7704853 ;
14 28 0.1040168 ;
15 28 -0.3308003 ;
16 28 -0.0171357 ;
17 28 -0.9566372 ;
18 28 -0.634488 ;
20 28 -0.3470261 ;
21 28 0.6732551 ;
22 28 0.1788784 ;
23 28 0.2524112 ;
24 28 -0.6553656 ;
25 28 0.6422881 ;
26 28 0.4767481 ;
0 29 0.5475911 ;
1 29 0.1093754 ;
2 29 0.100061 ;
3 29 0.9295493 ;
5 29 -0.2916583 ;
7 29 -0.3734301 ;
8 29 0.01126849 ;
11 29 0.3580863 ;
14 29 -0.9305852 ;
15 29 -0.2864497 ;
16 29 -0.4564902 ;
17 29 0.7215621 ;
18 29 -0.8037094 ;
19 29 0.5910916 ;
21 29 -0.8647756 ;
23 29 0.3715863 ;
24 29 -0.02416167 ;
25 29 -0.7460842 ;
26 29 0.91548 ;
27 29 0.9201182 ;
0 30 -0.01192026 ;
1 30 0.4663904 ;
2 30 -0.02684599 ;
3 30 0.4538428 ;
6 30 0.0875315 ;
7 30 0.7954912 ;
8 30 0.5800831 ;
9 30 0.5278106 ;
10 30 -0.296714 ;
11 30 -0.3635923 ;
12 30 -0.3763512 ;
13 30 -0.1663901 ;
14 30 -0.6954976 ;
15 30 0.03912032 ;
17 30 -0.8448076 ;
18 30 0.8445736 ;
19 30 -0.6132044 ;
20 30 -0.6505331 ;
22 30 -0.9818292 ;
23 30 -0.665278 ;
25 30 -0.6191382 ;
26 30 0.7596936 ;
27 30 -0.3047396 ;
28 30 0.6193326 ;
0 31 0.5499626 ;
1 31 -0.09343292 ;
2 31 0.1426207 ;
4 31 -0.6126944 ;
5 31 -0.3984745 ;
6 31 0.101208 ;
7 31 -0.4648073 ;
8 31 -0.4818756 ;
9 31 -0.1108872 ;
10 31 0.831722 ;
12 31 0.8441095 ;
13 31 0.4625508 ;
15 31 0.8596795 ;
16 31 0.2776704 ;
17 31 0.573526 ;
18 31 0.9953166 ;
19 31 0.8401024 ;
20 31 -0.7263734 ;
21 31 0.5801974 ;
22 31 -0.7978178 ;
23 31 -0.0003173244 ;
24 31 -0.4589394 ;
25 31 0.7872258 ;
26 31 -0.9292875 ;
27 31 -0.4056685 ;
28 31 -0.3431006 ;
29 31 0.01903412 ;
30 31 -0.2972445 ;
3 32 0.4289835 ;
4 32 -0.9289097 ;
5 32 -0.1074098 ;
6 32 0.8946252 ;
7 32 0.7233302 ;
9 32 0.9107829 ;
10 32 -0.2832304 ;
11 32 -0.03599611 ;
13 32 -0.1089078 ;
14 32 -0.2796502 ;
15 32 -0.8140335 ;
16 32 -0.02285512 ;
17 32 -0.6464369 ;
18 32 -0.1626018 ;
19 32 0.9527242 ;
20 32 0.9562897 ;
21 32 0.910233 ;
23 32 0.4736404 ;
24 32 0.4517249 ;
26 32 -0.4575497 ;
28 32 -0.5219496 ;
30 32 0.6437867 ;
31 32 0.1049395 ;
0 33 -0.2701548 ;
1 33 -0.8900733 ;
2 33 0.6011512 ;
3 33 -0.3579442 ;
4 33 -0.05849488 ;
5 33 -0.2401099 ;
6 33 0.06079945 ;
8 33 -0.9488047 ;
9 33 -0.983376 ;
10 33 0.483572 ;
11 33 0.9758222 ;
12 33 -0.3222348 ;
14 33 0.4198208 ;
16 33 0.5085055 ;
17 33 0.2557114 ;
18 33 0.6943191 ;
19 33 -0.9371967 ;
20 33 0.9309282 ;
21 33 -0.496539 ;
22 33 0.007938112 ;
23 33 0.7078855 ;
24 33 -0.1990395 ;
25 33 0.507057 ;
26 33 -0.6137557 ;
28 33 -0.2832201 ;
29 33 -0.6008544 ;
30 33 0.6976276 ;
31 33 0.2114963 ;
32 33 0.04161937 ;
0 34 -0.9831826 ;
1 34 0.3827879 ;
2 34 0.9317749 ;
3 34 -0.2060775 ;
4 34 0.713492 ;
5 34 -0.5075473 ;
6 34 0.02332352 ;
7 34 0.5542506 ;
8 34 0.5090509 ;
9 34 0.5369576 ;
10 34 0.625127 ;
11 34 0.6776954 ;
12 34 -0.6459627 ;
13 34 0.2610605 ;
15 34 -0.06309868 ;
16 34 -0.8728997 ;
18 34 0.4194954 ;
19 34 -0.05448058 ;
20 34 -0.3246857 ;
22 34 -0.2031289 ;
23 34 0.4936286 ;
24 34 -0.5631644 ;
25 34 0.5932455 ;
26 34 -0.9402388 ;
27 34 -0.7438197 ;
28 34 0.1553909 ;
29 34 -0.5797204 ;
30 34 -0.5333854 ;
33 34 -0.03705876 ;
0 35 0.8661186 ;
1 35 -0.5717019 ;
3 35 0.08016499 ;
4 35 0.4721471 ;
6 35 0.7421483 ;
7 35 0.8807162 ;
8 35 0.9848287 ;
9 35 0.2608063 ;
10 35 0.3563544 ;
11 35 0.6926047 ;
13 35 0.918315 ;
14 35 0.2939253 ;
15 35 -0.2004325 ;
16 35 -0.2613486 ;
17 35 0.3043571 ;
18 35 0.7494485 ;
19 35 0.2184367 ;
20 35 0.3688977 ;
21 35 0.7349189 ;
22 35 -0.3610222 ;
23 35 0.5399559 ;
24 35 -0.07935864 ;
26 35 -0.4610645 ;
27 35 -0.3660593 ;
28 35 -0.247151 ;
29 35 0.06957989 ;
30 35 0.6353874 ;
31 35 0.5753345 ;
32 35 0.4975632 ;
33 35 0.1671882 ;
34 35 0.387805 ;
0 36 -0.2642953 ;
2 36 -0.7994255 ;
3 36 0.3293099 ;
4 36 0.4276754 ;
5 36 0.3427892 ;
6 36 -0.7656621 ;
7 36 0.2873598 ;
8 36 -0.06827098 ;
9 36 0.4217313 ;
10 36 -0.5680368 ;
11 36 0.6316698 ;
13 36 0.09968564 ;
14 36 -0.4116566 ;
15 36 -0.1305378 ;
17 36 0.2751904 ;
18 36 0.07101013 ;
22 36 0.7855549 ;
24 36 -0.84526 ;
25 36 -0.7427978 ;
26 36 -0.7602319 ;
28 36 -0.7026826 ;
29 36 -0.5800569 ;
30 36 -0.423025 ;
31 36 -0.41326 ;
32 36 0.518067 ;
33 36 0.6191233 ;
34 36 -0.01145167 ;
35 36 -0.4717052 ;
0 37 -0.965507 ;
1 37 -0.6807968 ;
2 37 -0.5915977 ;
4 37 0.1330584 ;
5 37 0.2690442 ;
7 37 -0.6447801 ;
10 37 -0.3612906 ;
11 37 0.7820282 ;
13 37 -0.8138726 ;
14 37 0.3228805 ;
15 37 0.6128905 ;
16 37 0.73939 ;
17 37 -0.7492581 ;
19 37 -0.6070365 ;
20 37 0.5862749 ;
21 37 0.2533284 ;
23 37 -0.6991218 ;
24 37 -0.6880082 ;
25 37 0.8033563 ;
26 37 0.4221838 ;
28 37 -0.6877649 ;
29 37 0.3512442 ;
30 37 -0.8053574 ;
31 37 0.1312851 ;
32 37 0.8178992 ;
33 37 0.8785577 ;
34 37 -0.9028259 ;
36 37 -0.508806 ;
0 38 -0.7124815 ;
1 38 -0.5078919 ;
2 38 0.2362285 ;
5 38 0.682144 ;
6 38 0.8155601 ;
8 38 -0.4078151 ;
9 38 0.217278 ;
10 38 0.4023373 ;
12 38 0.5723076 ;
13 38 0.5188998 ;
14 38 0.4244776 ;
16 38 0.3199164 ;
17 38 0.8117675 ;
18 38 0.8511539 ;
19 38 -0.04021672 ;
20 38 -0.1263413 ;
21 38 0.5373887 ;
22 38 -0.4259041 ;
23 38 -0.8445594 ;
26 38 0.1694839 ;
27 38 -0.08078145 ;
28 38 0.8507183 ;
29 38 0.327255 ;
30 38 0.3295304 ;
32 38 -0.2476719 ;
33 38 -0.1428234 ;
34 38 0.0358275 ;
35 38 0.2120714 ;
36 38 -0.2848133 ;
37 38 -0.5640968 ;
0 39 -0.3866563 ;
1 39 -0.3846184 ;
2 39 0.3335814 ;
3 39 -0.08005399 ;
4 39 -0.6911962 ;
7 39 -0.7722104 ;
8 39 0.07083645 ;
9 39 -0.937328 ;
10 39 0.08280793 ;
12 39 0.4215122 ;
13 39 -0.9110009 ;
15 39 -0.5685255 ;
16 39 0.02089545 ;
18 39 -0.1039191 ;
19 39 0.6771051 ;
20 39 -0.4965325 ;
21 39 0.3389002 ;
22 39 -0.01079328 ;
23 39 -0.1324942 ;
24 39 0.4158699 ;
27 39 0.3889185 ;
29 39 -0.4148286 ;
31 39 0.6967759 ;
32 39 -0.2986526 ;
33 39 0.9720865 ;
34 39 -0.04406477 ;
35 39 -0.8497466 ;
36 39 -0.6221103 ;
37 39 0.1068982 ;
38 39 0.7418689 ;
0 40 -0.487108 ;
2 40 -0.1970778 ;
3 40 0.6989092 ;
4 40 0.1188932 ;
5 40 0.02809919 ;
7 40 0.1249105 ;
8 40 -0.6350995 ;
10 40 -0.4909885 ;
12 40 0.8841882 ;
13 40 -0.6242068 ;
14 40 -0.7979312 ;
16 40 -0.8851452 ;
17 40 0.8315959 ;
18 40 0.06451438 ;
20 40 0.69127 ;
21 40 -0.6773552 ;
22 40 0.9804713 ;
23 40 0.7057111 ;
24 40 0.2651976 ;
25 40 0.7854904 ;
26 40 0.7226159 ;
27 40 0.6253524 ;
28 40 -0.2350301 ;
29 40 -0.2736167 ;
30 40 0.7719311 ;
32 40 -0.1776164 ;
33 40 0.1505523 ;
34 40 0.8778878 ;
35 40 0.6903307 ;
36 40 -0.5451606 ;
0 41 0.5854363 ;
1 41 -0.8125213 ;
2 41 0.3548093 ;
3 41 0.4187104 ;
4 41 0.4543456 ;
5 41 -0.3817542 ;
6 41 0.8944887 ;
7 41 -0.7644742 ;
8 41 -0.0776149 ;
9 41 -0.5126383 ;
10 41 0.9586563 ;
11 41 0.2169451 ;
14 41 0.6524432 ;
15 41 0.2902793 ;
16 41 -0.6778067 ;
18 41 -0.2707934 ;
20 41 0.4690613 ;
22 41 -0.02267811 ;
23 41 0.3252063 ;
24 41 -0.7105793 ;
25 41 0.1092434 ;
26 41 -0.1044976 ;
27 41 0.2656401 ;
28 41 0.5145942 ;
29 41 0.9057933 ;
30 41 0.2865861 ;
31 41 0.8948536 ;
32 41 0.6266195 ;
33 41 -0.7809267 ;
35 41 0.6992101 ;
36 41 0.9762574 ;
37 41 0.6586265 ;
39 41 -0.1863069 ;
40 41 0.3466266 ;
0 42 0.6802706 ;
1 42 0.9117103 ;
2 42 0.2418987 ;
4 42 -0.0909134 ;
5 42 0.06270695 ;
7 42 0.6370795 ;
8 42 0.6859757 ;
9 42 0.6510398 ;
11 42 -0.004651644 ;
12 42 0.8532313 ;
13 42 0.8946199 ;
14 42 0.850504 ;
15 42 -0.8021902 ;
16 42 0.6502375 ;
18 42 -0.3862845 ;
19 42 -0.2092493 ;
20 42 -0.2048027 ;
21 42 -0.7366448 ;
22 42 0.338598 ;
24 42 -0.3444021 ;
25 42 0.2168079 ;
26 42 -0.1829628 ;
27 42 -0.9429217 ;
28 42 -0.432006 ;
29 42 0.979434 ;
30 42 -0.08903913 ;
32 42 0.01576024 ;
33 42 0.3153993 ;
35 42 0.03091111 ;
36 42 0.2189656 ;
38 42 -0.2521054 ;
39 42 0.5208219 ;
40 42 -0.4783392 ;
41 42 -0.637576 ;
0 43 0.7475342 ;
1 43 -0.1049235 ;
2 43 0.3322765 ;
3 43 0.9146525 ;
4 43 -0.8747886 ;
5 43 -0.8311354 ;
8 43 -0.832826 ;
9 43 -0.8765963 ;
10 43 0.6961079 ;
11 43 0.479791 ;
12 43 0.9475253 ;
13 43 -0.6048099 ;
16 43 0.8027169 ;
17 43 -0.07789247 ;
19 43 0.934065 ;
20 43 0.03948437 ;
21 43 0.9595253 ;
24 43 0.5269069 ;
26 43 0.7264368 ;
29 43 -0.04559044 ;
30 43 -0.5986785 ;
31 43 0.4235227 ;
33 43 0.193757 ;
34 43 -0.1900385 ;
36 43 0.8911355 ;
38 43 -0.9947193 ;
40 43 0.5999754 ;
41 43 0.5492691 ;
42 43 -0.2134392 ;
0 44 0.8714998 ;
1 44 -0.02425807 ;
2 44 0.9966051 ;
4 44 0.6273008 ;
6 44 -0.305164 ;
7 44 -0.09678556 ;
8 44 -0.1694211 ;
9 44 -0.09257754 ;
10 44 0.1266185 ;
12 44 -0.2539704 ;
13 44 -0.6601617 ;
15 44 0.09157075 ;
18 44 -0.717875 ;
19 44 -0.9878415 ;
20 44 0.4064559 ;
21 44 0.3253189 ;
22 44 -0.8206046 ;
23 44 0.02935909 ;
24 44 0.3662577 ;
26 44 0.02268043 ;
28 44 0.7425005 ;
29 44 -0.7299183 ;
30 44 0.6560875 ;
31 44 0.1946854 ;
32 44 0.8935084 ;
33 44 0.3342044 ;
34 44 0.04389011 ;
35 44 0.4260496 ;
37 44 -0.0516261 ;
38 44 -0.6260469 ;
39 44 0.7665884 ;
40 44 -0.5291036 ;
41 44 0.1964089 ;
42 44 -0.5316421 ;
43 44 -0.8358146 ;
0 45 -0.3419127 ;
1 45 0.5427058 ;
2 45 -0.7999134 ;
3 45 -0.8938672 ;
5 45 -0.5033996 ;
6 45 0.2833523 ;
8 45 0.7978019 ;
9 45 0.1613629 ;
10 45 -0.2294199 ;
11 45 0.190788 ;
12 45 0.74233 ;
13 45 0.7210305 ;
14 45 0.3482541 ;
15 45 0.1840284 ;
16 45 0.5161402 ;
17 45 -0.7395275 ;
19 45 -0.6061547 ;
20 45 -0.9817771 ;
21 45 -0.9624419 ;
23 45 -0.8445988 ;
24 45 -0.259198 ;
25 45 -0.6864714 ;
26 45 0.4890184 ;
28 45 -0.6032987 ;
29 45 -0.353673 ;
31 45 -0.0252328 ;
32 45 -0.9979193 ;
33 45 0.04684243 ;
36 45 -0.1902243 ;
37 45 0.7321938 ;
38 45 0.1165357 ;
40 45 0.4858583 ;
41 45 -0.646151 ;
42 45 0.2289641 ;
43 45 0.9657262 ;
44 45 0.5950857 ;
0 46 0.7399465 ;
1 46 0.4414682 ;
2 46 -0.9825769 ;
3 46 -0.3648718 ;
5 46 0.8211728 ;
6 46 -0.8876225 ;
8 46 -0.4673097 ;
9 46 0.2637106 ;
10 46 0.4626559 ;
11 46 0.05488867 ;
12 46 0.2867044 ;
13 46 -0.5314644 ;
14 46 -0.8435539 ;
15 46 0.2700688 ;
16 46 -0.4437406 ;
18 46 0.5817986 ;
19 46 -0.7120768 ;
20 46 0.5829601 ;
21 46 -0.4693708 ;
22 46 -0.2671851 ;
24 46 -0.2950116 ;
26 46 -0.7433708 ;
28 46 -0.5965431 ;
29 46 0.4041569 ;
30 46 0.8757816 ;
31 46 -0.5361555 ;
32 46 0.9463206 ;
35 46 0.7886213 ;
36 46 0.7575256 ;
37 46 0.2558694 ;
38 46 0.26408 ;
39 46 -0.7788634 ;
41 46 -0.25217 ;
42 46 -0.3024814 ;
43 46 -0.8967043 ;
44 46 -0.4688769 ;
45 46 -0.8935978 ;
0 47 -0.9989414 ;
1 47 -0.6607952 ;
2 47 0.2470615 ;
5 47 -0.317408 ;
6 47 0.4081317 ;
7 47 -0.7013908 ;
9 47 -0.1878173 ;
10 47 -0.7029473 ;
11 47 0.05784564 ;
12 47 0.03427757 ;
14 47 -0.8309104 ;
15 47 -0.9935384 ;
16 47 -0.074731 ;
17 47 -0.2496229 ;
18 47 -0.6594363 ;
20 47 0.5788883 ;
22 47 0.6960882 ;
24 47 -0.4766597 ;
25 47 -0.9595691 ;
26 47 -0.4250574 ;
29 47 -0.144173 ;
30 47 0.316424 ;
31 47 0.8921661 ;
32 47 0.9882281 ;
33 47 -0.08330827 ;
34 47 -0.3685081 ;
37 47 0.1752713 ;
38 47 0.9568102 ;
39 47 0.9723732 ;
40 47 -0.6998316 ;
41 47 -0.3675031 ;
43 47 0.503251 ;
44 47 0.1818869 ;
45 47 -0.9343966 ;
46 47 0.1847183 ;
0 48 -0.09633758 ;
1 48 0.9938421 ;
3 48 0.1035181 ;
4 48 -0.3884931 ;
5 48 0.5310426 ;
6 48 -0.82204 ;
7 48 -0.5263358 ;
8 48 0.6774596 ;
9 48 -0.2322833 ;
10 48 0.7366831 ;
11 48 -0.1431796 ;
13 48 0.05531221 ;
15 48 0.5670555 ;
16 48 0.7024707 ;
17 48 0.4692306 ;
19 48 -0.9371702 ;
20 48 -0.6051942 ;
21 48 0.6843416 ;
22 48 0.8389728 ;
23 48 -0.5300841 ;
24 48 0.6226307 ;
25 48 0.2899083 ;
26 48 0.4834948 ;
27 48 -0.7276331 ;
29 48 -0.02012416 ;
30 48 -0.5795104 ;
31 48 0.678218 ;
32 48 -0.9064784 ;
33 48 -0.6717912 ;
34 48 -0.1727332 ;
36 48 0.6586814 ;
37 48 0.158902 ;
38 48 -0.7043117 ;
39 48 -0.6200963 ;
40 48 -0.5615526 ;
41 48 0.7512907 ;
42 48 0.9552368 ;
43 48 0.1604246 ;
45 48 -0.5828106 ;
47 48 -0.4776683 ;
0 49 0.3115459 ;
1 49 0.6011295 ;
2 49 0.4458591 ;
3 49 -0.8774805 ;
4 49 -0.2630535 ;
5 49 -0.8630235 ;
6 49 0.9207398 ;
7 49 -0.9978717 ;
8 49 0.615854 ;
9 49 -0.5091639 ;
10 49 0.6345658 ;
11 49 0.6642876 ;
12 49 0.8642007 ;
13 49 0.1306378 ;
14 49 -0.9410373 ;
16 49 0.6706827 ;
17 49 0.725916 ;
18 49 0.6310679 ;
19 49 0.6491783 ;
21 49 -0.838946 ;
22 49 -0.8960987 ;
23 49 -0.05038879 ;
24 49 0.7425252 ;
25 49 0.9758582 ;
26 49 -0.2854372 ;
27 49 0.2863387 ;
30 49 0.6620907 ;
31 49 0.2221706 ;
32 49 -0.1653856 ;
33 49 0.06766551 ;
34 49 0.502069 ;
37 49 0.2064846 ;
39 49 -0.5928174 ;
40 49 0.6570639 ;
41 49 0.8228276 ;
42 49 0.8321991 ;
43 49 -0.5369998 ;
46 49 -0.6708589 ;
47 49 0.6311863 ;
48 49 -0.2816112 ]