n =  35
taille =  320
Mat = [0 1 -0.7502745 ;
0 2 -0.5151919 ;
1 2 -0.2210816 ;
1 3 0.3955381 ;
2 3 -0.7043381 ;
0 4 0.03134338 ;
2 4 -0.3857256 ;
0 5 -0.9406888 ;
1 5 -0.08344107 ;
3 5 0.718359 ;
4 5 -0.9511076 ;
2 6 0.5040724 ;
5 6 0.5558423 ;
0 7 -0.2753678 ;
1 7 0.2938874 ;
2 7 -0.1038947 ;
3 7 -0.04496761 ;
2 8 -0.3002602 ;
3 8 0.7333512 ;
7 8 -0.0594833 ;
0 9 -0.44236 ;
2 9 0.3794166 ;
3 9 -0.8222721 ;
4 9 -0.8598928 ;
5 9 -0.2901399 ;
6 9 -0.6455078 ;
7 9 0.7915075 ;
8 9 0.2209306 ;
1 10 -0.4926015 ;
4 10 0.9070137 ;
6 10 -0.996102 ;
1 11 -0.8439516 ;
2 11 -0.6181173 ;
3 11 -0.6492312 ;
6 11 -0.2119452 ;
7 11 -0.9314791 ;
10 11 0.904484 ;
0 12 -0.239387 ;
1 12 -0.4375835 ;
2 12 0.2364837 ;
4 12 -0.7927518 ;
6 12 0.62004 ;
7 12 -0.3023887 ;
9 12 0.8047845 ;
11 12 -0.3869099 ;
1 13 -0.1595812 ;
2 13 0.9728322 ;
3 13 0.8055848 ;
6 13 -0.3815303 ;
7 13 0.4186887 ;
8 13 0.5251373 ;
9 13 0.01381837 ;
11 13 0.3705786 ;
12 13 0.04961385 ;
1 14 0.3907754 ;
3 14 -0.9746512 ;
4 14 -0.7447363 ;
8 14 -0.5812188 ;
10 14 0.843678 ;
11 14 -0.6099654 ;
12 14 0.6732088 ;
13 14 0.4967177 ;
1 15 0.2662995 ;
2 15 -0.2189699 ;
3 15 0.6774173 ;
6 15 -0.503733 ;
8 15 -0.220025 ;
11 15 0.4064978 ;
12 15 -0.6361558 ;
13 15 -0.2995252 ;
14 15 0.7059999 ;
1 16 -0.06371386 ;
6 16 0.9789072 ;
8 16 -0.05874625 ;
10 16 0.5120749 ;
12 16 -0.876584 ;
15 16 0.006218676 ;
1 17 0.646744 ;
10 17 -0.1000641 ;
11 17 0.6868811 ;
12 17 -0.2740648 ;
13 17 -0.06933137 ;
0 18 0.6324364 ;
1 18 -0.8751874 ;
3 18 0.1207579 ;
7 18 -0.6555784 ;
8 18 0.5606655 ;
10 18 -0.7706672 ;
11 18 -0.5882161 ;
12 18 -0.01944168 ;
13 18 -0.09812271 ;
15 18 -0.8173308 ;
17 18 0.5719723 ;
5 19 -0.8334571 ;
7 19 -0.3050699 ;
8 19 0.5192672 ;
12 19 -0.05662287 ;
14 19 0.03492277 ;
18 19 -0.5200969 ;
1 20 0.4762491 ;
3 20 0.4262718 ;
4 20 -0.5990358 ;
5 20 -0.8989041 ;
6 20 -0.3965998 ;
7 20 -0.6765792 ;
8 20 0.9700741 ;
9 20 0.4580938 ;
10 20 0.4179748 ;
11 20 0.1632474 ;
15 20 0.879012 ;
16 20 -0.5024675 ;
17 20 0.09381773 ;
19 20 -0.08419623 ;
2 21 0.9345687 ;
3 21 0.4147548 ;
5 21 -0.1110128 ;
6 21 -0.5355113 ;
14 21 0.3176071 ;
17 21 -0.9985108 ;
19 21 -0.2557432 ;
20 21 -0.4536697 ;
0 22 0.543621 ;
1 22 0.2835067 ;
2 22 -0.3486404 ;
4 22 -0.4370948 ;
5 22 -0.1459012 ;
8 22 0.004832461 ;
9 22 0.1160223 ;
10 22 -0.3072293 ;
16 22 -0.669141 ;
18 22 0.19866 ;
19 22 0.476465 ;
20 22 0.2039719 ;
0 23 0.4687662 ;
3 23 -0.2003827 ;
5 23 -0.6751745 ;
6 23 -0.5394281 ;
9 23 -0.420464 ;
10 23 -0.4323979 ;
15 23 -0.08991407 ;
16 23 -0.0810316 ;
17 23 0.5658546 ;
20 23 0.001487642 ;
0 24 0.9200715 ;
2 24 -0.7040772 ;
6 24 0.9275734 ;
9 24 0.6129352 ;
10 24 -0.2918378 ;
11 24 0.04252671 ;
13 24 -0.5862286 ;
16 24 0.5129937 ;
18 24 -0.1355398 ;
19 24 -0.0289158 ;
22 24 0.8945506 ;
2 25 -0.5100684 ;
4 25 -0.6003861 ;
5 25 0.4210678 ;
6 25 0.08381028 ;
11 25 0.2332712 ;
12 25 -0.3380115 ;
14 25 0.8826102 ;
16 25 -0.4393538 ;
17 25 -0.3320247 ;
19 25 0.8870238 ;
21 25 0.9434196 ;
23 25 0.3717459 ;
1 26 -0.9232374 ;
3 26 0.4299351 ;
5 26 -0.3789141 ;
6 26 0.6354942 ;
8 26 -0.02290428 ;
10 26 -0.1692041 ;
11 26 0.7840539 ;
12 26 0.491725 ;
15 26 0.3817186 ;
16 26 -0.1507338 ;
20 26 0.5037609 ;
21 26 -0.9975274 ;
0 27 -0.6089471 ;
1 27 -0.1735304 ;
3 27 -0.5716322 ;
5 27 0.5487248 ;
6 27 0.7715545 ;
7 27 -0.7530713 ;
8 27 0.9693133 ;
10 27 0.9136608 ;
11 27 -0.6078352 ;
13 27 0.2808264 ;
15 27 -0.2708872 ;
16 27 0.2187563 ;
17 27 -0.113031 ;
19 27 -0.4335706 ;
23 27 -0.5910633 ;
26 27 -0.423517 ;
2 28 -0.7357005 ;
3 28 -0.1023066 ;
4 28 0.8454855 ;
9 28 0.7877122 ;
11 28 -0.5591681 ;
12 28 0.07261455 ;
14 28 -0.5020128 ;
16 28 -0.1551049 ;
17 28 -0.4733618 ;
18 28 0.7556242 ;
19 28 0.2243034 ;
20 28 0.08094472 ;
22 28 0.7019027 ;
24 28 -0.03151655 ;
25 28 -0.2343274 ;
27 28 0.7779476 ;
1 29 0.3397851 ;
2 29 -0.5831475 ;
3 29 0.375283 ;
4 29 0.5127927 ;
6 29 -0.9996782 ;
7 29 -0.04856222 ;
8 29 0.9034417 ;
9 29 -0.0119095 ;
10 29 0.1471669 ;
11 29 -0.4122925 ;
13 29 -0.3923894 ;
14 29 -0.7062007 ;
15 29 0.1541451 ;
16 29 -0.1638656 ;
17 29 -0.7044884 ;
20 29 -0.4251288 ;
23 29 0.4630303 ;
24 29 -0.7998922 ;
25 29 0.5570435 ;
27 29 -0.8240327 ;
4 30 -0.8576729 ;
5 30 -0.02579085 ;
6 30 -0.2720822 ;
9 30 -0.8774765 ;
11 30 0.1080735 ;
12 30 -0.3039987 ;
13 30 0.6265285 ;
14 30 0.3071971 ;
17 30 0.7128063 ;
18 30 0.4282044 ;
20 30 0.7988973 ;
22 30 -0.4508173 ;
23 30 -0.4829446 ;
24 30 0.7566674 ;
25 30 -0.4263102 ;
26 30 0.840254 ;
28 30 -0.5625518 ;
29 30 -0.9963556 ;
0 31 -0.7911742 ;
2 31 -0.3344719 ;
3 31 -0.7436934 ;
5 31 -0.5400442 ;
6 31 0.3322401 ;
7 31 0.7023174 ;
9 31 -0.4318455 ;
10 31 -0.797375 ;
15 31 0.4652825 ;
16 31 -0.002993414 ;
18 31 0.631855 ;
19 31 0.6244617 ;
20 31 -0.7939713 ;
21 31 0.6671409 ;
22 31 0.158096 ;
25 31 0.6172597 ;
26 31 0.514393 ;
27 31 0.5527415 ;
29 31 0.1766592 ;
30 31 0.5509234 ;
0 32 0.1111382 ;
8 32 -0.2259446 ;
11 32 -0.8665014 ;
13 32 -0.3260045 ;
14 32 -0.1876567 ;
15 32 0.858896 ;
16 32 -0.7130759 ;
17 32 -0.3542601 ;
18 32 0.07988241 ;
22 32 0.9403047 ;
26 32 0.08022106 ;
27 32 0.1171667 ;
28 32 0.7004037 ;
29 32 -0.1834017 ;
0 33 0.9149935 ;
2 33 -0.6408796 ;
4 33 -0.4477811 ;
6 33 0.1517572 ;
7 33 -0.9002597 ;
8 33 -0.3365844 ;
10 33 0.8951838 ;
11 33 0.528227 ;
12 33 -0.3258538 ;
14 33 0.875092 ;
16 33 -0.9903039 ;
19 33 -0.1258433 ;
20 33 -0.01236799 ;
22 33 -0.7789223 ;
24 33 0.1143809 ;
25 33 -0.6232015 ;
26 33 -0.3567815 ;
31 33 -0.4263533 ;
0 34 -0.7409942 ;
2 34 0.304359 ;
8 34 0.9705917 ;
9 34 -0.7983796 ;
11 34 -0.6749191 ;
14 34 0.6047769 ;
15 34 0.9106523 ;
16 34 0.1241493 ;
17 34 -0.3015882 ;
18 34 -0.7365671 ;
19 34 -0.496341 ;
20 34 0.8594106 ;
21 34 -0.8257442 ;
22 34 -0.5071443 ;
23 34 -0.05154477 ;
24 34 -0.2252678 ;
25 34 0.9881621 ;
27 34 -0.258978 ;
32 34 0.4007628 ;
33 34 0.6765909 ]