n =  40
taille =  383
Mat = [0 1 0.4076942 ;
0 3 0.3658706 ;
1 3 -0.2959146 ;
1 4 -0.6430903 ;
2 4 0.9677175 ;
2 5 0.7935614 ;
3 5 -0.7240982 ;
4 5 -0.2827596 ;
3 6 -0.3885838 ;
4 6 0.2373004 ;
5 6 -0.1123913 ;
1 7 0.9785392 ;
2 7 0.7750164 ;
3 7 0.8724169 ;
4 7 0.06464844 ;
6 7 -0.7552369 ;
2 8 -0.5961667 ;
3 8 0.1931653 ;
6 8 -0.917054 ;
0 9 -0.9908792 ;
3 9 -0.6919604 ;
5 9 0.05952675 ;
1 10 -0.2140834 ;
2 10 0.07895901 ;
3 10 0.06228041 ;
4 10 -0.9323721 ;
7 10 -0.2459947 ;
8 10 0.8260416 ;
9 10 0.2762462 ;
0 11 -0.1745434 ;
2 11 0.8011443 ;
3 11 -0.8600505 ;
8 11 -0.3394118 ;
0 12 -0.8053378 ;
1 12 -0.1623804 ;
2 12 0.2544578 ;
3 12 0.2626746 ;
9 12 -0.1165847 ;
0 13 -0.517965 ;
2 13 -0.9188403 ;
5 13 0.3832503 ;
6 13 0.5116172 ;
11 13 0.604859 ;
12 13 -0.8201533 ;
0 14 0.3007288 ;
6 14 0.0317403 ;
7 14 -0.7580335 ;
9 14 0.4467923 ;
11 14 0.6620108 ;
13 14 0.3093479 ;
0 15 0.1061375 ;
1 15 0.3574427 ;
5 15 -0.4699826 ;
8 15 -0.1056058 ;
9 15 0.8138425 ;
11 15 0.01618926 ;
12 15 -0.9054956 ;
14 15 0.4050198 ;
0 16 -0.4842291 ;
3 16 -0.5479458 ;
6 16 0.2792794 ;
7 16 0.7931962 ;
9 16 0.7273206 ;
11 16 -0.8710547 ;
12 16 -0.07960758 ;
15 16 0.4554159 ;
1 17 -0.9038199 ;
2 17 0.6085819 ;
6 17 0.9037428 ;
7 17 0.3919546 ;
10 17 0.585528 ;
11 17 0.002139197 ;
14 17 0.9762041 ;
2 18 -0.4198716 ;
13 18 0.5096324 ;
2 19 0.5784851 ;
4 19 -0.2668465 ;
7 19 -0.1267177 ;
8 19 0.8719344 ;
9 19 -0.3478638 ;
11 19 -0.4827684 ;
13 19 -0.620278 ;
14 19 -0.7900891 ;
16 19 0.8583941 ;
17 19 -0.5271308 ;
0 20 -0.1875584 ;
3 20 -0.7619247 ;
9 20 -0.1968413 ;
10 20 -0.8356519 ;
11 20 -0.589351 ;
13 20 -0.2611318 ;
14 20 -0.6855188 ;
16 20 0.8247095 ;
17 20 -0.9115227 ;
19 20 0.07920416 ;
0 21 0.7945288 ;
1 21 0.4635899 ;
2 21 0.7590834 ;
6 21 -0.1277297 ;
10 21 -0.865459 ;
12 21 0.4027089 ;
16 21 -0.8446345 ;
19 21 0.9511181 ;
20 21 0.7332001 ;
4 22 -0.01521977 ;
6 22 -0.8659226 ;
11 22 0.6011579 ;
15 22 0.5190356 ;
16 22 0.6385588 ;
17 22 0.1026016 ;
18 22 0.2594579 ;
19 22 0.2473971 ;
0 23 0.731057 ;
2 23 -0.5004022 ;
3 23 0.8733175 ;
4 23 -0.7556473 ;
5 23 -0.08024746 ;
6 23 0.2535311 ;
8 23 -0.2490672 ;
10 23 0.4763682 ;
12 23 0.4567363 ;
13 23 0.1649926 ;
14 23 0.3459814 ;
15 23 0.480674 ;
17 23 0.5825568 ;
20 23 -0.1511526 ;
21 23 0.02783346 ;
22 23 -0.9360545 ;
0 24 0.144322 ;
1 24 0.5261174 ;
2 24 0.183072 ;
3 24 -0.2225737 ;
4 24 0.08473924 ;
5 24 0.6181936 ;
6 24 -0.04523071 ;
10 24 -0.1856362 ;
12 24 0.9120765 ;
13 24 0.2716623 ;
14 24 -0.5563386 ;
18 24 0.04554812 ;
21 24 -0.4110985 ;
0 25 0.7553986 ;
2 25 -0.4704501 ;
3 25 -0.7530721 ;
7 25 -0.4423385 ;
8 25 0.7100782 ;
10 25 0.02915712 ;
11 25 0.3144217 ;
17 25 -0.1058776 ;
18 25 0.8350498 ;
19 25 0.5542583 ;
20 25 -0.921696 ;
21 25 0.7093501 ;
22 25 0.8801163 ;
23 25 0.8256153 ;
24 25 0.0430331 ;
0 26 0.3787761 ;
3 26 0.3057539 ;
4 26 -0.1488009 ;
6 26 -0.0009871982 ;
7 26 -0.06254568 ;
10 26 -0.4932085 ;
13 26 0.3901069 ;
18 26 -0.884549 ;
19 26 0.1330108 ;
21 26 0.07312382 ;
22 26 0.1271663 ;
24 26 -0.05707641 ;
0 27 -0.03129151 ;
1 27 0.48241 ;
3 27 0.9209645 ;
8 27 0.7865172 ;
10 27 0.6666015 ;
11 27 0.7299899 ;
14 27 -0.6686237 ;
15 27 0.720664 ;
18 27 0.8824407 ;
19 27 0.6602527 ;
20 27 -0.007955762 ;
22 27 0.6155096 ;
23 27 0.2068008 ;
25 27 -0.2197371 ;
26 27 0.1140109 ;
0 28 -0.2015113 ;
4 28 -0.1143946 ;
5 28 -0.3356485 ;
6 28 0.1862724 ;
7 28 0.6244936 ;
10 28 0.8347769 ;
11 28 -0.9640423 ;
12 28 -0.3646123 ;
14 28 -0.3531817 ;
17 28 -0.7280371 ;
20 28 -0.9901576 ;
21 28 0.2650775 ;
23 28 -0.8635302 ;
25 28 0.2031023 ;
27 28 -0.4030605 ;
0 29 -0.2957199 ;
1 29 0.7870388 ;
2 29 0.5817137 ;
4 29 0.8369421 ;
7 29 0.02542367 ;
8 29 -0.6699791 ;
9 29 -0.7684606 ;
10 29 0.5686419 ;
11 29 -0.6727385 ;
13 29 -0.6615842 ;
14 29 -0.2290503 ;
15 29 -0.2854719 ;
17 29 0.7286424 ;
19 29 0.1279952 ;
21 29 0.4624988 ;
24 29 -0.8272148 ;
25 29 0.08462464 ;
28 29 -0.9662308 ;
0 30 -0.09404749 ;
2 30 0.4615089 ;
3 30 0.3067733 ;
5 30 -0.1479916 ;
6 30 -0.6353573 ;
7 30 -0.4406845 ;
9 30 0.9939806 ;
11 30 0.2706585 ;
13 30 0.7235852 ;
14 30 0.2635624 ;
16 30 -0.7465922 ;
19 30 -0.1554813 ;
22 30 0.3315637 ;
24 30 0.817867 ;
28 30 0.915795 ;
29 30 0.8164165 ;
0 31 -0.2965578 ;
7 31 -0.2228725 ;
8 31 -0.9736696 ;
9 31 -0.03442716 ;
10 31 0.3074121 ;
12 31 0.4976755 ;
14 31 -0.3160641 ;
15 31 -0.5924179 ;
16 31 0.9403093 ;
21 31 0.834132 ;
22 31 -0.5993118 ;
23 31 0.5832024 ;
25 31 -0.6761301 ;
27 31 -0.8860464 ;
30 31 0.03221538 ;
0 32 -0.8368478 ;
3 32 -0.05987315 ;
5 32 -0.4755386 ;
7 32 0.39399 ;
9 32 0.4817166 ;
13 32 0.6613243 ;
14 32 0.8542682 ;
16 32 -0.9112647 ;
18 32 0.9516626 ;
19 32 -0.01358484 ;
20 32 0.7765581 ;
24 32 0.6119636 ;
27 32 -0.1499181 ;
29 32 -0.9697432 ;
30 32 -0.4642597 ;
31 32 0.03144576 ;
1 33 -0.9090459 ;
2 33 0.221651 ;
3 33 -0.7033559 ;
6 33 0.8011589 ;
7 33 -0.1871751 ;
8 33 0.4587713 ;
9 33 -0.2677041 ;
13 33 0.3110921 ;
14 33 -0.3304976 ;
17 33 0.213913 ;
18 33 -0.9504187 ;
19 33 -0.1351812 ;
20 33 -0.5294007 ;
22 33 0.5860892 ;
23 33 0.309845 ;
25 33 0.7505539 ;
27 33 -0.8229349 ;
28 33 0.7617281 ;
29 33 -0.2245946 ;
31 33 0.2443608 ;
0 34 0.3676361 ;
1 34 -0.7431594 ;
2 34 -0.8518287 ;
3 34 0.1911549 ;
5 34 0.09366486 ;
6 34 0.4346907 ;
7 34 0.5897466 ;
8 34 -0.3858964 ;
9 34 -0.9707472 ;
10 34 -0.2919801 ;
12 34 -0.1497497 ;
13 34 -0.1357665 ;
16 34 0.7373985 ;
17 34 -0.4311715 ;
20 34 0.7977081 ;
22 34 0.2525609 ;
25 34 0.7483448 ;
26 34 0.9222706 ;
33 34 0.5390102 ;
0 35 0.5902667 ;
1 35 -0.09791987 ;
4 35 -0.4734837 ;
7 35 -0.9433599 ;
8 35 -0.5640546 ;
9 35 0.05847804 ;
10 35 0.9493729 ;
12 35 -0.307701 ;
13 35 0.08470137 ;
19 35 0.6016607 ;
23 35 0.1601051 ;
25 35 0.5018877 ;
26 35 -0.7230249 ;
27 35 -0.6401767 ;
30 35 -0.2167209 ;
32 35 -0.5336156 ;
33 35 0.756608 ;
34 35 -0.406026 ;
0 36 0.4073426 ;
1 36 -0.8409084 ;
2 36 -0.9793186 ;
3 36 0.8537779 ;
4 36 -0.8754711 ;
5 36 0.4914574 ;
10 36 -0.7019503 ;
13 36 0.5326475 ;
14 36 -0.5070074 ;
16 36 0.3976326 ;
20 36 0.4579173 ;
25 36 0.7693107 ;
26 36 -0.2129592 ;
27 36 -0.3456633 ;
29 36 -0.822259 ;
33 36 0.7095459 ;
35 36 -0.332553 ;
1 37 0.1833911 ;
4 37 -0.3340627 ;
6 37 0.976048 ;
7 37 0.06118551 ;
9 37 -0.6400479 ;
10 37 0.9868902 ;
13 37 -0.5361456 ;
18 37 0.4242392 ;
19 37 -0.7340782 ;
20 37 0.5694779 ;
25 37 0.6714759 ;
28 37 -0.08057888 ;
29 37 0.6154211 ;
32 37 -0.9419723 ;
33 37 -0.3029864 ;
1 38 -0.9259906 ;
5 38 -0.3892349 ;
11 38 -0.1443803 ;
12 38 0.5553541 ;
14 38 -0.3543562 ;
15 38 0.8330493 ;
16 38 0.6090979 ;
17 38 -0.2401449 ;
18 38 0.2836093 ;
19 38 0.3868514 ;
29 38 -0.57178 ;
31 38 -0.3382842 ;
32 38 -0.2527646 ;
34 38 0.8024539 ;
0 39 -0.04071057 ;
1 39 0.1488675 ;
5 39 0.9017102 ;
7 39 0.1784683 ;
9 39 0.8464982 ;
11 39 0.6170399 ;
13 39 0.5222342 ;
14 39 0.2407181 ;
16 39 0.6215892 ;
17 39 -0.00510457 ;
19 39 -0.7210547 ;
20 39 0.8107634 ;
25 39 0.1546195 ;
27 39 -0.7695127 ;
28 39 -0.3124388 ;
35 39 0.01987294 ;
36 39 -0.9654083 ]