n =  45
taille =  208
Mat = [1 4 -0.8257963 ;
2 4 -0.8178945 ;
0 6 0.8193273 ;
5 6 -0.1840569 ;
3 7 -0.9932705 ;
4 7 -0.7141387 ;
1 8 -0.9542947 ;
6 8 0.4284704 ;
5 9 -0.8510788 ;
8 9 -0.129288 ;
3 11 -0.2979438 ;
7 11 0.6665642 ;
10 11 -0.2125466 ;
0 12 0.3807423 ;
1 12 -0.2151462 ;
6 12 -0.2436132 ;
10 12 0.7074616 ;
1 14 0.8741861 ;
5 14 0.1296396 ;
6 14 0.5672802 ;
7 14 -0.4836246 ;
8 14 0.6743329 ;
11 14 0.4091512 ;
13 14 0.8418549 ;
2 15 0.848843 ;
14 15 0.731302 ;
0 16 0.6672251 ;
1 16 0.1353155 ;
2 16 -0.4124953 ;
13 16 -0.354395 ;
0 17 -0.824559 ;
1 17 -0.9155385 ;
5 17 0.5416401 ;
6 17 0.7353485 ;
12 17 -0.1177441 ;
14 17 -0.2035405 ;
16 17 -0.9558897 ;
3 18 -0.8693304 ;
7 18 0.6958711 ;
12 18 0.2344273 ;
15 18 -0.4637635 ;
17 18 0.661619 ;
0 19 -0.6428677 ;
3 19 -0.4632347 ;
6 20 -0.5245918 ;
11 20 -0.8278326 ;
14 20 0.5659258 ;
1 21 0.5222033 ;
6 21 0.5918651 ;
8 21 -0.7680811 ;
10 21 -0.820456 ;
13 21 -0.2239024 ;
14 21 -0.5400098 ;
1 22 0.8237255 ;
7 22 -0.5575756 ;
20 22 -0.7371855 ;
4 23 0.1663979 ;
5 23 0.3558547 ;
19 23 0.3506471 ;
9 24 0.0876141 ;
13 24 -0.9029595 ;
22 24 -0.8932599 ;
23 24 0.8865825 ;
1 25 -0.5777326 ;
6 25 0.3447076 ;
23 25 -0.2127686 ;
1 26 0.5525956 ;
16 26 0.1695268 ;
19 26 -0.2728438 ;
23 26 -0.2559248 ;
3 27 -0.9902302 ;
5 27 0.2652913 ;
13 27 -0.3751013 ;
16 27 -0.3744857 ;
19 27 0.3396727 ;
2 28 0.8032062 ;
5 28 -0.641173 ;
6 28 0.07533258 ;
7 28 0.1887992 ;
15 28 0.1640905 ;
16 28 0.02671494 ;
19 28 -0.8806256 ;
20 28 0.6877747 ;
24 28 -0.9361815 ;
1 29 -0.4296054 ;
2 29 0.9686015 ;
5 29 0.7945441 ;
12 29 0.216015 ;
18 29 0.9354001 ;
27 29 0.216129 ;
0 30 0.4698046 ;
1 30 0.9363365 ;
6 30 -0.6651441 ;
13 30 0.1359353 ;
22 30 0.159662 ;
25 30 0.2060238 ;
26 30 -0.3440603 ;
0 31 -0.7996178 ;
13 31 -0.3137588 ;
28 31 0.7818924 ;
1 32 0.6970913 ;
2 32 0.2803644 ;
8 32 -0.2888618 ;
12 32 -0.4075073 ;
18 32 0.7093944 ;
19 32 0.8507047 ;
23 32 0.2078122 ;
25 32 -0.07171131 ;
2 33 -0.3835619 ;
3 33 -0.139016 ;
4 33 -0.1889157 ;
5 33 0.6255771 ;
6 33 -0.6512738 ;
10 33 0.2934237 ;
26 33 -0.02725362 ;
1 34 -0.1384296 ;
8 34 -0.989749 ;
11 34 -0.2161333 ;
15 34 0.02882584 ;
18 34 -0.6690498 ;
19 34 0.2917198 ;
20 34 -0.9059789 ;
21 34 0.6892642 ;
25 34 0.3563358 ;
7 35 -0.09778167 ;
11 35 -0.2584958 ;
17 35 0.6131391 ;
19 35 0.2511106 ;
26 35 -0.0856205 ;
32 35 0.3184674 ;
0 36 -0.894395 ;
7 36 0.5850564 ;
13 36 -0.424392 ;
18 36 -0.6880042 ;
21 36 -0.3403462 ;
26 36 0.4462732 ;
28 36 0.8428963 ;
1 37 0.941246 ;
14 37 -0.6662335 ;
20 37 0.04984196 ;
23 37 -0.7930178 ;
31 37 0.1665604 ;
32 37 -0.08103835 ;
35 37 -0.4545895 ;
0 38 0.786972 ;
4 38 -0.6895779 ;
6 38 0.3859079 ;
10 38 0.8143995 ;
17 38 0.9641941 ;
23 38 -0.1891909 ;
25 38 0.8611181 ;
31 38 -0.9617343 ;
35 38 -0.3511514 ;
5 39 0.01249709 ;
9 39 0.2254266 ;
10 39 -0.03168358 ;
12 39 -0.4711588 ;
16 39 0.65035 ;
18 39 0.6051705 ;
19 39 0.1788935 ;
23 39 -0.7049728 ;
25 39 -0.7663224 ;
27 39 0.8494837 ;
31 39 -0.4921563 ;
35 39 0.7600469 ;
36 39 0.07300152 ;
2 40 -0.4197396 ;
5 40 -0.5774588 ;
6 40 0.4370558 ;
11 40 0.5899509 ;
15 40 -0.8173081 ;
23 40 -0.7303303 ;
25 40 -0.4036447 ;
10 41 0.5854022 ;
12 41 0.07226156 ;
13 41 0.4724854 ;
19 41 -0.1912704 ;
24 41 -0.09238242 ;
35 41 0.673475 ;
38 41 0.02924144 ;
4 42 -0.009140262 ;
6 42 -0.9116884 ;
8 42 -0.4589855 ;
18 42 0.8114988 ;
27 42 0.4641787 ;
30 42 -0.6840904 ;
32 42 -0.2576219 ;
34 42 -0.569873 ;
1 43 -0.7289181 ;
2 43 -0.5030702 ;
5 43 -0.6421769 ;
6 43 0.5800397 ;
7 43 0.6569263 ;
11 43 0.3073742 ;
18 43 -0.1284806 ;
21 43 -0.3160943 ;
27 43 -0.2335523 ;
30 43 -0.02290529 ;
0 44 -0.4757247 ;
2 44 0.6414138 ;
4 44 0.3699251 ;
8 44 0.5734334 ;
9 44 -0.04369547 ;
14 44 -0.3490726 ;
21 44 -0.854272 ;
22 44 -0.1066264 ;
36 44 -0.2766709 ;
38 44 0.9600883 ]