n =  30
taille =  223
Mat = [1 3 -0.3210363 ;
1 4 -0.1382494 ;
2 4 0.1451988 ;
3 4 -0.455181 ;
0 5 -0.813051 ;
1 5 -0.1696739 ;
2 5 0.7317544 ;
3 5 -0.4745111 ;
0 6 0.6584734 ;
2 6 0.01142607 ;
4 6 0.8655235 ;
5 6 -0.1716752 ;
0 8 -0.0106328 ;
1 8 -0.9942468 ;
3 8 -0.3035751 ;
6 8 0.1598777 ;
0 9 -0.5989259 ;
1 9 0.1248811 ;
2 9 0.08747711 ;
5 9 0.1135424 ;
6 9 0.2886128 ;
8 9 0.6879222 ;
0 10 0.3732368 ;
1 10 0.3576371 ;
5 10 0.6726767 ;
6 10 -0.4364362 ;
0 11 -0.6527957 ;
1 11 -0.6408307 ;
5 11 0.4631215 ;
6 11 -0.5281405 ;
8 11 -0.3344093 ;
9 11 0.7207157 ;
10 11 -0.1741403 ;
0 12 0.3170433 ;
1 12 0.4749654 ;
4 12 0.6163832 ;
6 12 0.1017498 ;
7 12 0.628004 ;
8 12 -0.4480932 ;
9 12 0.2336297 ;
11 12 0.7536333 ;
1 13 0.7175884 ;
3 13 -0.4296097 ;
4 13 0.8550048 ;
6 13 -0.8972576 ;
2 14 -0.4677677 ;
3 14 -0.9923138 ;
4 14 0.7116152 ;
6 14 -0.06644127 ;
7 14 0.872064 ;
8 14 0.9802313 ;
10 14 -0.675477 ;
11 14 -0.02032006 ;
12 14 -0.5590397 ;
3 15 -0.666675 ;
4 15 -0.6686591 ;
5 15 0.9990363 ;
9 15 0.6388229 ;
12 15 -0.8184735 ;
14 15 -0.7583586 ;
0 16 0.261972 ;
4 16 0.06401611 ;
6 16 -0.6415395 ;
12 16 0.9605248 ;
13 16 0.2764729 ;
14 16 -0.324297 ;
0 17 -0.2473535 ;
2 17 -0.04291103 ;
4 17 0.296476 ;
9 17 -0.3189428 ;
14 17 0.7997028 ;
0 18 -0.09511511 ;
1 18 0.2225073 ;
3 18 0.9697463 ;
7 18 -0.2232883 ;
9 18 0.5720765 ;
12 18 0.2373299 ;
16 18 -0.03348327 ;
17 18 0.3270168 ;
0 19 -0.8639376 ;
2 19 -0.4313365 ;
3 19 -0.07156169 ;
5 19 0.5551698 ;
6 19 0.3221389 ;
8 19 -0.1855562 ;
9 19 0.9416274 ;
10 19 -0.4787319 ;
11 19 0.8964339 ;
12 19 -0.7395211 ;
13 19 -0.2984735 ;
14 19 0.1664892 ;
16 19 -0.8868832 ;
17 19 -0.5518828 ;
18 19 0.4901626 ;
0 20 0.9776146 ;
1 20 -0.7438008 ;
2 20 -0.06073298 ;
4 20 -0.1887901 ;
7 20 0.1457591 ;
8 20 -0.1840328 ;
9 20 -0.04924041 ;
12 20 0.7392206 ;
13 20 -0.01702575 ;
17 20 0.4478452 ;
18 20 0.7238393 ;
19 20 -0.9738105 ;
2 21 0.2211987 ;
3 21 0.2635669 ;
6 21 -0.8680061 ;
8 21 0.4134082 ;
10 21 -0.7448643 ;
12 21 -0.2540404 ;
13 21 -0.1750128 ;
16 21 0.4030782 ;
20 21 -0.2016744 ;
0 22 -0.4565945 ;
2 22 -0.4271377 ;
3 22 0.2414233 ;
6 22 -0.7161126 ;
7 22 -0.6932527 ;
8 22 0.2452384 ;
9 22 0.8509718 ;
10 22 -0.2424168 ;
11 22 0.2995334 ;
17 22 0.2681816 ;
18 22 0.5018066 ;
21 22 0.8468305 ;
0 23 0.3222878 ;
1 23 -0.2554438 ;
2 23 0.3218944 ;
3 23 0.5947277 ;
4 23 -0.6289457 ;
6 23 -0.5719291 ;
7 23 0.7984672 ;
11 23 -0.9953185 ;
12 23 -0.02655529 ;
15 23 -0.1217933 ;
17 23 0.7100731 ;
20 23 0.03559807 ;
0 24 0.4069086 ;
1 24 -0.8170981 ;
5 24 -0.1463309 ;
9 24 -0.3947867 ;
11 24 -0.8231913 ;
13 24 0.4850203 ;
14 24 -0.6972677 ;
15 24 -0.5182793 ;
19 24 0.9364056 ;
21 24 -0.305832 ;
22 24 -0.7572413 ;
23 24 -0.6425084 ;
0 25 -0.197597 ;
1 25 -0.3823566 ;
4 25 0.1133802 ;
6 25 -0.5294591 ;
7 25 0.1475594 ;
8 25 0.9519839 ;
10 25 -0.768566 ;
13 25 -0.8990134 ;
15 25 0.9139089 ;
17 25 -0.6160433 ;
19 25 -0.2738908 ;
21 25 -0.3519719 ;
22 25 0.6251864 ;
23 25 -0.2249857 ;
0 26 0.7216471 ;
2 26 -0.9302984 ;
3 26 -0.07794365 ;
5 26 -0.4468271 ;
8 26 -0.5888462 ;
9 26 -0.5379916 ;
10 26 -0.01935436 ;
11 26 0.1823707 ;
12 26 0.732721 ;
14 26 0.7689292 ;
15 26 -0.0838287 ;
16 26 -0.6228063 ;
17 26 -0.256539 ;
19 26 0.6547659 ;
20 26 0.9921134 ;
22 26 -0.1492597 ;
23 26 0.3227919 ;
25 26 -0.8149189 ;
1 27 0.8839767 ;
2 27 -0.1003026 ;
3 27 0.9315076 ;
7 27 -0.208599 ;
8 27 -0.853795 ;
10 27 -0.05298186 ;
11 27 -0.6748704 ;
13 27 0.2138431 ;
14 27 -0.2738027 ;
17 27 0.7677309 ;
18 27 -0.9292511 ;
19 27 0.04112919 ;
20 27 0.9925163 ;
21 27 0.6230639 ;
22 27 0.7549177 ;
23 27 0.3973214 ;
24 27 0.05726482 ;
0 28 0.8655008 ;
1 28 -0.9590112 ;
2 28 0.8874519 ;
4 28 -0.366858 ;
5 28 0.1076999 ;
8 28 -0.7276798 ;
9 28 -0.2324119 ;
10 28 0.5657809 ;
16 28 -0.5785818 ;
19 28 -0.735576 ;
24 28 0.1796241 ;
0 29 0.7478852 ;
1 29 0.342979 ;
4 29 0.5155347 ;
8 29 0.7451683 ;
9 29 -0.2148154 ;
13 29 0.1295518 ;
14 29 -0.8222999 ;
16 29 0.7051734 ;
17 29 -0.7280919 ;
23 29 -0.5126158 ;
25 29 0.9285946 ;
27 29 0.6210957 ]