n =  45
taille =  503
Mat = [0 2 0.3569871 ;
1 2 -0.4903961 ;
1 3 -0.1183299 ;
2 3 0.6637817 ;
0 4 0.8863418 ;
2 4 0.3808824 ;
3 4 -0.08729174 ;
0 6 -0.2213626 ;
1 6 0.3507213 ;
2 6 -0.285322 ;
3 6 0.5096072 ;
4 6 -0.1387049 ;
5 6 -0.7648606 ;
0 7 -0.9720706 ;
1 7 -0.26581 ;
3 7 0.08498086 ;
4 7 0.3179211 ;
5 7 -0.1279965 ;
6 7 -0.05569413 ;
0 8 0.3539193 ;
2 8 0.7599289 ;
3 8 0.1640207 ;
4 8 -0.09984513 ;
6 8 -0.1780522 ;
0 9 -0.8531162 ;
1 9 -0.158316 ;
2 9 -0.9915467 ;
4 9 -0.6415669 ;
5 9 0.2011115 ;
6 9 -0.2838397 ;
0 10 -0.2239619 ;
2 10 0.169319 ;
3 10 0.5915763 ;
4 10 -0.6560478 ;
9 10 -0.2895915 ;
0 11 -0.4191324 ;
2 11 -0.4674922 ;
6 11 -0.7435286 ;
8 11 0.832139 ;
10 11 -0.6526536 ;
1 12 0.01526937 ;
3 12 0.4607802 ;
4 12 -0.06382267 ;
5 12 -0.2090126 ;
8 12 0.2205453 ;
9 12 0.265067 ;
4 13 0.6174105 ;
5 13 -0.3356371 ;
6 13 -0.08119486 ;
7 13 0.04225867 ;
9 13 0.8323237 ;
10 13 0.5496085 ;
11 13 -0.3026519 ;
0 14 0.4257911 ;
1 14 0.6874853 ;
2 14 0.5119094 ;
3 14 0.07146124 ;
4 14 -0.922012 ;
6 14 0.7045704 ;
7 14 0.3302916 ;
10 14 -0.5171756 ;
12 14 0.2397137 ;
2 15 0.00248443 ;
3 15 -0.614375 ;
4 15 -0.3344887 ;
5 15 0.9287934 ;
7 15 -0.4467648 ;
9 15 0.07043347 ;
10 15 0.5372278 ;
0 16 0.03726703 ;
1 16 -0.160689 ;
2 16 0.1191938 ;
8 16 0.5889287 ;
11 16 -0.06729005 ;
13 16 -0.3979225 ;
14 16 -0.8918762 ;
15 16 -0.4738327 ;
0 17 0.8459241 ;
2 17 -0.8601931 ;
6 17 -0.9510856 ;
8 17 0.1984779 ;
9 17 -0.2141219 ;
14 17 0.8999121 ;
15 17 0.4644518 ;
16 17 -0.4347161 ;
1 18 -0.4912054 ;
5 18 0.4767807 ;
6 18 0.4002159 ;
8 18 0.2712338 ;
16 18 0.7482378 ;
3 19 0.7912241 ;
5 19 0.4399191 ;
8 19 -0.8867814 ;
10 19 0.6970172 ;
13 19 -0.5614742 ;
15 19 0.4799523 ;
17 19 0.4959328 ;
0 20 -0.5351724 ;
1 20 0.8233225 ;
2 20 -0.2425992 ;
3 20 0.7223341 ;
4 20 0.06555743 ;
5 20 0.5387094 ;
6 20 -0.7575651 ;
7 20 0.7869426 ;
8 20 0.3900302 ;
10 20 -0.92825 ;
11 20 -0.9949208 ;
12 20 0.8348173 ;
15 20 0.6828674 ;
17 20 0.02591692 ;
4 21 0.1675808 ;
6 21 -0.806819 ;
9 21 0.8878673 ;
11 21 -0.9069148 ;
13 21 0.03340202 ;
14 21 0.8291857 ;
15 21 0.01451875 ;
16 21 -0.7328846 ;
17 21 -0.4690047 ;
20 21 -0.9254003 ;
0 22 0.3490139 ;
1 22 0.546271 ;
2 22 -0.4719425 ;
4 22 0.5547638 ;
5 22 0.8078558 ;
7 22 -0.922214 ;
10 22 -0.4973667 ;
11 22 0.03055685 ;
12 22 0.7804225 ;
14 22 -0.985443 ;
15 22 0.5108201 ;
18 22 0.4073783 ;
20 22 -0.6499226 ;
21 22 0.4966295 ;
1 23 0.7275886 ;
4 23 0.7697059 ;
5 23 -0.121944 ;
7 23 -0.145633 ;
8 23 -0.6391728 ;
9 23 0.568984 ;
11 23 0.1052694 ;
12 23 0.8653986 ;
14 23 0.6230598 ;
15 23 -0.8147545 ;
16 23 0.05755033 ;
17 23 0.6555725 ;
18 23 0.5204738 ;
19 23 0.6318901 ;
21 23 -0.7927175 ;
1 24 -0.6487828 ;
4 24 -0.5787361 ;
6 24 0.5840507 ;
13 24 0.07444355 ;
17 24 0.1224428 ;
18 24 -0.644035 ;
20 24 -0.5703118 ;
22 24 -0.1064515 ;
23 24 -0.2576897 ;
0 25 -0.1500164 ;
3 25 0.9631314 ;
7 25 0.8423689 ;
8 25 -0.9733819 ;
9 25 0.7028927 ;
10 25 0.4602062 ;
11 25 -0.1812544 ;
13 25 0.6204473 ;
14 25 -0.3212635 ;
15 25 -0.1562968 ;
16 25 -0.2009453 ;
17 25 -0.07117875 ;
18 25 0.8501065 ;
19 25 -0.09289607 ;
20 25 0.5231391 ;
21 25 -0.2806561 ;
22 25 0.7279553 ;
23 25 0.4749742 ;
1 26 0.1973525 ;
4 26 -0.3760301 ;
6 26 -0.8529716 ;
7 26 -0.4169677 ;
8 26 0.6880976 ;
10 26 -0.1402501 ;
14 26 -0.2111736 ;
15 26 0.9369982 ;
16 26 0.734132 ;
20 26 -0.424614 ;
21 26 0.7150154 ;
24 26 0.9714754 ;
0 27 -0.01711692 ;
2 27 -0.4158399 ;
3 27 -0.7807212 ;
5 27 0.8879533 ;
8 27 0.6057377 ;
9 27 0.4172404 ;
12 27 0.5908014 ;
13 27 0.2974626 ;
14 27 -0.7648531 ;
15 27 0.7236144 ;
18 27 -0.7782048 ;
20 27 -0.4471635 ;
26 27 -0.09909285 ;
5 28 -0.3893952 ;
6 28 -0.0380687 ;
10 28 -0.6771036 ;
14 28 0.1190476 ;
16 28 0.1923217 ;
18 28 0.5504378 ;
20 28 0.9134585 ;
21 28 -0.2568852 ;
23 28 -0.3654948 ;
0 29 0.9284204 ;
2 29 0.008929493 ;
3 29 0.2775143 ;
4 29 -0.6082993 ;
5 29 0.9611619 ;
6 29 0.07278135 ;
9 29 0.4824939 ;
13 29 0.66032 ;
14 29 0.7173456 ;
17 29 0.2839558 ;
18 29 -0.6470924 ;
20 29 0.5208945 ;
21 29 0.6324423 ;
22 29 0.01941738 ;
25 29 -0.6418117 ;
26 29 -0.4771833 ;
28 29 0.161103 ;
3 30 0.2494798 ;
4 30 0.4628399 ;
5 30 0.5303727 ;
6 30 0.5952464 ;
8 30 0.2646213 ;
10 30 0.3757074 ;
11 30 -0.9656811 ;
13 30 0.09041104 ;
15 30 0.03731199 ;
16 30 0.5467323 ;
17 30 0.3351286 ;
20 30 -0.232147 ;
21 30 -0.03775981 ;
23 30 0.0006455597 ;
26 30 0.9318146 ;
27 30 -0.9867679 ;
29 30 -0.1893189 ;
0 31 0.7541478 ;
1 31 -0.7442596 ;
2 31 0.2552636 ;
3 31 -0.6328688 ;
6 31 -0.8921265 ;
8 31 0.6810678 ;
9 31 -0.6480269 ;
13 31 0.9099817 ;
14 31 -0.4612157 ;
15 31 -0.2876793 ;
16 31 -0.2830351 ;
17 31 -0.4012837 ;
18 31 0.4656574 ;
19 31 0.7772067 ;
20 31 -0.4676567 ;
22 31 0.1249502 ;
24 31 -0.5119935 ;
26 31 0.700081 ;
27 31 -0.4228652 ;
28 31 -0.2628356 ;
29 31 -0.1246211 ;
1 32 -0.9102221 ;
3 32 -0.4882433 ;
7 32 0.2490819 ;
9 32 0.01205791 ;
10 32 -0.5915433 ;
13 32 0.5206654 ;
14 32 -0.1042109 ;
15 32 -0.6499341 ;
17 32 0.1780446 ;
18 32 0.8072704 ;
19 32 0.2098776 ;
21 32 0.08740849 ;
23 32 -0.6118544 ;
25 32 0.7582215 ;
27 32 -0.7698545 ;
28 32 0.5153181 ;
31 32 -0.3389335 ;
0 33 -0.339628 ;
3 33 0.06640016 ;
5 33 -0.8955041 ;
6 33 -0.2669729 ;
9 33 -0.9356899 ;
10 33 -0.8079427 ;
12 33 0.5024309 ;
13 33 0.6758543 ;
14 33 0.3677491 ;
17 33 -0.5016229 ;
18 33 0.3520121 ;
19 33 0.8109698 ;
24 33 0.7277461 ;
25 33 0.2135491 ;
27 33 0.4630129 ;
29 33 -0.5593767 ;
30 33 -0.05509295 ;
31 33 -0.9525408 ;
32 33 0.6832723 ;
5 34 -0.08308836 ;
9 34 0.1665992 ;
10 34 0.7783277 ;
11 34 0.07107274 ;
16 34 -0.8961604 ;
18 34 0.5237254 ;
21 34 -0.1333928 ;
22 34 -0.1243009 ;
24 34 -0.8266851 ;
25 34 -0.2973907 ;
27 34 -0.8325778 ;
28 34 -0.4339504 ;
32 34 0.4965307 ;
33 34 -0.9356079 ;
0 35 -0.723859 ;
2 35 0.6466676 ;
4 35 0.6991149 ;
8 35 0.1136126 ;
9 35 -0.8503963 ;
10 35 -0.6204829 ;
15 35 -0.2572026 ;
16 35 0.8254677 ;
17 35 -0.2546551 ;
20 35 -0.268783 ;
25 35 0.7976672 ;
29 35 -0.4109469 ;
30 35 -0.2238236 ;
31 35 0.1809367 ;
2 36 -0.8609153 ;
8 36 -0.2739232 ;
11 36 0.4482993 ;
13 36 -0.5996692 ;
15 36 0.9567885 ;
16 36 0.8987932 ;
19 36 0.9832404 ;
20 36 -0.1114077 ;
21 36 0.6704231 ;
23 36 -0.6605071 ;
25 36 -0.6243777 ;
27 36 0.9772322 ;
28 36 0.8218471 ;
30 36 -0.4302381 ;
32 36 -0.6001159 ;
34 36 0.328876 ;
1 37 0.7208945 ;
2 37 -0.9680505 ;
3 37 -0.2378482 ;
5 37 -0.359932 ;
7 37 0.7105787 ;
9 37 -0.2213013 ;
10 37 -0.1640422 ;
12 37 -0.3869783 ;
13 37 -0.1859728 ;
16 37 0.8063162 ;
19 37 -0.9868689 ;
20 37 0.8494135 ;
21 37 0.8854747 ;
22 37 0.523815 ;
23 37 0.6690216 ;
28 37 -0.1464143 ;
32 37 -0.9894847 ;
34 37 -0.09564624 ;
35 37 0.1685603 ;
36 37 0.5734817 ;
2 38 0.196206 ;
4 38 0.9474293 ;
6 38 0.05854026 ;
7 38 0.2468299 ;
9 38 0.2427344 ;
11 38 0.3839663 ;
14 38 0.6486193 ;
15 38 0.9087757 ;
17 38 -0.4701304 ;
18 38 -0.9034182 ;
22 38 -0.7867141 ;
24 38 0.8204217 ;
26 38 -0.06616302 ;
27 38 0.9895518 ;
28 38 -0.1457186 ;
30 38 -0.9809913 ;
31 38 -0.8588939 ;
35 38 0.5130322 ;
0 39 0.5663128 ;
1 39 -0.8429212 ;
3 39 -0.1453307 ;
7 39 -0.9679988 ;
11 39 0.7182912 ;
13 39 -0.3871219 ;
14 39 0.6318563 ;
15 39 -0.1244243 ;
17 39 -0.8852864 ;
18 39 0.3061098 ;
19 39 0.7959942 ;
20 39 -0.9031329 ;
22 39 -0.4972528 ;
24 39 -0.2809545 ;
26 39 -0.9003005 ;
27 39 0.4245003 ;
32 39 0.6042062 ;
33 39 -0.3282503 ;
36 39 0.5266908 ;
37 39 -0.440179 ;
0 40 0.3493559 ;
1 40 0.3326378 ;
3 40 -0.2870815 ;
4 40 -0.9839645 ;
5 40 0.2799829 ;
7 40 0.4817353 ;
9 40 0.3305735 ;
13 40 -0.3564572 ;
14 40 -0.1871997 ;
15 40 -0.06072727 ;
17 40 0.5631144 ;
18 40 -0.3300587 ;
19 40 -0.7644855 ;
24 40 -0.2036139 ;
25 40 -0.288455 ;
26 40 0.8128506 ;
28 40 -0.6067658 ;
29 40 0.1401871 ;
33 40 -0.4565316 ;
37 40 -0.6804163 ;
39 40 -0.3392009 ;
0 41 0.0204331 ;
1 41 -0.9031948 ;
3 41 0.5121313 ;
12 41 -0.9707065 ;
14 41 0.8841367 ;
15 41 -0.7589268 ;
17 41 0.9022931 ;
18 41 -0.2426604 ;
19 41 0.7073656 ;
21 41 -0.4537304 ;
22 41 0.5333598 ;
23 41 0.3364999 ;
26 41 -0.3691917 ;
27 41 -0.2241788 ;
29 41 -0.9987833 ;
32 41 -0.9017475 ;
33 41 -0.9011703 ;
34 41 0.6422277 ;
35 41 0.5409349 ;
36 41 -0.09662695 ;
37 41 -0.713427 ;
38 41 -0.9289882 ;
39 41 0.2853227 ;
40 41 0.5141179 ;
1 42 0.366504 ;
4 42 0.3454788 ;
5 42 -0.271309 ;
8 42 -0.2331086 ;
9 42 0.7617668 ;
14 42 -0.6155382 ;
18 42 0.5692844 ;
19 42 0.5290586 ;
20 42 -0.2530122 ;
21 42 0.8086057 ;
22 42 -0.3771056 ;
23 42 0.8509763 ;
24 42 -0.766295 ;
26 42 0.4539112 ;
28 42 0.5332403 ;
39 42 0.3902608 ;
40 42 0.7515123 ;
2 43 -0.9894168 ;
4 43 0.5046749 ;
6 43 0.4718698 ;
7 43 0.304025 ;
8 43 -0.6320447 ;
10 43 -0.3724316 ;
12 43 0.7837819 ;
13 43 0.06065118 ;
18 43 0.3587048 ;
24 43 0.4951528 ;
25 43 -0.03358083 ;
26 43 -0.6967563 ;
30 43 0.3799117 ;
31 43 -0.1886907 ;
33 43 -0.03369844 ;
34 43 0.1624759 ;
41 43 -0.9580887 ;
42 43 -0.4004947 ;
0 44 0.5289651 ;
4 44 -0.05913166 ;
5 44 0.6321656 ;
10 44 -0.5263538 ;
16 44 0.282647 ;
18 44 -0.5902016 ;
20 44 0.6248513 ;
21 44 0.6973121 ;
22 44 0.7656777 ;
24 44 -0.4064815 ;
25 44 -0.03939093 ;
27 44 -0.9076955 ;
30 44 -0.3686519 ;
31 44 0.3071923 ;
34 44 -0.435911 ;
36 44 0.3952408 ;
39 44 -0.2116792 ;
40 44 0.7786062 ;
43 44 0.9151486 ]