n =  35
taille =  117
Mat = [1 2 0.9216636 ;
0 5 -0.1537151 ;
3 5 0.706273 ;
3 6 -0.8190052 ;
4 7 -0.7448575 ;
5 7 -0.8746163 ;
6 9 -0.09639031 ;
8 9 0.07957358 ;
0 10 0.3339183 ;
7 11 -0.8836934 ;
9 11 -0.6431731 ;
1 12 -0.6886502 ;
2 12 0.009441135 ;
4 12 0.8384884 ;
11 12 -0.8926255 ;
6 13 0.474024 ;
1 14 0.8937372 ;
7 14 0.1227554 ;
8 14 -0.4418748 ;
13 14 -0.08435084 ;
2 15 -0.2115646 ;
4 15 0.2910548 ;
5 15 0.3705984 ;
6 15 0.4818478 ;
14 15 -0.3036859 ;
0 16 0.8489272 ;
2 16 0.2077373 ;
5 16 0.2509708 ;
3 17 -0.4380756 ;
9 17 0.2905168 ;
12 17 -0.08677792 ;
10 18 -0.166839 ;
2 19 0.8042197 ;
14 19 -0.6468207 ;
15 19 0.6736572 ;
10 20 -0.6112507 ;
15 20 -0.5838771 ;
16 20 -0.1394563 ;
5 21 0.4599246 ;
9 21 0.3945523 ;
11 21 0.3780828 ;
12 21 0.6979593 ;
16 21 -0.7320209 ;
18 21 0.2431114 ;
19 21 -0.9396732 ;
5 22 -0.7798515 ;
7 22 -0.3287404 ;
8 22 0.6904775 ;
21 22 -0.08614125 ;
1 23 -0.1355701 ;
2 23 -0.6801147 ;
9 23 0.7036893 ;
11 23 -0.8936751 ;
14 23 -0.5680721 ;
0 24 -0.4247822 ;
1 24 -0.3421084 ;
11 24 -0.7373525 ;
15 24 -0.3997526 ;
20 24 0.9880168 ;
5 25 -0.1987214 ;
16 25 -0.1373356 ;
20 25 -0.5246966 ;
2 26 -0.6271637 ;
9 26 0.6712145 ;
23 26 0.4064447 ;
24 26 0.1723039 ;
0 27 -0.3148356 ;
2 27 -0.0807953 ;
8 27 0.358956 ;
10 27 -0.3334841 ;
11 27 -0.4613932 ;
15 27 0.07726154 ;
19 27 -0.242073 ;
20 27 0.3803853 ;
26 27 -0.7953862 ;
5 28 0.8176104 ;
9 28 0.001420126 ;
12 28 0.3053831 ;
13 28 -0.9525127 ;
17 28 -0.1972372 ;
22 28 0.8560856 ;
27 28 -0.8433862 ;
0 29 -0.817609 ;
12 29 0.4172759 ;
19 29 -0.7225543 ;
21 29 0.352134 ;
26 29 0.2599373 ;
5 30 -0.7441969 ;
7 30 0.4894366 ;
11 30 -0.6338413 ;
13 30 0.4511164 ;
21 30 0.7248132 ;
28 30 0.565504 ;
0 31 -0.7239872 ;
2 31 -0.1745556 ;
10 31 -0.943991 ;
11 31 -0.4975348 ;
12 31 0.9140856 ;
15 31 0.7816059 ;
18 31 -0.1563979 ;
21 31 -0.4998074 ;
22 31 0.4182099 ;
10 32 0.009636599 ;
19 32 0.3351112 ;
30 32 0.9189936 ;
3 33 0.08534245 ;
17 33 -0.09972654 ;
22 33 0.7793313 ;
25 33 0.89296 ;
31 33 0.8513402 ;
32 33 0.3299728 ;
14 34 -0.7540892 ;
19 34 0.4517591 ;
20 34 0.1593711 ;
21 34 -0.928656 ;
23 34 0.1790783 ;
31 34 -0.6748952 ]