n =  40
taille =  632
Mat = [0 1 0.7232797 ;
0 2 -0.3300691 ;
0 3 -0.5631337 ;
0 4 -0.9249611 ;
1 4 -0.3242562 ;
2 4 0.1290821 ;
3 4 -0.391546 ;
0 5 -0.2937348 ;
0 6 0.5520478 ;
2 6 -0.3899581 ;
3 6 0.4025333 ;
4 6 -0.440339 ;
5 6 0.2175269 ;
0 7 -0.615937 ;
1 7 -0.02887968 ;
2 7 -0.6840249 ;
3 7 -0.07443865 ;
5 7 0.09737277 ;
6 7 0.7335443 ;
0 8 -0.2810095 ;
2 8 -0.5482267 ;
3 8 0.4562927 ;
4 8 -0.7167921 ;
5 8 0.1376401 ;
6 8 0.5024461 ;
7 8 0.8118409 ;
0 9 -0.0749127 ;
1 9 -0.5777794 ;
2 9 0.1889574 ;
3 9 -0.04889287 ;
4 9 0.2091498 ;
5 9 -0.6702521 ;
7 9 0.6929105 ;
8 9 0.594676 ;
0 10 -0.384786 ;
2 10 -0.8182619 ;
3 10 0.1945982 ;
4 10 0.8374466 ;
5 10 -0.1234767 ;
6 10 0.1926401 ;
7 10 0.06140518 ;
8 10 0.9500555 ;
9 10 0.1725575 ;
0 11 -0.4305191 ;
1 11 0.5580018 ;
2 11 0.9387178 ;
4 11 -0.6087045 ;
5 11 0.6083609 ;
7 11 -0.8169462 ;
8 11 -0.8164283 ;
9 11 -0.1016906 ;
10 11 -0.1564138 ;
0 12 0.8815317 ;
1 12 -0.5419803 ;
2 12 -0.1276092 ;
3 12 0.6323259 ;
4 12 0.4546742 ;
5 12 0.9909467 ;
6 12 0.654708 ;
9 12 -0.3246507 ;
10 12 0.2315069 ;
11 12 -0.65328 ;
1 13 0.3541155 ;
2 13 -0.8873186 ;
3 13 -0.05622781 ;
4 13 0.2177322 ;
5 13 0.4699779 ;
6 13 -0.8442976 ;
7 13 0.3961541 ;
9 13 0.8928569 ;
10 13 -0.5432593 ;
12 13 -0.3873214 ;
0 14 0.438925 ;
1 14 -0.7080023 ;
2 14 0.9168223 ;
3 14 0.1442379 ;
4 14 0.963714 ;
5 14 0.3172457 ;
7 14 0.3486084 ;
8 14 -0.2783307 ;
9 14 0.2392465 ;
10 14 -0.1559912 ;
11 14 -0.5575427 ;
12 14 -0.9876902 ;
13 14 -0.1884102 ;
0 15 0.9161348 ;
1 15 0.5997723 ;
2 15 -0.5785309 ;
3 15 -0.7967045 ;
4 15 -0.3698167 ;
5 15 0.8057039 ;
7 15 -0.7738901 ;
8 15 0.6946359 ;
9 15 -0.01897335 ;
10 15 -0.08446562 ;
11 15 -0.2314305 ;
13 15 -0.1076835 ;
0 16 -0.1617365 ;
2 16 -0.1599503 ;
3 16 0.1946189 ;
4 16 0.8708132 ;
5 16 0.4755698 ;
6 16 0.2919776 ;
7 16 -0.1425145 ;
8 16 -0.1058605 ;
9 16 0.6684976 ;
10 16 0.8846346 ;
11 16 -0.3599361 ;
12 16 0.2996049 ;
13 16 -0.5786562 ;
0 17 0.5448001 ;
1 17 -0.2912713 ;
2 17 0.7983747 ;
3 17 -0.07713215 ;
4 17 0.1286782 ;
5 17 0.6778292 ;
9 17 -0.8357701 ;
10 17 0.09924639 ;
12 17 0.5999096 ;
13 17 0.06470397 ;
15 17 -0.8800296 ;
16 17 0.1256317 ;
1 18 -0.04065207 ;
2 18 -0.3812819 ;
3 18 0.5893564 ;
4 18 -0.9360021 ;
5 18 0.002342153 ;
7 18 0.4010918 ;
10 18 0.1849314 ;
11 18 -0.9516215 ;
12 18 -0.06994979 ;
14 18 -0.1356109 ;
15 18 -0.312804 ;
16 18 0.7703142 ;
17 18 -0.3817932 ;
1 19 -0.9783141 ;
2 19 0.2082131 ;
3 19 -0.2902278 ;
4 19 -0.2238584 ;
5 19 -0.4861699 ;
6 19 0.8153307 ;
7 19 0.8969442 ;
9 19 0.05013493 ;
10 19 -0.2007262 ;
11 19 0.9445327 ;
12 19 -0.07656689 ;
14 19 -0.06636902 ;
15 19 -0.4984629 ;
16 19 0.4022245 ;
17 19 0.3100133 ;
18 19 0.3234716 ;
0 20 -0.4328081 ;
1 20 -0.1043066 ;
2 20 -0.8144517 ;
3 20 0.2190791 ;
4 20 -0.9532345 ;
6 20 0.2044215 ;
7 20 0.4364134 ;
8 20 0.1203793 ;
9 20 0.1130011 ;
10 20 0.5919155 ;
11 20 0.537101 ;
12 20 -0.4334324 ;
13 20 0.2791385 ;
14 20 0.653636 ;
15 20 0.4676805 ;
16 20 -0.3223412 ;
17 20 -0.520748 ;
18 20 -0.9919531 ;
0 21 0.2001465 ;
1 21 0.3786205 ;
4 21 0.6791591 ;
5 21 0.2335377 ;
6 21 0.09606176 ;
7 21 -0.866349 ;
8 21 0.1245413 ;
9 21 0.8848875 ;
11 21 -0.6982303 ;
12 21 0.09900353 ;
15 21 0.6927608 ;
16 21 -0.9753419 ;
17 21 -0.8585602 ;
18 21 0.3658455 ;
19 21 -0.8703916 ;
20 21 0.06083552 ;
0 22 0.9840684 ;
2 22 -0.8623856 ;
3 22 -0.875222 ;
4 22 -0.5406376 ;
5 22 -0.7985664 ;
6 22 0.637973 ;
7 22 0.4852411 ;
8 22 0.7387351 ;
11 22 -0.620878 ;
12 22 -0.581692 ;
13 22 -0.6016845 ;
15 22 -0.3105355 ;
17 22 0.06014064 ;
18 22 0.708743 ;
19 22 -0.5455459 ;
20 22 -0.8330962 ;
21 22 0.2877143 ;
0 23 0.7815153 ;
3 23 -0.05585808 ;
4 23 0.8211238 ;
5 23 0.8137262 ;
7 23 0.08351628 ;
9 23 -0.1494417 ;
10 23 -0.9572312 ;
11 23 -0.5991799 ;
13 23 0.5914558 ;
14 23 0.917198 ;
15 23 0.2088387 ;
16 23 -0.7747019 ;
17 23 -0.7017575 ;
18 23 0.09105969 ;
19 23 0.2516512 ;
20 23 -0.7363345 ;
21 23 -0.7334976 ;
22 23 0.511396 ;
0 24 -0.5060512 ;
1 24 0.9396626 ;
2 24 -0.7106352 ;
3 24 0.6272601 ;
5 24 0.3241883 ;
6 24 0.7079338 ;
7 24 0.4919699 ;
8 24 0.6701057 ;
9 24 -0.5340119 ;
10 24 0.4787248 ;
11 24 0.5252674 ;
12 24 -0.7024154 ;
13 24 0.4024836 ;
14 24 0.6043859 ;
15 24 -0.3688761 ;
16 24 -0.5203122 ;
19 24 -0.6249837 ;
21 24 0.9288446 ;
22 24 -0.6129933 ;
23 24 0.112774 ;
0 25 -0.3453391 ;
1 25 -0.3783087 ;
2 25 -0.08912811 ;
3 25 -0.1080091 ;
5 25 -0.5421753 ;
7 25 0.4701891 ;
8 25 -0.529517 ;
9 25 0.4585381 ;
10 25 0.3689582 ;
11 25 -0.2388925 ;
13 25 0.7816472 ;
14 25 -0.0420612 ;
15 25 -0.07438563 ;
17 25 0.2831618 ;
19 25 -0.2091282 ;
20 25 0.6133614 ;
21 25 0.2108487 ;
22 25 -0.1186319 ;
23 25 0.1756066 ;
1 26 -0.8993919 ;
2 26 -0.2807449 ;
3 26 -0.6778424 ;
5 26 -0.6537475 ;
6 26 0.1622244 ;
7 26 -0.6454742 ;
8 26 -0.20047 ;
9 26 0.755285 ;
10 26 0.7870744 ;
12 26 -0.3105834 ;
13 26 0.4025288 ;
14 26 -0.2069433 ;
15 26 -0.07703006 ;
16 26 -0.4840244 ;
17 26 0.708473 ;
19 26 -0.01367966 ;
20 26 0.7835794 ;
21 26 0.1142984 ;
22 26 0.7882624 ;
24 26 0.07980429 ;
25 26 0.4894725 ;
0 27 0.5366873 ;
1 27 0.1430676 ;
2 27 -0.8248242 ;
3 27 0.8019211 ;
4 27 0.932121 ;
5 27 -0.1785701 ;
6 27 -0.7268704 ;
8 27 0.3521128 ;
9 27 0.5557539 ;
11 27 -0.7961331 ;
13 27 -0.7605499 ;
14 27 0.03566841 ;
15 27 0.8866968 ;
16 27 0.4836388 ;
17 27 -0.1185231 ;
18 27 0.4616648 ;
19 27 0.3413415 ;
20 27 -0.8643617 ;
21 27 0.7615004 ;
25 27 0.185911 ;
1 28 -0.7023014 ;
3 28 0.1271844 ;
4 28 0.131489 ;
5 28 -0.1053957 ;
6 28 -0.8862736 ;
8 28 -0.1507908 ;
9 28 0.1210337 ;
10 28 -0.3415418 ;
11 28 0.8270145 ;
12 28 -0.5122526 ;
13 28 0.3515472 ;
14 28 0.3916523 ;
15 28 0.5337237 ;
16 28 -0.08662995 ;
17 28 -0.3382991 ;
20 28 -0.8224921 ;
23 28 0.4723632 ;
24 28 -0.2951937 ;
25 28 -0.03296438 ;
27 28 0.02292232 ;
1 29 0.3440558 ;
3 29 0.2876579 ;
4 29 0.7376497 ;
5 29 0.7021555 ;
6 29 -0.4125033 ;
7 29 0.9481445 ;
8 29 0.7963425 ;
9 29 0.1503438 ;
10 29 0.7919473 ;
12 29 -0.525175 ;
13 29 -0.5235227 ;
14 29 -0.5356874 ;
15 29 -0.2200828 ;
16 29 -0.7242386 ;
17 29 0.6420599 ;
18 29 -0.3953772 ;
19 29 0.9178025 ;
20 29 0.5544366 ;
21 29 0.1552713 ;
22 29 0.3877834 ;
23 29 0.1551075 ;
24 29 -0.7531672 ;
25 29 0.2027094 ;
26 29 -0.2580614 ;
27 29 0.7885135 ;
28 29 -0.6336792 ;
1 30 0.01450494 ;
2 30 0.8798751 ;
3 30 -0.9086234 ;
4 30 0.1676839 ;
5 30 -0.6536791 ;
7 30 0.86705 ;
9 30 -0.9832991 ;
10 30 0.5907094 ;
11 30 0.4826016 ;
12 30 0.130853 ;
13 30 -0.19732 ;
14 30 -0.8532634 ;
15 30 -0.2921272 ;
16 30 -0.3980136 ;
17 30 0.7133444 ;
18 30 0.3542301 ;
19 30 0.6360113 ;
20 30 0.48351 ;
21 30 0.3756847 ;
22 30 0.178865 ;
23 30 -0.2720741 ;
24 30 0.2840727 ;
25 30 -0.1481862 ;
26 30 0.7347308 ;
27 30 -0.3964034 ;
28 30 0.1446178 ;
29 30 -0.6110958 ;
0 31 -0.7158534 ;
1 31 -0.6906725 ;
2 31 -0.245739 ;
3 31 -0.105132 ;
4 31 0.3559083 ;
5 31 0.7493088 ;
7 31 -0.3307694 ;
8 31 -0.2379014 ;
9 31 0.6219146 ;
11 31 0.3152361 ;
12 31 -0.646693 ;
13 31 0.3654735 ;
14 31 -0.9468662 ;
15 31 0.1648284 ;
16 31 -0.3279923 ;
17 31 -0.01960676 ;
18 31 -0.3647501 ;
19 31 0.2124253 ;
20 31 -0.4753143 ;
21 31 0.7534131 ;
22 31 -0.7972379 ;
23 31 0.721424 ;
24 31 -0.83769 ;
27 31 -0.664289 ;
28 31 0.9264591 ;
0 32 0.8156568 ;
1 32 -0.9868822 ;
2 32 -0.2425555 ;
3 32 0.8534174 ;
4 32 0.2331292 ;
5 32 0.7037439 ;
6 32 0.2666971 ;
8 32 0.4253218 ;
10 32 0.2600394 ;
11 32 0.7906005 ;
13 32 -0.9500819 ;
15 32 -0.0717196 ;
16 32 0.4570407 ;
17 32 -0.5447164 ;
18 32 -0.01265898 ;
19 32 -0.280382 ;
20 32 -0.4160847 ;
22 32 -0.2633678 ;
24 32 -0.5048843 ;
25 32 0.1778873 ;
26 32 0.7662619 ;
30 32 -0.4998701 ;
1 33 0.4457923 ;
2 33 -0.2860778 ;
3 33 -0.4225015 ;
4 33 0.4594254 ;
7 33 0.9655961 ;
8 33 -0.1906005 ;
9 33 -0.9561562 ;
10 33 0.0244957 ;
11 33 0.7928884 ;
12 33 -0.1936281 ;
13 33 0.9791749 ;
14 33 -0.3223015 ;
15 33 -0.4457052 ;
16 33 0.6879233 ;
17 33 -0.4102381 ;
19 33 0.4449434 ;
20 33 -0.3263785 ;
21 33 0.7247723 ;
22 33 0.4597469 ;
23 33 0.9650428 ;
24 33 -0.2712964 ;
25 33 0.5465315 ;
27 33 -0.8970328 ;
29 33 0.820467 ;
31 33 -0.02405819 ;
32 33 -0.6472186 ;
0 34 -0.1375865 ;
2 34 -0.4617534 ;
3 34 -0.9433845 ;
4 34 -0.3016868 ;
5 34 0.8665735 ;
6 34 -0.6119925 ;
7 34 -0.1118906 ;
8 34 -0.1479007 ;
9 34 0.05645182 ;
10 34 -0.1048214 ;
11 34 -0.1775852 ;
12 34 -0.3116215 ;
13 34 -0.3546566 ;
14 34 0.8913095 ;
15 34 0.01925671 ;
16 34 0.9063 ;
17 34 0.224857 ;
18 34 -0.8649894 ;
19 34 0.1597375 ;
20 34 -0.257145 ;
21 34 0.2341445 ;
22 34 -0.04887052 ;
23 34 0.7846501 ;
25 34 -0.6198825 ;
26 34 0.7464153 ;
27 34 0.8712513 ;
28 34 0.8858518 ;
30 34 0.959015 ;
31 34 0.4142849 ;
32 34 -0.06283124 ;
33 34 0.7543893 ;
1 35 0.5916432 ;
2 35 0.4526413 ;
3 35 0.264717 ;
4 35 0.05205946 ;
5 35 -0.07422054 ;
7 35 0.04465492 ;
9 35 -0.7675603 ;
10 35 -0.3221501 ;
11 35 0.07193132 ;
12 35 0.984053 ;
13 35 0.3747826 ;
14 35 0.9340789 ;
15 35 0.3173366 ;
16 35 0.5348446 ;
17 35 0.1870295 ;
18 35 0.4873019 ;
19 35 0.9113282 ;
20 35 -0.08297238 ;
21 35 -0.8288323 ;
22 35 0.1473917 ;
23 35 0.1478323 ;
24 35 0.6444805 ;
25 35 -0.5118941 ;
27 35 0.6701369 ;
28 35 0.3884032 ;
29 35 -0.673319 ;
30 35 -0.6588704 ;
31 35 0.9290221 ;
32 35 -0.5418572 ;
33 35 0.6278173 ;
0 36 -0.9338678 ;
2 36 -0.4005026 ;
3 36 -0.1364639 ;
4 36 -0.7227657 ;
6 36 -0.3562335 ;
7 36 -0.5744888 ;
8 36 -0.6793381 ;
9 36 -0.04346192 ;
11 36 0.1333712 ;
12 36 -0.8614868 ;
13 36 -0.4936146 ;
14 36 -0.4080227 ;
15 36 -0.5037781 ;
17 36 0.2599302 ;
18 36 0.9002611 ;
19 36 0.01862545 ;
20 36 0.212435 ;
21 36 -0.2440775 ;
22 36 -0.6942069 ;
23 36 -0.205136 ;
24 36 0.01631381 ;
26 36 0.0407588 ;
27 36 0.8193859 ;
28 36 0.6429206 ;
29 36 -0.4578587 ;
30 36 -0.2414638 ;
31 36 0.1991831 ;
32 36 0.2995258 ;
34 36 -0.5130958 ;
35 36 0.792277 ;
0 37 -0.9153808 ;
1 37 -0.94799 ;
3 37 0.900049 ;
4 37 -0.4335495 ;
5 37 0.742886 ;
6 37 -0.9919739 ;
7 37 -0.9530365 ;
8 37 -0.5785468 ;
9 37 -0.364615 ;
10 37 -0.08474607 ;
13 37 -0.01473361 ;
15 37 -0.3544209 ;
16 37 -0.6628673 ;
18 37 -0.992371 ;
19 37 -0.5823239 ;
21 37 -0.7531482 ;
22 37 -0.8020664 ;
23 37 0.9761649 ;
24 37 0.6064968 ;
25 37 0.2194846 ;
26 37 -0.1834495 ;
27 37 0.3067055 ;
28 37 0.9014154 ;
29 37 0.9398323 ;
30 37 0.941157 ;
31 37 -0.6393597 ;
32 37 -0.9434574 ;
34 37 -0.875705 ;
36 37 -0.373489 ;
0 38 -0.4888192 ;
1 38 -0.5860042 ;
2 38 0.8138528 ;
3 38 -0.6196903 ;
4 38 -0.1615885 ;
5 38 0.4096792 ;
6 38 -0.3140978 ;
7 38 -0.3514668 ;
8 38 -0.2041865 ;
9 38 -0.1097562 ;
10 38 0.9096974 ;
11 38 -0.718954 ;
12 38 -0.9581658 ;
13 38 -0.9745108 ;
14 38 0.6178893 ;
15 38 0.3528062 ;
16 38 0.1410738 ;
17 38 0.01690998 ;
18 38 0.7482085 ;
21 38 -0.2238752 ;
22 38 -0.1976765 ;
23 38 -0.1997056 ;
24 38 0.9527122 ;
25 38 0.6840583 ;
26 38 -0.8065038 ;
27 38 0.08767468 ;
28 38 -0.9129974 ;
29 38 0.4137999 ;
30 38 0.8484994 ;
32 38 -0.593905 ;
33 38 0.1923746 ;
34 38 0.005044173 ;
35 38 0.4933953 ;
36 38 -0.3413438 ;
0 39 0.1345333 ;
2 39 0.4860295 ;
4 39 0.9038636 ;
5 39 0.8381459 ;
6 39 -0.7504535 ;
7 39 -0.5350867 ;
8 39 -0.6582233 ;
9 39 -0.8730916 ;
10 39 0.7945215 ;
11 39 0.4527534 ;
12 39 0.9821014 ;
15 39 -0.3781604 ;
16 39 0.4162659 ;
17 39 0.7619122 ;
19 39 -0.9576862 ;
20 39 -0.4761374 ;
21 39 -0.7268859 ;
22 39 0.4104798 ;
23 39 -0.04774441 ;
24 39 0.3830695 ;
25 39 0.4374283 ;
26 39 -0.3871033 ;
27 39 -0.2811025 ;
28 39 0.108205 ;
29 39 -0.997797 ;
30 39 0.3614457 ;
31 39 -0.3704328 ;
32 39 0.5795159 ;
34 39 -0.7651882 ;
35 39 -0.8729673 ;
36 39 0.3588565 ;
37 39 0.7866236 ]