n =  50
taille =  964
Mat = [0 1 0.1636321 ;
0 2 -0.7602208 ;
1 2 -0.256892 ;
0 3 -0.100323 ;
2 3 -0.5324398 ;
0 4 0.8438027 ;
1 4 0.8959021 ;
2 4 -0.9754473 ;
3 4 0.2890427 ;
0 5 0.3143719 ;
1 5 -0.7298333 ;
2 5 0.140022 ;
3 5 0.9662357 ;
4 5 0.5760856 ;
1 6 -0.1395531 ;
2 6 -0.9357224 ;
3 6 -0.433348 ;
4 6 0.47754 ;
5 6 0.5121146 ;
0 7 0.6198265 ;
1 7 -0.4123009 ;
2 7 0.1876092 ;
3 7 -0.7017707 ;
4 7 -0.3153031 ;
5 7 0.8207795 ;
6 7 0.2360448 ;
0 8 0.9316245 ;
1 8 0.6748268 ;
2 8 -0.8204618 ;
3 8 0.3980604 ;
4 8 -0.05492239 ;
5 8 0.5232505 ;
6 8 0.7768671 ;
7 8 0.07836056 ;
0 9 0.5462554 ;
2 9 0.7551456 ;
4 9 -0.7017399 ;
5 9 -0.4714221 ;
6 9 -0.9833389 ;
7 9 0.7405736 ;
8 9 0.2880027 ;
0 10 0.06919722 ;
2 10 -0.7181422 ;
5 10 -0.595651 ;
7 10 0.7869259 ;
8 10 -0.01225745 ;
9 10 0.7361295 ;
0 11 -0.9151775 ;
2 11 -0.891354 ;
3 11 0.68898 ;
5 11 0.2447031 ;
7 11 0.2544328 ;
8 11 0.2066306 ;
9 11 0.0177353 ;
10 11 -0.6521357 ;
0 12 0.3494141 ;
1 12 0.2324016 ;
2 12 -0.398459 ;
4 12 -0.1884048 ;
5 12 0.4232399 ;
6 12 -0.7812953 ;
7 12 -0.9613255 ;
9 12 -0.6630149 ;
10 12 0.2698704 ;
0 13 -0.2808003 ;
2 13 0.1784015 ;
3 13 -0.4818907 ;
4 13 0.005682438 ;
5 13 0.4786648 ;
6 13 0.781902 ;
7 13 0.7464555 ;
8 13 0.959031 ;
9 13 0.9420492 ;
10 13 0.6114124 ;
11 13 0.9301069 ;
12 13 -0.1259436 ;
0 14 0.5894452 ;
1 14 0.09128356 ;
2 14 0.995892 ;
3 14 -0.2833464 ;
4 14 0.7178881 ;
5 14 -0.1318403 ;
6 14 -0.6179745 ;
8 14 0.9786661 ;
9 14 -0.7469865 ;
10 14 0.2555605 ;
11 14 -0.3729492 ;
12 14 -0.7554912 ;
13 14 -0.5600919 ;
3 15 0.438889 ;
5 15 0.5178645 ;
7 15 0.9199074 ;
8 15 0.1371446 ;
9 15 0.8240838 ;
10 15 0.1816302 ;
11 15 -0.8366956 ;
12 15 -0.352076 ;
13 15 0.08130127 ;
14 15 0.4290009 ;
0 16 0.6957808 ;
1 16 -0.3554873 ;
3 16 -0.4896458 ;
4 16 0.8467738 ;
5 16 0.3335624 ;
6 16 -0.6428589 ;
7 16 -0.2533469 ;
8 16 0.8427202 ;
9 16 0.1632894 ;
11 16 -0.4816021 ;
12 16 -0.7642226 ;
14 16 0.06872055 ;
15 16 0.7856085 ;
0 17 0.5857581 ;
1 17 0.6501533 ;
2 17 0.1187717 ;
3 17 -0.8945537 ;
4 17 0.2085664 ;
5 17 0.1212905 ;
6 17 0.06146628 ;
7 17 -0.913149 ;
8 17 0.8322034 ;
9 17 -0.7751902 ;
11 17 0.8961528 ;
13 17 0.8856036 ;
14 17 0.06995377 ;
15 17 -0.3578877 ;
0 18 0.5811051 ;
1 18 0.0282121 ;
2 18 -0.7044874 ;
4 18 -0.1158579 ;
5 18 -0.172214 ;
6 18 0.2426954 ;
9 18 -0.6867035 ;
10 18 0.3252634 ;
12 18 -0.3560387 ;
13 18 0.1133906 ;
14 18 -0.3991901 ;
15 18 -0.6133342 ;
16 18 -0.07495001 ;
17 18 0.9062136 ;
0 19 0.7036054 ;
1 19 0.2112353 ;
2 19 -0.2529666 ;
3 19 -0.9245875 ;
5 19 -0.605137 ;
7 19 -0.8633258 ;
8 19 -0.4501586 ;
9 19 -0.3923836 ;
10 19 -0.4009769 ;
11 19 0.4963878 ;
12 19 0.9533154 ;
14 19 -0.336262 ;
16 19 -0.560661 ;
17 19 -0.3278662 ;
18 19 0.9556634 ;
0 20 0.6220519 ;
1 20 0.06413599 ;
2 20 0.6468639 ;
3 20 0.0165128 ;
4 20 0.9572484 ;
5 20 -0.9081126 ;
6 20 -0.5663439 ;
8 20 -0.6029821 ;
9 20 -0.9656671 ;
10 20 0.7246237 ;
11 20 -0.7321653 ;
13 20 -0.39716 ;
15 20 -0.8092103 ;
16 20 0.344085 ;
17 20 -0.396765 ;
18 20 0.857989 ;
19 20 -0.02750281 ;
0 21 0.7617028 ;
1 21 -0.6033864 ;
2 21 -0.2158833 ;
3 21 -0.3126859 ;
6 21 0.3657476 ;
9 21 0.7682371 ;
10 21 -0.8326114 ;
11 21 0.1788117 ;
12 21 -0.4363535 ;
13 21 -0.6649065 ;
14 21 -0.9633494 ;
15 21 0.5830966 ;
16 21 0.9064785 ;
18 21 -0.7427346 ;
19 21 0.3518054 ;
20 21 -0.8162341 ;
0 22 -0.992979 ;
1 22 -0.3693345 ;
2 22 0.348266 ;
3 22 -0.0379987 ;
5 22 -0.2344538 ;
6 22 0.9627503 ;
7 22 0.5130205 ;
10 22 -0.9945979 ;
11 22 -0.187169 ;
13 22 -0.7855485 ;
14 22 0.2088586 ;
15 22 0.9652617 ;
16 22 -0.8516891 ;
17 22 0.02284891 ;
19 22 -0.229239 ;
21 22 0.7263241 ;
1 23 -0.6304492 ;
2 23 -0.9663323 ;
3 23 -0.757809 ;
4 23 -0.05333565 ;
5 23 -0.2585183 ;
6 23 0.4713844 ;
7 23 -0.8395947 ;
8 23 -0.6086638 ;
9 23 0.004044694 ;
10 23 0.3283177 ;
11 23 -0.7917113 ;
12 23 0.4067464 ;
13 23 -0.1594731 ;
14 23 0.844515 ;
15 23 -0.7062256 ;
16 23 0.4219688 ;
17 23 0.6270044 ;
18 23 0.01892821 ;
19 23 -0.8147614 ;
21 23 0.858924 ;
22 23 0.9507082 ;
1 24 0.8259767 ;
2 24 -0.14931 ;
3 24 -0.7791184 ;
4 24 0.603774 ;
5 24 0.8749178 ;
6 24 0.1223111 ;
8 24 -0.7913039 ;
9 24 0.3145631 ;
10 24 -0.7157164 ;
11 24 0.06450897 ;
12 24 -0.6597499 ;
13 24 0.6037674 ;
14 24 0.5706266 ;
15 24 -0.3926779 ;
16 24 0.7611931 ;
18 24 0.8084833 ;
19 24 -0.9627118 ;
21 24 0.3394397 ;
22 24 0.05643419 ;
23 24 0.9563438 ;
1 25 -0.0084432 ;
2 25 -0.2727456 ;
3 25 -0.04273008 ;
4 25 0.6948616 ;
5 25 0.2636716 ;
7 25 0.2045863 ;
8 25 0.9874563 ;
9 25 -0.4334862 ;
10 25 0.9212383 ;
11 25 -0.7166568 ;
14 25 0.7803188 ;
16 25 -0.2009829 ;
17 25 0.2977713 ;
19 25 0.6824267 ;
21 25 -0.5193623 ;
22 25 -0.5545051 ;
23 25 -0.9683635 ;
24 25 -0.3186543 ;
0 26 -0.1310985 ;
2 26 0.3416986 ;
3 26 0.595084 ;
4 26 -0.9237306 ;
7 26 0.4138352 ;
8 26 0.4853813 ;
9 26 0.153686 ;
10 26 -0.7092076 ;
11 26 -0.4170927 ;
12 26 -0.7275701 ;
14 26 -0.2940415 ;
15 26 0.6708737 ;
16 26 -0.61722 ;
17 26 -0.8740041 ;
18 26 -0.09856277 ;
19 26 -0.2306707 ;
21 26 0.5039344 ;
22 26 -0.2767052 ;
23 26 -0.6580487 ;
24 26 -0.3692749 ;
25 26 0.613985 ;
0 27 -0.7765611 ;
2 27 -0.5126253 ;
3 27 -0.7056819 ;
4 27 0.9118757 ;
6 27 -0.2681465 ;
7 27 0.2077572 ;
8 27 -0.8871263 ;
9 27 0.3426541 ;
10 27 0.2750663 ;
11 27 0.4493799 ;
12 27 -0.06741082 ;
13 27 0.296232 ;
14 27 0.1296479 ;
15 27 -0.9113496 ;
16 27 0.1223127 ;
17 27 0.04197394 ;
18 27 0.0950754 ;
19 27 0.02809698 ;
20 27 -0.8795265 ;
21 27 -0.8057295 ;
23 27 -0.1863863 ;
25 27 0.8391594 ;
0 28 -0.4147951 ;
1 28 -0.9701268 ;
2 28 -0.2121011 ;
5 28 -0.9575371 ;
8 28 -0.5666906 ;
9 28 0.3843924 ;
11 28 -0.7821691 ;
12 28 0.2496063 ;
13 28 -0.1096675 ;
15 28 0.2493898 ;
16 28 0.02520498 ;
18 28 -0.5635022 ;
19 28 -0.8727853 ;
20 28 0.9210968 ;
21 28 0.8424038 ;
22 28 0.2899827 ;
23 28 -0.5952198 ;
24 28 0.8060878 ;
25 28 -0.02862594 ;
26 28 -0.8800474 ;
27 28 -0.07402914 ;
0 29 -0.5003354 ;
1 29 -0.3951737 ;
2 29 -0.4956565 ;
3 29 0.3784146 ;
4 29 0.9270932 ;
5 29 0.6472575 ;
6 29 0.7021664 ;
7 29 -0.2102285 ;
8 29 -0.2673016 ;
9 29 0.04300803 ;
13 29 -0.4227295 ;
14 29 -0.9726662 ;
16 29 -0.3661371 ;
17 29 0.2353574 ;
18 29 0.7522299 ;
19 29 0.8186672 ;
20 29 -0.253971 ;
21 29 -0.7442119 ;
22 29 0.4453268 ;
23 29 -0.3007703 ;
25 29 -0.2558978 ;
26 29 -0.6132804 ;
27 29 -0.5869847 ;
28 29 0.98496 ;
0 30 0.9836095 ;
1 30 -0.2763196 ;
2 30 0.920606 ;
3 30 0.681062 ;
4 30 0.3572364 ;
7 30 -0.8470602 ;
8 30 0.3062946 ;
9 30 -0.004373796 ;
12 30 0.3162592 ;
14 30 -0.03972472 ;
15 30 0.8169193 ;
16 30 -0.5448314 ;
17 30 0.476295 ;
19 30 0.5669572 ;
20 30 0.8427234 ;
21 30 -0.034669 ;
22 30 0.05979371 ;
23 30 0.06355058 ;
25 30 -0.6588353 ;
29 30 -0.8300445 ;
1 31 0.9898635 ;
2 31 0.1981436 ;
5 31 0.8155273 ;
6 31 -0.6473252 ;
7 31 -0.7752351 ;
8 31 0.2073614 ;
9 31 -0.65403 ;
11 31 -0.6845446 ;
12 31 -0.437724 ;
17 31 0.3644805 ;
18 31 0.3186445 ;
21 31 -0.8524575 ;
22 31 0.8171157 ;
23 31 0.1568774 ;
24 31 -0.5641674 ;
25 31 -0.330116 ;
26 31 0.8254343 ;
28 31 -0.4466958 ;
29 31 -0.3473666 ;
0 32 0.2968072 ;
3 32 0.79447 ;
4 32 -0.6782912 ;
6 32 -0.5374093 ;
7 32 -0.5693284 ;
8 32 0.8066798 ;
9 32 0.9169573 ;
12 32 0.1053555 ;
13 32 0.3333258 ;
15 32 0.8996381 ;
16 32 0.3088323 ;
17 32 0.6878247 ;
18 32 0.01455335 ;
19 32 -0.9270877 ;
20 32 0.5606339 ;
21 32 0.8719645 ;
23 32 -0.6818433 ;
24 32 0.2039162 ;
25 32 0.7949931 ;
26 32 0.3827539 ;
28 32 -0.8415071 ;
29 32 -0.8453954 ;
31 32 -0.7969934 ;
1 33 -0.730744 ;
2 33 0.6786462 ;
4 33 -0.1591634 ;
5 33 -0.4901927 ;
6 33 0.8101942 ;
9 33 -0.9950451 ;
10 33 0.3853919 ;
11 33 0.04891995 ;
12 33 -0.007604339 ;
13 33 0.3661077 ;
14 33 0.2578722 ;
15 33 0.5693077 ;
16 33 0.1389041 ;
17 33 -0.8991354 ;
18 33 -0.8050328 ;
20 33 -0.4578025 ;
22 33 0.8920713 ;
23 33 0.5072045 ;
24 33 -0.6729433 ;
26 33 0.5427519 ;
27 33 -0.4118562 ;
28 33 -0.8735156 ;
29 33 0.6098667 ;
30 33 -0.2865763 ;
31 33 0.9314629 ;
1 34 0.2400511 ;
2 34 -0.1272205 ;
3 34 0.4518774 ;
4 34 -0.8915148 ;
5 34 -0.5122893 ;
6 34 0.9058222 ;
10 34 0.1364202 ;
11 34 0.1365891 ;
12 34 0.4616658 ;
13 34 0.3321711 ;
14 34 -0.3568848 ;
15 34 -0.01707115 ;
16 34 -0.3152886 ;
17 34 -0.0003334889 ;
18 34 -0.1438559 ;
19 34 0.1492381 ;
20 34 0.2462965 ;
21 34 0.4450952 ;
22 34 -0.4317179 ;
23 34 0.1330868 ;
24 34 -0.8731209 ;
26 34 0.03725301 ;
27 34 0.2054573 ;
28 34 0.4477766 ;
29 34 0.3948941 ;
30 34 0.2869369 ;
31 34 0.4326369 ;
32 34 0.7583854 ;
33 34 -0.5615624 ;
1 35 0.1315053 ;
2 35 0.739073 ;
3 35 0.2987969 ;
5 35 -0.7425857 ;
6 35 -0.8736253 ;
7 35 -0.7101503 ;
8 35 0.8450478 ;
9 35 0.4954175 ;
11 35 0.2606534 ;
12 35 -0.7263016 ;
13 35 -0.6545849 ;
14 35 0.02662552 ;
15 35 0.001367584 ;
16 35 0.9499481 ;
17 35 -0.4478157 ;
18 35 -0.5052218 ;
20 35 0.00466089 ;
21 35 0.377081 ;
22 35 0.9324171 ;
24 35 0.3447228 ;
25 35 -0.754095 ;
26 35 -0.9756567 ;
27 35 -0.06546463 ;
28 35 -0.1960282 ;
29 35 -0.5949829 ;
30 35 -0.39533 ;
31 35 -0.6976464 ;
32 35 0.7849623 ;
33 35 -0.5686271 ;
34 35 -0.8608059 ;
0 36 0.8853898 ;
1 36 0.2071319 ;
4 36 -0.2089622 ;
5 36 -0.7026501 ;
7 36 0.6405662 ;
8 36 -0.4972767 ;
9 36 -0.1258548 ;
10 36 0.09146791 ;
12 36 0.1461323 ;
13 36 -0.4583215 ;
14 36 0.9195617 ;
15 36 0.6253299 ;
17 36 0.4800525 ;
18 36 0.6224899 ;
19 36 -0.7636099 ;
20 36 -0.05907542 ;
22 36 -0.9039009 ;
24 36 -0.9200584 ;
25 36 -0.9090395 ;
26 36 0.2826018 ;
27 36 0.09325981 ;
28 36 -0.6094141 ;
29 36 0.3389598 ;
30 36 -0.7556858 ;
32 36 -0.4913676 ;
33 36 0.09153266 ;
34 36 -0.3861722 ;
35 36 -0.6864597 ;
1 37 0.227427 ;
3 37 0.2626113 ;
4 37 -0.3989022 ;
5 37 0.442189 ;
6 37 -0.7830385 ;
8 37 -0.01299239 ;
9 37 -0.3296167 ;
10 37 0.3218256 ;
12 37 0.5678363 ;
14 37 -0.3290429 ;
16 37 -0.952349 ;
17 37 -0.4850267 ;
19 37 0.4401522 ;
20 37 -0.7016254 ;
22 37 -0.005244381 ;
23 37 0.3642461 ;
24 37 -0.9194206 ;
26 37 -0.689784 ;
27 37 -0.6315624 ;
28 37 -0.03403152 ;
29 37 0.1946085 ;
30 37 0.4150841 ;
31 37 -0.7806664 ;
32 37 0.2273188 ;
33 37 -0.5910171 ;
34 37 -0.5180799 ;
35 37 0.9881183 ;
36 37 -0.1604775 ;
0 38 -0.9633176 ;
1 38 0.2901907 ;
2 38 -0.9828234 ;
3 38 0.3905154 ;
4 38 0.5180267 ;
5 38 -0.4128855 ;
6 38 0.4276765 ;
7 38 0.08652427 ;
9 38 -0.5894073 ;
10 38 -0.9319916 ;
11 38 0.6674387 ;
12 38 0.3102179 ;
14 38 -0.8882771 ;
15 38 0.9602445 ;
16 38 0.1454108 ;
19 38 -0.2947734 ;
20 38 -0.6637206 ;
21 38 -0.6724357 ;
23 38 -0.1928869 ;
24 38 0.211958 ;
25 38 -0.9433494 ;
26 38 0.6757319 ;
27 38 0.4373717 ;
28 38 0.6790719 ;
29 38 0.0733334 ;
30 38 0.4530643 ;
32 38 -0.8565657 ;
33 38 -0.4034105 ;
34 38 -0.08145549 ;
36 38 0.8412091 ;
37 38 0.9404211 ;
0 39 -0.2591756 ;
1 39 0.3209953 ;
2 39 0.350218 ;
3 39 -0.8203517 ;
5 39 -0.2442903 ;
6 39 -0.5637765 ;
7 39 0.8496585 ;
8 39 0.01319196 ;
11 39 0.9997605 ;
12 39 0.6404524 ;
13 39 -0.6465366 ;
14 39 -0.359123 ;
15 39 -0.0849662 ;
16 39 -0.1118562 ;
17 39 0.6762609 ;
18 39 0.2324766 ;
19 39 -0.1065714 ;
20 39 0.0571925 ;
21 39 -0.5977577 ;
23 39 0.1795958 ;
24 39 -0.4437888 ;
25 39 0.3482492 ;
26 39 0.2569271 ;
27 39 0.08192604 ;
29 39 0.4919076 ;
31 39 0.7893773 ;
33 39 0.7187615 ;
34 39 0.7796027 ;
35 39 -0.2384884 ;
36 39 -0.4063993 ;
37 39 -0.3974144 ;
0 40 0.7874822 ;
1 40 -0.6399742 ;
2 40 -0.8177664 ;
4 40 -0.5804087 ;
5 40 -0.3913007 ;
6 40 -0.0003254283 ;
7 40 0.9310455 ;
8 40 0.8512461 ;
9 40 -0.2157237 ;
10 40 0.01665569 ;
11 40 0.4491179 ;
12 40 0.2645987 ;
13 40 -0.5571635 ;
14 40 -0.9657271 ;
15 40 0.4237118 ;
16 40 0.0964304 ;
17 40 0.4829923 ;
18 40 0.1252418 ;
19 40 -0.4181241 ;
20 40 0.9805199 ;
21 40 -0.9131871 ;
22 40 -0.7746236 ;
23 40 -0.6515528 ;
24 40 0.8603622 ;
25 40 0.9299529 ;
26 40 0.4116791 ;
27 40 0.6932172 ;
28 40 0.8141595 ;
29 40 0.7677365 ;
30 40 0.7468972 ;
31 40 -0.3820192 ;
33 40 -0.3427723 ;
34 40 0.03994389 ;
35 40 -0.636059 ;
37 40 -0.8097637 ;
38 40 -0.427902 ;
39 40 0.1670383 ;
0 41 -0.5002563 ;
1 41 -0.4456346 ;
2 41 0.9946843 ;
3 41 0.9954229 ;
4 41 -0.7563087 ;
5 41 -0.8544447 ;
6 41 0.6153729 ;
7 41 0.3403172 ;
9 41 -0.9820694 ;
10 41 0.5468402 ;
11 41 -0.007975521 ;
12 41 0.4131811 ;
13 41 0.02396656 ;
14 41 0.3701585 ;
15 41 -0.009817395 ;
16 41 0.3240992 ;
17 41 0.7088344 ;
18 41 -0.5834197 ;
19 41 0.2322883 ;
20 41 0.4036086 ;
21 41 -0.09140391 ;
22 41 0.08790993 ;
23 41 0.4758932 ;
24 41 -0.8712052 ;
25 41 0.93393 ;
27 41 -0.5574283 ;
31 41 -0.964673 ;
33 41 0.8134494 ;
34 41 0.4449005 ;
35 41 0.8730374 ;
36 41 0.4894633 ;
37 41 -0.441598 ;
38 41 -0.6939209 ;
39 41 0.5862645 ;
40 41 0.8559219 ;
0 42 -0.322343 ;
1 42 0.12325 ;
2 42 -0.4096243 ;
3 42 0.3185085 ;
4 42 0.08688851 ;
5 42 -0.9042887 ;
7 42 -0.7912976 ;
9 42 -0.9740831 ;
10 42 -0.4937376 ;
11 42 -0.2367318 ;
12 42 0.2114288 ;
16 42 0.7605003 ;
17 42 0.6036889 ;
18 42 0.5967536 ;
19 42 0.6233961 ;
20 42 -0.4468662 ;
22 42 0.7976435 ;
23 42 -0.842365 ;
24 42 -0.4777428 ;
26 42 -0.8679221 ;
28 42 -0.693492 ;
29 42 -0.9527341 ;
30 42 0.8352107 ;
34 42 -0.3219879 ;
37 42 -0.3667984 ;
39 42 0.157131 ;
40 42 -0.6937538 ;
41 42 -0.6027947 ;
0 43 0.6664357 ;
2 43 0.7783646 ;
3 43 -0.7507255 ;
5 43 -0.1735643 ;
6 43 0.2066521 ;
7 43 0.4751775 ;
8 43 -0.6813663 ;
9 43 0.2701853 ;
11 43 -0.5045591 ;
12 43 -0.5985217 ;
13 43 -0.6211553 ;
14 43 -0.6976109 ;
15 43 -0.9595751 ;
16 43 -0.8141366 ;
17 43 0.6416455 ;
18 43 0.9263065 ;
19 43 -0.8056457 ;
20 43 0.04288188 ;
21 43 0.474155 ;
22 43 0.04273747 ;
23 43 0.820999 ;
24 43 0.85506 ;
25 43 0.5758814 ;
26 43 0.9577444 ;
27 43 -0.4165218 ;
28 43 0.1639488 ;
29 43 0.1709963 ;
30 43 -0.3445144 ;
31 43 -0.513036 ;
32 43 0.8491963 ;
34 43 0.9565974 ;
35 43 -0.6702627 ;
36 43 0.8329901 ;
37 43 -0.9796352 ;
40 43 -0.07828906 ;
41 43 -0.06514909 ;
42 43 -0.2529169 ;
0 44 0.5426002 ;
1 44 -0.1782164 ;
2 44 -0.1377618 ;
3 44 -0.9897197 ;
6 44 -0.651699 ;
7 44 -0.8349348 ;
8 44 0.8099385 ;
9 44 -0.6893496 ;
10 44 0.3350739 ;
11 44 -0.5269218 ;
12 44 -0.2919656 ;
13 44 -0.3187532 ;
14 44 0.4248247 ;
15 44 -0.783576 ;
16 44 0.1208783 ;
18 44 -0.3491357 ;
19 44 -0.7147277 ;
20 44 0.1831669 ;
21 44 -0.2953561 ;
23 44 -0.1655013 ;
24 44 -0.08204809 ;
25 44 0.9697429 ;
26 44 -0.2024029 ;
27 44 -0.712829 ;
31 44 0.1763947 ;
32 44 0.6542279 ;
33 44 -0.2362107 ;
34 44 -0.1739738 ;
37 44 0.6156718 ;
38 44 0.3730709 ;
40 44 -0.6165807 ;
41 44 0.3553028 ;
42 44 -0.6040814 ;
43 44 -0.7255168 ;
0 45 -0.167462 ;
1 45 0.004816558 ;
2 45 0.6809261 ;
3 45 0.9602303 ;
4 45 0.2717603 ;
5 45 0.4385156 ;
6 45 0.6708507 ;
9 45 0.09002942 ;
11 45 -0.514382 ;
12 45 -0.8672881 ;
13 45 0.01439988 ;
14 45 0.07431926 ;
15 45 0.5971092 ;
16 45 -0.8197272 ;
17 45 -0.5409492 ;
18 45 -0.5694041 ;
19 45 -0.2893154 ;
20 45 -0.4064822 ;
21 45 0.6190768 ;
22 45 -0.4338158 ;
24 45 0.6748228 ;
25 45 0.2345103 ;
26 45 0.1683665 ;
27 45 -0.008778264 ;
28 45 -0.5335592 ;
29 45 0.5272311 ;
30 45 -0.5131865 ;
31 45 -0.3358622 ;
32 45 0.7487688 ;
35 45 0.003315928 ;
38 45 -0.7704156 ;
40 45 0.9874605 ;
41 45 0.9700674 ;
42 45 0.135141 ;
43 45 -0.9339469 ;
1 46 0.538692 ;
2 46 -0.6185094 ;
3 46 0.6629726 ;
4 46 -0.1979723 ;
6 46 0.3593809 ;
7 46 -0.6616368 ;
9 46 0.2660503 ;
10 46 -0.7806073 ;
11 46 -0.8894826 ;
12 46 -0.4082931 ;
14 46 0.01444396 ;
15 46 -0.992873 ;
17 46 -0.7687767 ;
18 46 0.7229974 ;
19 46 -0.708582 ;
20 46 0.5266633 ;
21 46 -0.9728743 ;
22 46 0.4554061 ;
23 46 -0.4649592 ;
24 46 -0.5261941 ;
26 46 -0.472283 ;
27 46 -0.7961445 ;
28 46 -0.7376254 ;
29 46 0.4943271 ;
30 46 -0.2178107 ;
32 46 0.7890713 ;
33 46 -0.825405 ;
35 46 -0.8301532 ;
36 46 -0.1344322 ;
38 46 0.8640536 ;
39 46 -0.7966592 ;
40 46 -0.5710672 ;
42 46 0.9822309 ;
43 46 0.9052791 ;
44 46 0.5934689 ;
1 47 -0.6036774 ;
2 47 -0.6123724 ;
3 47 0.1141922 ;
4 47 -0.9138422 ;
5 47 0.7811111 ;
6 47 0.3643561 ;
7 47 -0.424829 ;
9 47 -0.8917562 ;
10 47 -0.5917145 ;
11 47 -0.708554 ;
13 47 -0.9538763 ;
14 47 -0.9420485 ;
16 47 0.02313384 ;
19 47 0.2014366 ;
20 47 0.707091 ;
21 47 0.3537442 ;
23 47 -0.9075731 ;
24 47 -0.2068253 ;
25 47 0.03599367 ;
26 47 0.5748217 ;
28 47 -0.4853262 ;
29 47 -0.8764202 ;
30 47 0.5507795 ;
31 47 0.09764714 ;
32 47 -0.7924849 ;
33 47 0.2380289 ;
34 47 0.1487795 ;
35 47 -0.6669015 ;
37 47 -0.01211382 ;
38 47 -0.532759 ;
39 47 0.1931198 ;
41 47 -0.8184385 ;
43 47 0.4414585 ;
44 47 0.2543692 ;
45 47 0.8799881 ;
46 47 0.5896358 ;
2 48 -0.5257557 ;
3 48 -0.1561581 ;
7 48 -0.4662031 ;
8 48 -0.7500061 ;
9 48 -0.1442846 ;
10 48 0.4633347 ;
13 48 0.5644359 ;
14 48 0.2818766 ;
15 48 -0.7442894 ;
16 48 -0.6766828 ;
18 48 -0.2777611 ;
19 48 0.9981398 ;
21 48 -0.04143829 ;
22 48 0.9601417 ;
24 48 0.1868811 ;
25 48 -0.9505149 ;
26 48 -0.1864453 ;
27 48 0.6821245 ;
30 48 0.5763083 ;
31 48 -0.09648291 ;
32 48 -0.07770688 ;
33 48 -0.2574507 ;
34 48 0.2478936 ;
35 48 -0.06111145 ;
36 48 -0.9867152 ;
37 48 -0.7479661 ;
39 48 0.768743 ;
40 48 -0.593322 ;
41 48 0.2097484 ;
42 48 0.2792076 ;
43 48 0.08597537 ;
44 48 -0.2781643 ;
45 48 0.677199 ;
46 48 -0.776334 ;
0 49 0.2470363 ;
2 49 0.2845851 ;
3 49 -0.3635938 ;
4 49 0.1388605 ;
5 49 0.7017393 ;
6 49 0.8058349 ;
8 49 -0.5812782 ;
9 49 0.20517 ;
10 49 0.9438153 ;
11 49 0.325117 ;
12 49 0.451986 ;
13 49 -0.7774376 ;
14 49 0.2659103 ;
15 49 0.8860449 ;
16 49 -0.5718072 ;
17 49 0.7619577 ;
20 49 0.7938908 ;
21 49 0.3017209 ;
23 49 0.01538615 ;
24 49 0.9655907 ;
25 49 0.106509 ;
26 49 -0.3193422 ;
28 49 0.2729038 ;
29 49 -0.9022277 ;
30 49 -0.2982687 ;
31 49 0.1816041 ;
32 49 -0.605237 ;
33 49 -0.9815343 ;
34 49 -0.5630535 ;
35 49 -0.2507472 ;
37 49 -0.4607314 ;
38 49 -0.1545293 ;
39 49 0.4541974 ;
41 49 0.8085131 ;
43 49 -0.04037748 ;
44 49 -0.4607671 ;
45 49 0.7101991 ;
48 49 0.6182482 ]