n =  50
taille =  967
Mat = [0 1 0.3732064 ;
0 2 -0.6240869 ;
1 2 0.7123419 ;
0 3 0.5342944 ;
0 4 0.1727705 ;
2 4 -0.5378671 ;
1 5 -0.3999531 ;
3 5 -0.7973371 ;
4 5 0.6559857 ;
0 6 -0.5151229 ;
2 6 -0.3439706 ;
3 6 0.4238277 ;
4 6 0.08187581 ;
5 6 0.138195 ;
0 7 -0.07901202 ;
1 7 0.7016795 ;
4 7 0.04535396 ;
6 7 -0.8114666 ;
0 8 0.6209792 ;
2 8 0.06137718 ;
3 8 0.1996985 ;
4 8 0.240922 ;
5 8 -0.5079556 ;
6 8 0.657116 ;
0 9 -0.7351009 ;
2 9 0.02381022 ;
3 9 0.1089015 ;
4 9 -0.1977814 ;
5 9 0.7043549 ;
6 9 -0.9893429 ;
8 9 0.6011238 ;
0 10 -0.9041117 ;
1 10 -0.9982553 ;
2 10 -0.4415272 ;
3 10 -0.1316357 ;
4 10 0.7815879 ;
5 10 -0.8403297 ;
9 10 -0.463073 ;
0 11 -0.3694694 ;
1 11 0.2109032 ;
2 11 0.5061767 ;
4 11 -0.520396 ;
5 11 -0.5751607 ;
6 11 0.5345217 ;
7 11 0.1544879 ;
9 11 0.3312385 ;
1 12 -0.7797039 ;
2 12 -0.3667859 ;
3 12 -0.1774435 ;
4 12 -0.1066599 ;
5 12 -0.09763963 ;
6 12 -0.8920307 ;
7 12 -0.9067882 ;
9 12 -0.2582736 ;
10 12 0.6689452 ;
0 13 -0.81701 ;
2 13 -0.989144 ;
3 13 -0.3847578 ;
4 13 -0.1084716 ;
5 13 -0.2126629 ;
6 13 -0.7548191 ;
7 13 0.2775275 ;
8 13 -0.02965765 ;
9 13 -0.556096 ;
10 13 0.224928 ;
11 13 -0.2312988 ;
12 13 0.06076169 ;
0 14 0.886619 ;
1 14 -0.7402157 ;
2 14 0.3762162 ;
3 14 -0.2231292 ;
4 14 0.474465 ;
5 14 -0.4134061 ;
7 14 -0.5382065 ;
9 14 0.09827479 ;
11 14 0.5986715 ;
13 14 0.05060748 ;
0 15 0.04185828 ;
1 15 0.7317921 ;
2 15 0.005230196 ;
3 15 -0.1871836 ;
4 15 0.1530045 ;
5 15 0.5937739 ;
7 15 -0.3947712 ;
8 15 0.9136073 ;
9 15 0.9203176 ;
10 15 -0.6829601 ;
11 15 0.01861784 ;
13 15 0.3384129 ;
14 15 -0.7505793 ;
0 16 -0.3690596 ;
2 16 -0.001447826 ;
3 16 0.4883061 ;
4 16 0.9976207 ;
5 16 0.1103636 ;
7 16 0.7344131 ;
8 16 0.1762707 ;
9 16 0.1291322 ;
11 16 -0.7262553 ;
12 16 0.2581718 ;
13 16 -0.7341046 ;
14 16 -0.8756739 ;
15 16 0.5334457 ;
1 17 -0.2741517 ;
2 17 0.6861109 ;
3 17 0.9348604 ;
5 17 -0.03024669 ;
6 17 -0.7831552 ;
7 17 0.3748387 ;
9 17 0.5001573 ;
10 17 0.5723349 ;
11 17 -0.8389462 ;
12 17 0.6056088 ;
13 17 0.1061686 ;
15 17 -0.1949954 ;
16 17 0.9976154 ;
0 18 -0.7828914 ;
1 18 -0.650114 ;
2 18 0.979326 ;
3 18 -0.6762986 ;
7 18 -0.7160867 ;
8 18 0.8064003 ;
9 18 0.3623423 ;
11 18 0.9120294 ;
13 18 -0.4824163 ;
14 18 -0.629067 ;
15 18 0.1820701 ;
17 18 0.99096 ;
0 19 0.08716087 ;
1 19 0.4354352 ;
2 19 -0.05376494 ;
4 19 0.06155222 ;
5 19 0.9491878 ;
6 19 0.4423319 ;
8 19 -0.7412016 ;
9 19 -0.5414234 ;
10 19 0.4054812 ;
12 19 -0.8504564 ;
13 19 -0.4675073 ;
16 19 -0.6254737 ;
17 19 0.4318526 ;
18 19 0.6395794 ;
0 20 -0.6556563 ;
1 20 -0.6544883 ;
2 20 -0.3632947 ;
4 20 0.3866252 ;
5 20 0.8207542 ;
6 20 0.08835348 ;
7 20 -0.6878195 ;
10 20 -0.5489656 ;
11 20 -0.1495136 ;
12 20 -0.3466068 ;
13 20 -0.01291215 ;
14 20 0.6058239 ;
15 20 0.923863 ;
16 20 0.2426163 ;
17 20 -0.5214006 ;
18 20 0.6596435 ;
19 20 -0.6245915 ;
0 21 0.186145 ;
1 21 0.01931983 ;
2 21 0.41758 ;
3 21 -0.2437487 ;
4 21 -0.6880366 ;
5 21 0.3716541 ;
6 21 0.6091831 ;
7 21 -0.8176151 ;
8 21 0.8357858 ;
9 21 0.1778374 ;
10 21 0.7725725 ;
11 21 -0.5401771 ;
14 21 -0.5738742 ;
15 21 -0.3738313 ;
16 21 0.1065471 ;
18 21 -0.3925611 ;
19 21 0.2528461 ;
20 21 -0.5710921 ;
0 22 0.6372336 ;
1 22 0.8171061 ;
2 22 0.7529733 ;
3 22 -0.02091782 ;
4 22 0.5863265 ;
5 22 0.9464559 ;
6 22 -0.564294 ;
8 22 -0.2854641 ;
9 22 -0.1107945 ;
10 22 0.1128109 ;
11 22 -0.3638948 ;
13 22 -0.2558682 ;
14 22 0.7779045 ;
15 22 -0.1090205 ;
16 22 -0.5172258 ;
17 22 0.208348 ;
18 22 0.6070374 ;
20 22 -0.4580597 ;
21 22 -0.1019178 ;
0 23 0.299911 ;
1 23 0.9204486 ;
3 23 -0.8407315 ;
4 23 -0.9928952 ;
5 23 -0.3832995 ;
6 23 -0.6717552 ;
7 23 0.02716829 ;
8 23 -0.8070377 ;
10 23 0.7653466 ;
11 23 0.6172367 ;
12 23 -0.5928503 ;
13 23 -0.8458113 ;
14 23 -0.878961 ;
15 23 -0.6748022 ;
17 23 -0.2129286 ;
19 23 -0.4573921 ;
21 23 -0.7272009 ;
22 23 -0.9414131 ;
0 24 -0.02173278 ;
1 24 -0.1573474 ;
2 24 -0.7710118 ;
3 24 -0.5633317 ;
5 24 0.8305753 ;
6 24 0.3610525 ;
7 24 0.7505201 ;
8 24 -0.1879852 ;
10 24 -0.4962726 ;
11 24 -0.2116648 ;
12 24 -0.2542883 ;
13 24 -0.1932935 ;
15 24 -0.5964782 ;
16 24 -0.4193916 ;
17 24 0.09874491 ;
19 24 0.1653101 ;
20 24 0.05960986 ;
21 24 -0.26331 ;
22 24 0.3600013 ;
2 25 -0.7106832 ;
3 25 0.7769615 ;
4 25 0.3181601 ;
5 25 0.6010706 ;
6 25 -0.3514525 ;
8 25 -0.06456053 ;
9 25 0.2938072 ;
10 25 -0.7096812 ;
12 25 0.09665146 ;
16 25 0.04095959 ;
18 25 -0.8322183 ;
19 25 -0.3869049 ;
21 25 0.9336939 ;
22 25 -0.5071557 ;
23 25 0.182347 ;
24 25 -0.1016887 ;
0 26 -0.9345401 ;
1 26 -0.7033852 ;
2 26 -0.7087923 ;
3 26 0.7027555 ;
4 26 -0.9807736 ;
5 26 -0.9326578 ;
8 26 0.4011506 ;
9 26 0.3501709 ;
10 26 0.3764421 ;
12 26 0.06837814 ;
13 26 -0.0371592 ;
15 26 -0.2717498 ;
16 26 0.1637201 ;
17 26 -0.2026253 ;
18 26 0.5947797 ;
19 26 -0.5394194 ;
20 26 -0.2665624 ;
21 26 -0.5598963 ;
22 26 0.468813 ;
23 26 -0.8579002 ;
25 26 -0.2284318 ;
1 27 -0.5412872 ;
2 27 -0.1308722 ;
4 27 0.5510797 ;
5 27 -0.3917121 ;
6 27 -0.4140709 ;
8 27 -0.5914631 ;
9 27 -0.9903997 ;
11 27 0.04718203 ;
12 27 0.8687264 ;
13 27 -0.07783142 ;
15 27 0.3807926 ;
16 27 0.5033534 ;
17 27 0.9271141 ;
18 27 0.891808 ;
19 27 -0.5630264 ;
20 27 -0.003510062 ;
21 27 0.6388946 ;
24 27 -0.1151529 ;
25 27 0.0002075681 ;
0 28 0.005948694 ;
1 28 -0.4467229 ;
3 28 -0.8602094 ;
4 28 -0.7599733 ;
5 28 0.6950218 ;
6 28 0.5226697 ;
7 28 -0.428613 ;
9 28 0.8521213 ;
10 28 -0.2149061 ;
11 28 0.6475263 ;
13 28 0.0149418 ;
14 28 -0.1750739 ;
15 28 -0.3707266 ;
16 28 -0.9711666 ;
17 28 -0.8773768 ;
18 28 0.7860722 ;
19 28 -0.04441147 ;
20 28 0.8243397 ;
21 28 -0.6181571 ;
22 28 0.8633878 ;
24 28 0.2260594 ;
26 28 0.6822334 ;
27 28 0.7147951 ;
0 29 0.4653297 ;
1 29 0.8926135 ;
2 29 -0.5046392 ;
3 29 -0.9448791 ;
4 29 -0.4930014 ;
6 29 0.6031992 ;
7 29 0.07653549 ;
10 29 -0.03818294 ;
11 29 0.8437073 ;
12 29 0.2510913 ;
14 29 -0.2923748 ;
15 29 0.04285641 ;
16 29 -0.9715888 ;
17 29 -0.7514343 ;
18 29 0.4911341 ;
19 29 -0.7036421 ;
20 29 -0.5574935 ;
21 29 -0.3647009 ;
22 29 -0.3144426 ;
23 29 -0.1122303 ;
24 29 0.1627291 ;
25 29 -0.02688607 ;
26 29 -0.5464518 ;
28 29 0.4180973 ;
0 30 0.8418783 ;
1 30 -0.5174058 ;
2 30 -0.1035888 ;
3 30 -0.928591 ;
4 30 0.0556195 ;
5 30 -0.6873283 ;
6 30 0.2723068 ;
7 30 0.5443105 ;
8 30 -0.9205867 ;
9 30 0.907927 ;
10 30 -0.8374912 ;
11 30 -0.2698834 ;
13 30 -0.4405629 ;
14 30 0.6069611 ;
15 30 0.1540966 ;
17 30 -0.0008746958 ;
18 30 -0.7117531 ;
20 30 0.8893569 ;
21 30 0.3185279 ;
24 30 0.3916441 ;
25 30 -0.5411644 ;
26 30 0.6887306 ;
27 30 0.5250078 ;
28 30 0.08856133 ;
29 30 -0.04616847 ;
0 31 -0.5803127 ;
1 31 -0.7313939 ;
2 31 -0.9044415 ;
3 31 -0.6751767 ;
4 31 -0.472153 ;
5 31 -0.5903597 ;
7 31 0.1514482 ;
8 31 0.2172434 ;
9 31 0.1967442 ;
10 31 -0.01441603 ;
11 31 0.3107858 ;
12 31 -0.3935879 ;
17 31 0.628814 ;
18 31 -0.4458596 ;
19 31 -0.1341048 ;
20 31 0.6045418 ;
21 31 0.6978853 ;
22 31 -0.8627201 ;
23 31 -0.8590764 ;
24 31 -0.9020784 ;
25 31 0.6409842 ;
26 31 0.3796828 ;
27 31 -0.801036 ;
28 31 -0.5886307 ;
30 31 0.4328389 ;
0 32 0.04676897 ;
1 32 0.4684713 ;
2 32 0.7400109 ;
3 32 -0.6003757 ;
4 32 0.946428 ;
5 32 -0.9417241 ;
6 32 -0.9627086 ;
7 32 0.937173 ;
8 32 0.1605361 ;
9 32 -0.8256133 ;
10 32 0.1300423 ;
11 32 -0.7972805 ;
12 32 -0.9364513 ;
14 32 0.8147518 ;
15 32 -0.8893904 ;
16 32 0.3789549 ;
18 32 -0.6874921 ;
19 32 -0.8283049 ;
20 32 0.3327282 ;
21 32 -0.8337552 ;
22 32 -0.6288903 ;
23 32 -0.08943729 ;
24 32 0.1948124 ;
25 32 0.8993653 ;
26 32 0.6534959 ;
28 32 -0.0620043 ;
29 32 -0.53815 ;
30 32 -0.8054686 ;
31 32 -0.06855925 ;
0 33 0.3123878 ;
1 33 0.6458572 ;
2 33 -0.02631101 ;
3 33 -0.9464527 ;
4 33 -0.8658348 ;
5 33 0.4049213 ;
6 33 -0.2871996 ;
7 33 0.1310139 ;
8 33 -0.77651 ;
9 33 -0.1653966 ;
10 33 0.3308594 ;
13 33 -0.07900571 ;
15 33 -0.3410943 ;
16 33 -0.6657246 ;
17 33 0.7420617 ;
21 33 0.01947128 ;
23 33 0.3511673 ;
24 33 -0.5969409 ;
27 33 0.07587678 ;
29 33 -0.6778488 ;
30 33 0.7315284 ;
31 33 -0.6660917 ;
32 33 0.7167094 ;
0 34 0.2036179 ;
4 34 0.06262453 ;
5 34 -0.5278315 ;
6 34 0.5006988 ;
7 34 -0.5117793 ;
8 34 -0.1234811 ;
9 34 0.2496913 ;
10 34 0.9159564 ;
11 34 -0.2794148 ;
12 34 -0.4456737 ;
13 34 -0.0008231197 ;
14 34 0.2818249 ;
15 34 0.78735 ;
17 34 0.1569679 ;
18 34 0.751676 ;
19 34 -0.251095 ;
20 34 0.4126825 ;
22 34 -0.3430749 ;
24 34 -0.1032791 ;
25 34 -0.8381135 ;
26 34 -0.4816291 ;
27 34 0.6246663 ;
28 34 0.7648109 ;
29 34 -0.389106 ;
31 34 0.001609824 ;
32 34 -0.5662161 ;
0 35 0.1905217 ;
1 35 -0.7443584 ;
3 35 -0.9945421 ;
4 35 -0.128183 ;
5 35 -0.3630861 ;
6 35 -0.0635828 ;
7 35 0.8618518 ;
8 35 0.7066519 ;
9 35 0.9017585 ;
11 35 0.7547695 ;
12 35 0.2449617 ;
13 35 -0.3861041 ;
14 35 0.3022765 ;
15 35 -0.8095163 ;
16 35 0.07397909 ;
17 35 0.4879693 ;
18 35 -0.6063889 ;
20 35 0.07314626 ;
22 35 0.7814704 ;
23 35 -0.6387427 ;
26 35 -0.2543592 ;
27 35 -0.4018568 ;
28 35 -0.4750304 ;
29 35 0.2244509 ;
30 35 0.9498385 ;
34 35 0.5907265 ;
0 36 -0.11336 ;
1 36 0.5135417 ;
2 36 -0.4200902 ;
3 36 0.3542652 ;
4 36 -0.6016057 ;
5 36 0.1643213 ;
7 36 -0.3675133 ;
8 36 -0.5858929 ;
10 36 -0.7496468 ;
11 36 0.5054618 ;
12 36 0.6418455 ;
13 36 0.7483245 ;
14 36 -0.7037762 ;
15 36 -0.3190678 ;
16 36 0.9774122 ;
17 36 0.6205516 ;
18 36 0.9604669 ;
20 36 -0.6988243 ;
22 36 -0.1608578 ;
23 36 0.1816029 ;
24 36 -0.4589003 ;
25 36 -0.3706124 ;
26 36 0.3848017 ;
27 36 -0.592159 ;
28 36 -0.06480532 ;
29 36 -0.9186698 ;
30 36 0.6331753 ;
31 36 -0.08587239 ;
34 36 0.3336299 ;
35 36 -0.3917564 ;
0 37 -0.623556 ;
1 37 -0.9387461 ;
2 37 -0.1783578 ;
4 37 0.7873415 ;
6 37 0.5883497 ;
7 37 0.3737744 ;
8 37 0.3175934 ;
9 37 0.7571562 ;
11 37 -0.2822995 ;
12 37 -0.5035418 ;
13 37 -0.8317127 ;
14 37 -0.6360781 ;
15 37 0.9091934 ;
16 37 0.8058494 ;
17 37 0.4340175 ;
18 37 0.635713 ;
19 37 0.9729014 ;
20 37 0.7632769 ;
22 37 0.3737021 ;
23 37 -0.851521 ;
24 37 -0.9274565 ;
25 37 0.01506846 ;
26 37 0.8832757 ;
27 37 0.7375309 ;
28 37 -0.3787141 ;
29 37 -0.04242327 ;
30 37 -0.4445898 ;
31 37 -0.06125138 ;
32 37 0.8098573 ;
33 37 0.4600863 ;
34 37 -0.8156773 ;
35 37 -0.3302039 ;
36 37 -0.4241427 ;
0 38 -0.2287977 ;
1 38 -0.2317026 ;
2 38 0.1561496 ;
6 38 -0.8003064 ;
8 38 -0.4400809 ;
9 38 -0.1424976 ;
10 38 -0.3917254 ;
12 38 0.1141692 ;
13 38 -0.7272502 ;
14 38 0.1420229 ;
16 38 0.4080574 ;
18 38 -0.7518633 ;
19 38 0.7175184 ;
20 38 0.3360238 ;
21 38 0.8908522 ;
22 38 -0.0214081 ;
23 38 -0.238782 ;
25 38 0.5897015 ;
26 38 -0.2658921 ;
27 38 0.2215306 ;
28 38 0.5014135 ;
29 38 -0.2515782 ;
30 38 -0.5515316 ;
31 38 -0.8791227 ;
32 38 0.478594 ;
33 38 -0.2600451 ;
35 38 -0.6575422 ;
36 38 0.8465966 ;
37 38 -0.8429234 ;
0 39 0.1959466 ;
1 39 0.08425775 ;
2 39 -0.4928636 ;
3 39 0.2263482 ;
4 39 0.2815267 ;
5 39 0.03853908 ;
6 39 -0.3074471 ;
7 39 0.9353983 ;
10 39 -0.001042029 ;
11 39 0.6372977 ;
12 39 0.2261663 ;
13 39 0.2478044 ;
14 39 -0.007370637 ;
15 39 0.2206256 ;
16 39 0.7754286 ;
17 39 -0.6677618 ;
18 39 0.5626016 ;
19 39 -0.7505571 ;
20 39 -0.136515 ;
21 39 0.01945095 ;
22 39 -0.8201769 ;
23 39 -0.9505466 ;
24 39 0.5824146 ;
27 39 -0.1152452 ;
29 39 0.005602762 ;
30 39 0.9029468 ;
31 39 0.9529868 ;
32 39 0.9947572 ;
33 39 -0.4390048 ;
35 39 0.1335852 ;
37 39 -0.485925 ;
38 39 0.2322631 ;
0 40 0.9389794 ;
1 40 -0.6921971 ;
2 40 0.5867237 ;
3 40 -0.8612765 ;
4 40 -0.3922132 ;
5 40 0.02231949 ;
7 40 -0.6879388 ;
8 40 -0.2471447 ;
9 40 -0.02994181 ;
10 40 -0.730714 ;
11 40 0.6416868 ;
12 40 0.2165079 ;
13 40 0.6276764 ;
14 40 0.2655056 ;
16 40 -0.4408435 ;
17 40 -0.6853749 ;
18 40 -0.8547429 ;
19 40 -0.9400485 ;
20 40 0.7179895 ;
24 40 -0.3703772 ;
25 40 0.4648795 ;
26 40 0.4183968 ;
27 40 -0.2682785 ;
28 40 0.8181613 ;
29 40 -0.4939767 ;
30 40 -0.3744619 ;
32 40 0.734299 ;
33 40 -0.6910055 ;
34 40 -0.8424314 ;
35 40 0.3209355 ;
36 40 -0.3515059 ;
37 40 0.2724904 ;
39 40 0.009583126 ;
0 41 0.222703 ;
1 41 0.3393817 ;
2 41 0.03834811 ;
4 41 -0.5145014 ;
5 41 0.6370358 ;
6 41 0.08120255 ;
7 41 0.2141209 ;
8 41 -0.06885362 ;
10 41 -0.4078541 ;
11 41 0.1223179 ;
13 41 -0.8053112 ;
14 41 -0.3532063 ;
15 41 -0.2035415 ;
16 41 0.9834569 ;
17 41 -0.1096364 ;
18 41 0.6267392 ;
19 41 0.05559497 ;
21 41 0.9618589 ;
23 41 0.440642 ;
24 41 -0.01646352 ;
25 41 0.6793778 ;
26 41 -0.2165177 ;
29 41 0.1286219 ;
30 41 -0.1626429 ;
31 41 -0.1219437 ;
32 41 -0.1297607 ;
34 41 -0.861809 ;
35 41 0.7029859 ;
36 41 0.8362634 ;
37 41 0.02363604 ;
38 41 -0.7205121 ;
39 41 -0.4145017 ;
40 41 0.6624392 ;
1 42 -0.1886896 ;
3 42 0.321012 ;
4 42 -0.5144937 ;
5 42 0.3125453 ;
6 42 0.4594091 ;
8 42 0.2511862 ;
9 42 -0.969912 ;
10 42 0.1700055 ;
12 42 0.1007179 ;
13 42 0.2564592 ;
14 42 -0.8072526 ;
16 42 -0.3860072 ;
17 42 0.5760777 ;
18 42 -0.33681 ;
19 42 0.85962 ;
20 42 0.6291014 ;
22 42 -0.3311328 ;
24 42 -0.4734053 ;
25 42 0.1513202 ;
27 42 -0.5298631 ;
28 42 -0.05883502 ;
29 42 -0.1559665 ;
31 42 0.7274681 ;
32 42 0.9035379 ;
34 42 0.1417699 ;
35 42 -0.3811306 ;
36 42 -0.08811794 ;
37 42 0.3248471 ;
38 42 0.7377433 ;
41 42 0.460018 ;
0 43 0.3230907 ;
1 43 -0.4839114 ;
2 43 -0.971346 ;
3 43 0.9143609 ;
4 43 0.6362295 ;
5 43 -0.7012445 ;
8 43 0.243471 ;
9 43 0.4978874 ;
10 43 0.9532999 ;
11 43 0.05907566 ;
13 43 -0.2514847 ;
15 43 -0.2957969 ;
16 43 -0.8423285 ;
17 43 -0.504521 ;
19 43 0.8461026 ;
20 43 -0.5103445 ;
21 43 0.8311482 ;
22 43 0.3992257 ;
23 43 0.9553192 ;
24 43 -0.8664752 ;
25 43 0.134756 ;
26 43 0.741438 ;
28 43 0.5089686 ;
29 43 -0.9111931 ;
30 43 -0.8827056 ;
31 43 -0.6199329 ;
32 43 0.5729831 ;
33 43 0.7250389 ;
34 43 -0.7352139 ;
35 43 0.6304592 ;
36 43 0.2291217 ;
38 43 -0.02102805 ;
40 43 0.3812708 ;
41 43 -0.9531415 ;
42 43 -0.4832861 ;
0 44 0.8093801 ;
2 44 -0.1736009 ;
3 44 -0.9869396 ;
4 44 -0.7659195 ;
5 44 0.437321 ;
10 44 -0.9016746 ;
11 44 -0.1622079 ;
12 44 -0.718263 ;
13 44 -0.8950662 ;
15 44 0.9068358 ;
16 44 0.4427173 ;
17 44 -0.3622739 ;
18 44 -0.714794 ;
19 44 0.9575521 ;
20 44 -0.2727561 ;
21 44 -0.2956251 ;
22 44 0.2364865 ;
24 44 0.3888657 ;
26 44 0.2370162 ;
28 44 0.5008497 ;
29 44 -0.999038 ;
30 44 -0.1387382 ;
31 44 0.2137654 ;
32 44 -0.08910287 ;
33 44 0.5533334 ;
35 44 -0.9742507 ;
36 44 0.6198623 ;
37 44 0.3259382 ;
38 44 0.7573014 ;
39 44 -0.8862799 ;
41 44 0.9696328 ;
42 44 -0.9928611 ;
43 44 -0.569737 ;
0 45 0.4064042 ;
1 45 -0.4774821 ;
2 45 -0.1935672 ;
3 45 -0.4239214 ;
4 45 -0.3545118 ;
5 45 -0.471248 ;
9 45 0.2307738 ;
10 45 0.8358962 ;
11 45 -0.6972429 ;
13 45 -0.8570966 ;
14 45 0.3146343 ;
16 45 -0.520445 ;
18 45 0.8724967 ;
19 45 0.3749558 ;
20 45 0.7559768 ;
21 45 -0.6609564 ;
22 45 -0.0843421 ;
23 45 0.8827541 ;
25 45 -0.3424534 ;
26 45 -0.3860639 ;
27 45 -0.7808478 ;
29 45 -0.3419911 ;
30 45 0.7676592 ;
32 45 0.8446673 ;
33 45 -0.568764 ;
34 45 0.2719781 ;
36 45 -0.2503736 ;
37 45 -0.37396 ;
38 45 0.9763078 ;
39 45 -0.3724934 ;
40 45 -0.5013556 ;
41 45 -0.6381295 ;
43 45 0.5435914 ;
44 45 0.1951718 ;
0 46 -0.1863012 ;
1 46 -0.7204077 ;
2 46 -0.1554909 ;
4 46 0.8765089 ;
6 46 0.8103885 ;
7 46 0.769944 ;
8 46 -0.7753437 ;
10 46 -0.01431296 ;
12 46 0.1966545 ;
13 46 -0.5663745 ;
14 46 0.07607113 ;
17 46 0.5836341 ;
19 46 0.6978565 ;
20 46 -0.7568549 ;
21 46 -0.3545749 ;
22 46 0.5148919 ;
23 46 -0.8923708 ;
24 46 -0.8353334 ;
25 46 0.3446231 ;
26 46 0.960293 ;
28 46 -0.2348467 ;
29 46 0.8537547 ;
30 46 -0.03076994 ;
31 46 0.9926145 ;
32 46 -0.5241261 ;
33 46 -0.4560532 ;
35 46 -0.8258748 ;
36 46 -0.5421821 ;
37 46 0.6119886 ;
38 46 -0.9916892 ;
39 46 -0.864725 ;
40 46 0.6933482 ;
41 46 0.1195655 ;
42 46 0.4277447 ;
43 46 0.7808658 ;
44 46 -0.7657711 ;
45 46 0.8079152 ;
0 47 0.4647745 ;
1 47 -0.1349914 ;
3 47 0.515976 ;
5 47 -0.6108351 ;
6 47 -0.4236745 ;
7 47 0.4837678 ;
9 47 0.258965 ;
10 47 -0.2888086 ;
11 47 0.08347307 ;
12 47 0.9854464 ;
13 47 0.1473149 ;
14 47 -0.335711 ;
15 47 0.4473683 ;
16 47 -0.08131097 ;
17 47 -0.6066356 ;
18 47 -0.1167578 ;
19 47 -0.8601873 ;
20 47 -0.310611 ;
21 47 0.9711881 ;
22 47 -0.08600537 ;
23 47 0.6031878 ;
24 47 -0.2674543 ;
26 47 -0.1389544 ;
28 47 -0.646483 ;
29 47 -0.6909408 ;
30 47 -0.4432369 ;
31 47 0.3340736 ;
32 47 -0.3592975 ;
33 47 0.6919494 ;
34 47 0.4393717 ;
35 47 -0.620407 ;
36 47 -0.58604 ;
38 47 0.5031108 ;
39 47 0.02647484 ;
40 47 0.8718444 ;
41 47 0.9759397 ;
42 47 -0.5033566 ;
43 47 0.7163241 ;
44 47 -0.07759462 ;
45 47 0.5455114 ;
46 47 -0.5537071 ;
0 48 0.6591859 ;
1 48 -0.4837816 ;
2 48 0.7694236 ;
3 48 -0.9727073 ;
4 48 -0.9152726 ;
6 48 -0.1565173 ;
7 48 -0.7921805 ;
8 48 -0.1437072 ;
9 48 -0.9238565 ;
10 48 0.8872933 ;
11 48 0.8040086 ;
12 48 -0.1420146 ;
13 48 0.4875232 ;
15 48 0.3985663 ;
16 48 0.03606126 ;
17 48 -0.2587087 ;
18 48 0.6676889 ;
19 48 0.5526154 ;
21 48 0.7600855 ;
22 48 0.8456374 ;
23 48 -0.4632718 ;
25 48 0.4445197 ;
26 48 -0.5684142 ;
28 48 -0.9030464 ;
29 48 -0.7366892 ;
30 48 0.4491616 ;
31 48 0.2008111 ;
33 48 0.5133814 ;
35 48 0.978801 ;
37 48 0.9493961 ;
38 48 0.8488675 ;
39 48 -0.005645775 ;
40 48 -0.2032959 ;
41 48 -0.8693029 ;
42 48 0.1327394 ;
43 48 -0.6457273 ;
45 48 -0.3755597 ;
46 48 -0.8915961 ;
47 48 -0.1537636 ;
2 49 0.1014594 ;
3 49 -0.4451333 ;
4 49 -0.9415625 ;
8 49 -0.4405231 ;
9 49 0.002338555 ;
10 49 0.6965697 ;
11 49 0.7646291 ;
12 49 0.5698691 ;
13 49 -0.962707 ;
14 49 -0.4527516 ;
15 49 -0.5335237 ;
16 49 0.09054632 ;
17 49 0.7656238 ;
18 49 0.1948536 ;
19 49 0.6547706 ;
21 49 0.7902847 ;
22 49 -0.6524703 ;
24 49 0.8423807 ;
25 49 -0.1074553 ;
26 49 -0.5003756 ;
27 49 -0.9978023 ;
28 49 -0.6970577 ;
29 49 -0.9749026 ;
30 49 0.8913532 ;
33 49 -0.3870036 ;
34 49 0.7270142 ;
35 49 0.6597753 ;
36 49 0.5326842 ;
38 49 -0.8845284 ;
39 49 -0.6621645 ;
40 49 0.7614906 ;
42 49 -0.7659047 ;
43 49 -0.6557209 ;
44 49 0.8113094 ;
45 49 0.9844554 ;
46 49 -0.9785203 ;
47 49 -0.4599692 ;
48 49 -0.1984203 ]