n =  35
taille =  480
Mat = [0 1 -0.2870495 ;
0 2 0.8898224 ;
1 2 0.03674766 ;
0 3 -0.6602554 ;
1 3 0.8217249 ;
2 3 -0.8579838 ;
0 4 0.3482914 ;
1 4 -0.8181272 ;
2 4 0.1630466 ;
3 4 0.5682297 ;
0 5 -0.6382524 ;
2 5 -0.9545081 ;
3 5 0.0150549 ;
0 6 -0.2654488 ;
1 6 0.2650135 ;
2 6 -0.7382467 ;
3 6 -0.7961757 ;
4 6 0.8018664 ;
5 6 -0.1144862 ;
0 7 -0.5546365 ;
1 7 0.4187008 ;
2 7 0.5628631 ;
3 7 0.2136503 ;
4 7 -0.405011 ;
5 7 0.5378895 ;
6 7 0.7128314 ;
1 8 -0.04966021 ;
2 8 -0.2540588 ;
3 8 0.09547449 ;
4 8 -0.4660261 ;
5 8 0.5679458 ;
6 8 0.256119 ;
1 9 -0.3944837 ;
2 9 0.6214179 ;
3 9 -0.4550017 ;
5 9 0.6434799 ;
6 9 0.1821503 ;
7 9 0.8876886 ;
8 9 0.7938801 ;
0 10 -0.2482839 ;
2 10 -0.441655 ;
3 10 -0.3676685 ;
4 10 0.4598575 ;
5 10 0.683934 ;
6 10 0.8197721 ;
8 10 0.8223963 ;
9 10 -0.697678 ;
0 11 0.3998034 ;
1 11 0.919625 ;
3 11 -0.307628 ;
4 11 0.5543913 ;
5 11 -0.006517313 ;
6 11 -0.330133 ;
7 11 0.476497 ;
9 11 0.1516158 ;
10 11 0.2240652 ;
0 12 0.797815 ;
1 12 0.9573293 ;
3 12 -0.2489343 ;
5 12 0.4752508 ;
6 12 0.7761257 ;
7 12 0.3851582 ;
8 12 -0.1972419 ;
9 12 0.448002 ;
10 12 0.3789551 ;
11 12 0.4640545 ;
0 13 0.1961861 ;
1 13 -0.977393 ;
2 13 0.8329937 ;
3 13 -0.4109375 ;
4 13 -0.8839197 ;
5 13 -0.5107164 ;
6 13 0.7938056 ;
7 13 -0.9524344 ;
8 13 -0.3081561 ;
9 13 0.3400575 ;
10 13 0.9177724 ;
11 13 0.3492793 ;
0 14 0.9949827 ;
1 14 -0.4659424 ;
3 14 -0.4399216 ;
5 14 -0.3446945 ;
6 14 -0.3719691 ;
7 14 -0.6845443 ;
9 14 0.7753044 ;
10 14 -0.2278936 ;
11 14 -0.123952 ;
12 14 0.7922029 ;
13 14 -0.1339102 ;
0 15 0.1270247 ;
1 15 0.2683411 ;
2 15 -0.3168627 ;
3 15 -0.9354896 ;
4 15 0.6222851 ;
5 15 -0.2189264 ;
6 15 -0.3788628 ;
8 15 -0.8712436 ;
9 15 0.2916085 ;
10 15 -0.01609054 ;
11 15 0.3809449 ;
12 15 -0.2698918 ;
13 15 -0.9853661 ;
14 15 0.9839271 ;
0 16 -0.05239331 ;
1 16 -0.5979296 ;
2 16 -0.04227862 ;
3 16 -0.111565 ;
4 16 0.9934185 ;
5 16 -0.2960944 ;
7 16 -0.2064316 ;
9 16 0.6590493 ;
12 16 -0.5895398 ;
13 16 -0.09935084 ;
14 16 -0.8257638 ;
0 17 -0.3691931 ;
2 17 -0.8241738 ;
4 17 0.3451046 ;
5 17 -0.6395013 ;
6 17 0.6687161 ;
8 17 0.9100802 ;
9 17 0.8171916 ;
11 17 0.1793277 ;
12 17 0.3897479 ;
13 17 -0.9787067 ;
16 17 0.01515036 ;
0 18 0.6035686 ;
1 18 0.7257629 ;
2 18 0.1258357 ;
3 18 -0.02166531 ;
4 18 0.9974501 ;
5 18 0.4573883 ;
6 18 0.4031352 ;
7 18 0.4581993 ;
8 18 0.2898753 ;
9 18 0.5824759 ;
10 18 0.9329684 ;
11 18 -0.213594 ;
12 18 -0.6177437 ;
13 18 0.6600771 ;
14 18 0.4283188 ;
15 18 -0.04504264 ;
16 18 0.2040663 ;
17 18 -0.9787653 ;
0 19 -0.1543463 ;
1 19 0.4634532 ;
4 19 0.7128749 ;
5 19 -0.6615797 ;
6 19 0.01177356 ;
7 19 0.8485086 ;
8 19 0.2293306 ;
10 19 0.7451214 ;
11 19 -0.386467 ;
12 19 -0.2436334 ;
14 19 -0.1233321 ;
15 19 0.1224319 ;
16 19 -0.3494078 ;
17 19 0.7586219 ;
18 19 -0.9398047 ;
1 20 -0.6564475 ;
2 20 -0.00292963 ;
3 20 0.152 ;
4 20 -0.006518035 ;
5 20 -0.5017945 ;
6 20 0.1454575 ;
7 20 -0.2175883 ;
8 20 0.7019589 ;
10 20 -0.9969952 ;
11 20 -0.9497588 ;
13 20 0.7913041 ;
14 20 -0.868121 ;
15 20 0.1836427 ;
17 20 -0.6868297 ;
18 20 0.7417826 ;
19 20 -0.00152687 ;
0 21 0.8989711 ;
1 21 0.03019404 ;
3 21 -0.9305333 ;
4 21 -0.6855178 ;
5 21 0.5741464 ;
6 21 0.270177 ;
7 21 0.4799609 ;
8 21 0.4245714 ;
9 21 -0.965262 ;
10 21 -0.9519712 ;
11 21 -0.4533691 ;
12 21 -0.5678881 ;
13 21 0.1404631 ;
14 21 -0.6807918 ;
15 21 0.5861196 ;
16 21 0.8493376 ;
19 21 0.1310567 ;
20 21 -0.8676305 ;
0 22 0.9860213 ;
1 22 0.3432601 ;
2 22 -0.4050621 ;
3 22 -0.1317929 ;
4 22 0.7173579 ;
5 22 0.1864728 ;
7 22 0.6746748 ;
9 22 -0.1607213 ;
11 22 -0.5075415 ;
13 22 -0.8023072 ;
14 22 -0.1554569 ;
15 22 -0.4242369 ;
16 22 0.7517605 ;
17 22 0.404213 ;
18 22 -0.4513882 ;
19 22 -0.04689274 ;
21 22 -0.006854353 ;
0 23 0.1804898 ;
1 23 -0.8193821 ;
2 23 -0.9541498 ;
3 23 -0.1560674 ;
4 23 -0.8136732 ;
5 23 0.2066948 ;
7 23 -0.08011966 ;
8 23 0.1824205 ;
12 23 -0.2531828 ;
13 23 0.9173005 ;
14 23 -0.2781498 ;
15 23 -0.3368466 ;
16 23 0.1620653 ;
17 23 0.6373276 ;
18 23 -0.7428846 ;
20 23 0.5639344 ;
21 23 -0.327042 ;
22 23 -0.3866712 ;
2 24 0.4689214 ;
4 24 -0.6784653 ;
5 24 -0.07234581 ;
7 24 0.4689269 ;
8 24 -0.6804187 ;
9 24 0.59075 ;
10 24 -0.9538446 ;
11 24 0.1622332 ;
12 24 0.1185319 ;
13 24 0.03670837 ;
14 24 -0.2492695 ;
17 24 -0.1157381 ;
19 24 -0.9578585 ;
20 24 -0.4164 ;
21 24 0.339346 ;
22 24 0.4749448 ;
23 24 0.5287907 ;
0 25 -0.111637 ;
1 25 0.2788609 ;
2 25 0.2188111 ;
3 25 0.4701837 ;
4 25 0.4917339 ;
5 25 0.5140825 ;
6 25 0.4662423 ;
7 25 -0.8810287 ;
8 25 0.622494 ;
9 25 -0.9149099 ;
10 25 -0.3777556 ;
11 25 -0.1642208 ;
12 25 0.008457552 ;
13 25 -0.9330515 ;
14 25 -0.3906564 ;
15 25 -0.1363662 ;
18 25 0.4315264 ;
19 25 0.1008392 ;
21 25 0.45195 ;
23 25 0.2948533 ;
24 25 -0.5643565 ;
0 26 -0.8135397 ;
1 26 0.8778789 ;
3 26 -0.07005494 ;
4 26 -0.3535712 ;
5 26 -0.7389796 ;
6 26 0.9366839 ;
7 26 0.700012 ;
8 26 -0.4470185 ;
10 26 -0.4227428 ;
11 26 0.6690989 ;
13 26 -0.5598162 ;
14 26 -0.8188483 ;
15 26 -0.1285749 ;
16 26 -0.9214752 ;
17 26 -0.1909558 ;
20 26 0.4134953 ;
23 26 0.9745191 ;
24 26 0.7516142 ;
25 26 -0.375896 ;
0 27 0.5186746 ;
1 27 -0.141981 ;
2 27 -0.1907171 ;
3 27 -0.9071649 ;
4 27 -0.9158287 ;
7 27 -0.5889985 ;
8 27 -0.5801349 ;
9 27 -0.3497899 ;
10 27 0.3415746 ;
13 27 0.8739303 ;
14 27 0.005839621 ;
15 27 -0.5181068 ;
16 27 0.01974943 ;
17 27 -0.2455888 ;
18 27 -0.2111456 ;
19 27 -0.3421979 ;
20 27 -0.2976501 ;
21 27 -0.1301093 ;
22 27 -0.4046742 ;
23 27 -0.9333704 ;
24 27 -0.1393685 ;
25 27 0.8544719 ;
0 28 0.418977 ;
2 28 0.3072483 ;
3 28 0.8183615 ;
4 28 -0.05624683 ;
5 28 -0.8151533 ;
6 28 -0.3662676 ;
8 28 0.3987383 ;
9 28 0.6100237 ;
10 28 0.905608 ;
11 28 -0.7796168 ;
12 28 -0.603453 ;
13 28 0.4117141 ;
14 28 0.38652 ;
16 28 0.1063717 ;
18 28 -0.2041486 ;
20 28 0.6640062 ;
21 28 -0.3819426 ;
22 28 -0.06048436 ;
24 28 -0.6473201 ;
25 28 0.5663204 ;
26 28 0.4274542 ;
27 28 -0.1391678 ;
1 29 0.3363329 ;
2 29 0.8506055 ;
3 29 0.797194 ;
4 29 0.8483576 ;
6 29 -0.2763695 ;
7 29 -0.02657257 ;
8 29 -0.3101584 ;
10 29 -0.4663751 ;
12 29 -0.7181529 ;
13 29 -0.9578078 ;
14 29 -0.08127224 ;
15 29 0.1704678 ;
16 29 -0.2652767 ;
17 29 0.6060718 ;
18 29 0.5626362 ;
19 29 0.6072389 ;
20 29 0.2696965 ;
22 29 0.9658607 ;
24 29 -0.7689212 ;
25 29 -0.6025172 ;
26 29 0.1443198 ;
27 29 -0.3263379 ;
28 29 -0.9697509 ;
0 30 -0.3361446 ;
1 30 0.3140007 ;
2 30 -0.3027907 ;
3 30 -0.9062251 ;
5 30 0.9388942 ;
7 30 0.9599608 ;
8 30 0.6789854 ;
9 30 0.3966219 ;
10 30 -0.6150558 ;
11 30 0.02725816 ;
12 30 -0.05328358 ;
13 30 0.1644361 ;
14 30 -0.9093818 ;
15 30 -0.9907807 ;
16 30 -0.8020001 ;
17 30 -0.7149538 ;
18 30 0.7572192 ;
19 30 -0.3139005 ;
20 30 0.6315868 ;
21 30 0.8402484 ;
22 30 -0.202877 ;
23 30 -0.5357585 ;
24 30 0.8567565 ;
25 30 0.02205101 ;
26 30 -0.6697216 ;
27 30 0.8928135 ;
28 30 -0.7201095 ;
1 31 0.1542419 ;
3 31 0.07337291 ;
5 31 -0.6274897 ;
6 31 0.9587668 ;
7 31 0.4779103 ;
8 31 -0.2385038 ;
9 31 0.1317295 ;
10 31 0.3973151 ;
11 31 -0.9704339 ;
12 31 -0.6414136 ;
14 31 -0.7428477 ;
15 31 -0.4470557 ;
16 31 0.7120428 ;
19 31 0.03516375 ;
21 31 0.3797903 ;
23 31 -0.8873955 ;
24 31 0.9552585 ;
25 31 -0.03957775 ;
26 31 -0.7920133 ;
27 31 0.5241526 ;
29 31 0.9322084 ;
0 32 -0.4562643 ;
1 32 0.7562735 ;
2 32 0.07624524 ;
3 32 0.1510274 ;
4 32 0.4598682 ;
6 32 0.1941729 ;
7 32 0.259439 ;
8 32 0.9238396 ;
9 32 0.8460814 ;
10 32 0.4506627 ;
12 32 0.1284029 ;
13 32 0.1697643 ;
15 32 -0.5778688 ;
16 32 -0.3234235 ;
18 32 -0.3341267 ;
19 32 -0.5664932 ;
20 32 0.3634514 ;
23 32 0.8831123 ;
24 32 -0.3520397 ;
25 32 -0.7044031 ;
26 32 -0.8713937 ;
27 32 -0.1873082 ;
28 32 -0.4879145 ;
29 32 -0.9273344 ;
30 32 0.02001659 ;
31 32 -0.3502399 ;
2 33 0.2007578 ;
3 33 0.8350541 ;
4 33 -0.05859398 ;
6 33 -0.1912858 ;
7 33 -0.4274368 ;
8 33 -0.3486563 ;
9 33 0.03515591 ;
11 33 0.1072137 ;
12 33 0.9034081 ;
15 33 0.5431425 ;
16 33 -0.2662991 ;
17 33 0.05184301 ;
18 33 -0.5629765 ;
19 33 0.1058671 ;
20 33 -0.6119819 ;
21 33 -0.7233291 ;
22 33 -0.8716076 ;
23 33 0.04560282 ;
24 33 0.2193425 ;
25 33 0.3854023 ;
26 33 0.04731681 ;
27 33 -0.8594449 ;
28 33 -0.2918721 ;
30 33 -0.7696574 ;
31 33 0.3271399 ;
32 33 -0.1907166 ;
0 34 -0.2848947 ;
1 34 -0.2015131 ;
2 34 -0.7721865 ;
3 34 -0.9548226 ;
4 34 0.1656409 ;
5 34 0.4599206 ;
8 34 0.4342519 ;
9 34 0.3190508 ;
10 34 0.3959541 ;
13 34 -0.4487502 ;
14 34 0.6823027 ;
15 34 0.8437736 ;
16 34 -0.483451 ;
17 34 0.7424253 ;
18 34 -0.3273386 ;
19 34 -0.422261 ;
20 34 0.3750108 ;
21 34 -0.2902218 ;
22 34 -0.5872805 ;
23 34 -0.7350973 ;
24 34 0.03256104 ;
25 34 0.5287334 ;
26 34 0.8711962 ;
27 34 -0.2520228 ;
28 34 -0.7893709 ;
29 34 0.5795171 ;
30 34 -0.7336151 ;
31 34 -0.6573717 ;
32 34 0.4513252 ]