n =  30
taille =  92
Mat = [0 6 -0.9337633 ;
3 6 -0.7297391 ;
1 7 -0.8947314 ;
6 7 -0.8465085 ;
1 8 -0.4450537 ;
4 8 0.5814925 ;
3 9 -0.02871868 ;
5 9 0.6496481 ;
7 9 0.4133891 ;
3 10 -0.4684435 ;
5 10 -0.5239566 ;
6 10 -0.9170867 ;
0 11 0.5931794 ;
3 11 -0.7245593 ;
5 11 0.3430689 ;
8 11 0.6786101 ;
6 12 -0.729289 ;
10 12 -0.1905402 ;
9 13 0.482149 ;
2 14 -0.4364338 ;
5 14 -0.9371346 ;
1 15 0.6103448 ;
0 16 0.1997724 ;
6 16 -0.3916059 ;
7 16 0.4787127 ;
12 16 -0.6486908 ;
1 17 -0.1510986 ;
2 17 0.4962063 ;
8 17 0.01465089 ;
12 17 -0.4463122 ;
14 17 0.5362619 ;
15 17 -0.04525864 ;
2 18 -0.4163962 ;
3 18 0.04614594 ;
4 18 -0.5790718 ;
9 18 -0.03704714 ;
14 18 -0.04097383 ;
15 18 -0.5568925 ;
17 18 -0.6066606 ;
8 19 -0.5282906 ;
10 19 -0.5829027 ;
11 19 -0.510847 ;
12 19 -0.9849017 ;
17 19 -0.08662247 ;
18 19 -0.2519077 ;
1 20 -0.6801496 ;
5 20 -0.6415955 ;
8 20 0.6253019 ;
11 20 -0.2582009 ;
12 20 -0.5874556 ;
17 20 0.7124474 ;
0 21 -0.4427887 ;
10 21 -0.8818215 ;
16 21 0.6352101 ;
18 21 0.02105073 ;
20 21 -0.9604578 ;
6 22 0.5994716 ;
11 22 0.6777734 ;
15 22 0.3148354 ;
4 23 0.7251514 ;
6 23 0.6583512 ;
7 23 -0.7815447 ;
9 23 0.6291149 ;
11 23 0.6204096 ;
12 23 0.858007 ;
13 23 -0.4354715 ;
19 23 0.3779875 ;
1 24 -0.1316458 ;
6 24 0.7176238 ;
8 24 0.8448528 ;
9 24 0.2411253 ;
12 24 0.8288972 ;
18 24 0.6938034 ;
22 24 -0.8281038 ;
23 24 -0.4242992 ;
6 25 -0.3386749 ;
16 25 -0.8750981 ;
18 25 0.7550646 ;
0 26 -0.3039725 ;
6 26 -0.9613165 ;
13 26 -0.4769706 ;
15 26 -0.1482109 ;
16 26 0.8643828 ;
19 26 0.4100566 ;
19 27 0.1637892 ;
0 28 -0.6440329 ;
8 28 0.4030008 ;
14 28 0.687111 ;
15 28 -0.9297395 ;
16 28 -0.9422378 ;
22 28 0.2204995 ;
22 29 -0.920616 ]