n =  30
taille =  338
Mat = [0 2 -0.6091326 ;
1 2 0.7329836 ;
0 3 0.3895496 ;
1 3 0.1236669 ;
2 3 0.1300342 ;
0 4 -0.6868122 ;
1 4 0.6471236 ;
2 4 -0.6558166 ;
0 5 -0.07025918 ;
1 5 0.62155 ;
2 5 0.1723507 ;
3 5 0.3939554 ;
4 5 0.9790156 ;
0 6 0.1778337 ;
1 6 0.9337345 ;
2 6 -0.6082813 ;
3 6 -0.5003713 ;
4 6 0.9523106 ;
0 7 0.02229065 ;
2 7 -0.724376 ;
3 7 0.2854348 ;
4 7 -0.7663719 ;
5 7 -0.3577897 ;
1 8 0.0457904 ;
2 8 -0.08666823 ;
3 8 -0.1331385 ;
4 8 0.5919531 ;
5 8 0.5361467 ;
6 8 0.6547912 ;
7 8 -0.02846071 ;
0 9 0.9626334 ;
1 9 0.2981842 ;
3 9 0.8106535 ;
4 9 0.5126152 ;
6 9 0.0254657 ;
7 9 -0.8956543 ;
8 9 0.1552215 ;
0 10 0.4438179 ;
2 10 0.3934594 ;
3 10 -0.820998 ;
5 10 0.994811 ;
6 10 -0.4675981 ;
7 10 0.05424502 ;
8 10 0.435118 ;
0 11 0.3493374 ;
1 11 -0.4735767 ;
2 11 -0.09892003 ;
3 11 0.1236618 ;
4 11 0.3133596 ;
6 11 0.6701473 ;
7 11 0.6634113 ;
8 11 -0.0900445 ;
9 11 -0.1662511 ;
10 11 -0.3271537 ;
0 12 -0.4700793 ;
1 12 -0.972442 ;
2 12 -0.4126199 ;
3 12 0.2826953 ;
5 12 0.235591 ;
6 12 0.2907502 ;
7 12 -0.2514511 ;
8 12 -0.2427865 ;
9 12 0.1566129 ;
11 12 -0.2711729 ;
0 13 -0.7032538 ;
3 13 0.6040812 ;
4 13 -0.6025847 ;
5 13 0.1450871 ;
6 13 -0.4347606 ;
7 13 -0.0317422 ;
8 13 -0.969675 ;
9 13 0.6037185 ;
12 13 -0.3115856 ;
0 14 -0.3484721 ;
3 14 -0.6581505 ;
4 14 0.9410808 ;
5 14 -0.6692482 ;
6 14 0.03736305 ;
8 14 0.3511729 ;
9 14 0.7359188 ;
10 14 -0.9169493 ;
11 14 0.6640143 ;
0 15 0.2093376 ;
1 15 0.9526377 ;
2 15 -0.8875358 ;
3 15 -0.3090422 ;
4 15 0.5332167 ;
5 15 -0.9632779 ;
6 15 -0.9846049 ;
7 15 0.1713145 ;
8 15 -0.984472 ;
9 15 -0.1764891 ;
12 15 -0.805234 ;
13 15 0.748234 ;
14 15 -0.2545415 ;
2 16 -0.3932914 ;
3 16 -0.4611656 ;
5 16 -0.004834686 ;
6 16 0.518534 ;
7 16 0.315579 ;
8 16 -0.2403006 ;
9 16 -0.5653723 ;
11 16 -0.1518757 ;
12 16 0.1440466 ;
13 16 -0.784361 ;
14 16 -0.7336297 ;
15 16 0.8705582 ;
0 17 0.3822657 ;
1 17 -0.4865641 ;
2 17 0.3991551 ;
3 17 -0.3731344 ;
4 17 0.1870251 ;
5 17 0.7966227 ;
7 17 -0.4886008 ;
9 17 0.1564793 ;
10 17 -0.08703109 ;
11 17 -0.9801384 ;
12 17 -0.7464127 ;
13 17 0.05235405 ;
14 17 0.9738648 ;
15 17 0.5552831 ;
1 18 0.2383725 ;
2 18 0.6132699 ;
3 18 0.5756592 ;
4 18 0.1262899 ;
5 18 0.5398532 ;
6 18 -0.5722689 ;
8 18 -0.8251217 ;
9 18 -0.9963695 ;
12 18 0.8150347 ;
14 18 -0.7338722 ;
15 18 -0.8986938 ;
16 18 0.5513782 ;
17 18 0.6026287 ;
0 19 -0.3846249 ;
1 19 -0.588758 ;
2 19 0.8936215 ;
3 19 -0.5081836 ;
4 19 0.7579894 ;
5 19 0.01392728 ;
7 19 0.5363311 ;
8 19 0.7523868 ;
9 19 0.9516518 ;
10 19 -0.9181732 ;
11 19 0.7942366 ;
12 19 0.9996559 ;
14 19 -0.175702 ;
15 19 0.1048343 ;
16 19 0.6311198 ;
17 19 -0.575414 ;
0 20 0.7848847 ;
1 20 0.3165624 ;
4 20 -0.2269843 ;
5 20 -0.4292273 ;
6 20 0.1201925 ;
7 20 0.1750776 ;
8 20 0.6364756 ;
10 20 -0.4626341 ;
11 20 0.7834593 ;
12 20 -0.5006448 ;
13 20 -0.2200379 ;
14 20 0.745161 ;
15 20 0.6807327 ;
16 20 -0.2268039 ;
17 20 -0.4006995 ;
18 20 -0.3348381 ;
19 20 0.3434985 ;
0 21 -0.9491891 ;
1 21 0.09953584 ;
2 21 0.717223 ;
3 21 -0.7999485 ;
4 21 0.2715128 ;
5 21 0.7869534 ;
6 21 0.6052163 ;
7 21 -0.3788292 ;
8 21 -0.1930901 ;
9 21 0.9369723 ;
10 21 0.3410797 ;
11 21 -0.8624824 ;
12 21 0.8101458 ;
13 21 0.8949029 ;
16 21 0.2775132 ;
17 21 0.1248478 ;
18 21 -0.2866561 ;
19 21 0.7833119 ;
20 21 0.05485458 ;
0 22 -0.8791942 ;
1 22 0.2454635 ;
3 22 0.1259887 ;
4 22 0.428793 ;
5 22 0.5028365 ;
6 22 0.1022702 ;
8 22 0.8517279 ;
10 22 0.7380769 ;
11 22 -0.09599201 ;
12 22 -0.35573 ;
13 22 -0.1660209 ;
14 22 0.3580968 ;
15 22 0.2586409 ;
16 22 0.2218278 ;
17 22 0.1417419 ;
19 22 -0.6346548 ;
20 22 -0.5137423 ;
21 22 -0.9375408 ;
0 23 0.006411543 ;
2 23 0.483185 ;
3 23 -0.8846776 ;
4 23 0.02946675 ;
6 23 -0.2944389 ;
7 23 0.2743641 ;
8 23 -0.7517363 ;
9 23 -0.1116498 ;
12 23 0.8400092 ;
14 23 -0.5818317 ;
15 23 -0.2334818 ;
16 23 -0.3004092 ;
18 23 0.5464899 ;
19 23 -0.4589517 ;
21 23 0.3378706 ;
22 23 0.3669032 ;
0 24 0.897763 ;
1 24 0.03856515 ;
2 24 0.8572726 ;
4 24 -0.681148 ;
5 24 -0.6934403 ;
8 24 -0.8507562 ;
9 24 0.406825 ;
10 24 -0.2453096 ;
11 24 -0.3117127 ;
12 24 -0.6007734 ;
13 24 0.1140031 ;
14 24 -0.2519585 ;
15 24 -0.4923875 ;
16 24 0.7273004 ;
17 24 0.815374 ;
18 24 -0.04607979 ;
19 24 0.9800982 ;
21 24 -0.7008534 ;
22 24 -0.2980362 ;
23 24 0.03161446 ;
0 25 -0.5180405 ;
2 25 0.9619321 ;
5 25 0.3301063 ;
6 25 -0.457781 ;
7 25 0.3867518 ;
8 25 -0.3310637 ;
9 25 0.5748778 ;
10 25 0.4675844 ;
11 25 0.2157676 ;
12 25 0.9654783 ;
14 25 0.8138097 ;
15 25 0.4123815 ;
16 25 -0.6080957 ;
17 25 0.6275433 ;
18 25 -0.8493077 ;
19 25 0.6574402 ;
20 25 0.9848517 ;
21 25 -0.6032264 ;
22 25 0.8978747 ;
24 25 -0.2204249 ;
2 26 0.870927 ;
3 26 0.4871435 ;
4 26 -0.1743629 ;
5 26 -0.9890045 ;
7 26 -0.5268813 ;
8 26 0.2605096 ;
9 26 0.7098318 ;
11 26 -0.1206696 ;
12 26 0.1076515 ;
13 26 -0.7272014 ;
14 26 -0.9340527 ;
15 26 0.4386625 ;
19 26 0.6538293 ;
20 26 -0.05644694 ;
21 26 0.2125875 ;
22 26 -0.1342405 ;
23 26 0.8570303 ;
24 26 -0.3597611 ;
25 26 -0.2241537 ;
0 27 -0.8071143 ;
1 27 -0.7671589 ;
2 27 0.2748898 ;
3 27 -0.2115987 ;
4 27 -0.2120973 ;
6 27 0.9882015 ;
7 27 0.4817023 ;
8 27 0.2978681 ;
9 27 0.9260218 ;
10 27 0.0315333 ;
11 27 0.6437334 ;
13 27 -0.6994341 ;
14 27 -0.5077592 ;
15 27 0.7021924 ;
18 27 0.1214971 ;
19 27 0.5814247 ;
21 27 0.3852995 ;
22 27 -0.3709489 ;
23 27 0.2500229 ;
25 27 -0.6336767 ;
0 28 -0.4208967 ;
1 28 0.1868241 ;
2 28 -0.8153252 ;
6 28 0.2786529 ;
7 28 0.3624797 ;
8 28 -0.2038215 ;
9 28 0.4577114 ;
10 28 -0.02350602 ;
14 28 -0.5451793 ;
15 28 -0.007099048 ;
16 28 0.3944415 ;
17 28 -0.6724052 ;
21 28 0.327102 ;
22 28 -0.8405705 ;
24 28 -0.0167867 ;
25 28 -0.5819449 ;
0 29 -0.5211956 ;
2 29 0.4529253 ;
3 29 -0.0222621 ;
5 29 -0.7995202 ;
6 29 0.8914463 ;
9 29 -0.3775686 ;
10 29 0.1669323 ;
11 29 0.1748753 ;
12 29 -0.1258401 ;
14 29 -0.6889554 ;
15 29 -0.144373 ;
16 29 0.8717634 ;
17 29 -0.1232674 ;
18 29 -0.1985594 ;
19 29 -0.8713461 ;
20 29 0.507634 ;
21 29 0.1814706 ;
22 29 0.5381059 ;
24 29 -0.6206351 ;
25 29 -0.4553129 ;
26 29 -0.1890396 ;
27 29 0.1681477 ;
28 29 0.8431336 ]