n =  45
taille =  487
Mat = [1 2 0.2994109 ;
0 3 0.108973 ;
2 3 0.5312088 ;
1 4 -0.9371384 ;
1 5 0.1271488 ;
2 5 0.4446412 ;
3 5 -0.5534698 ;
2 6 0.8929513 ;
3 6 -0.7737243 ;
4 6 0.02975299 ;
0 7 -0.3191436 ;
1 7 0.9021351 ;
4 7 0.9497583 ;
5 7 -0.9567049 ;
6 7 -0.9396794 ;
0 8 0.7653879 ;
4 8 -0.1094092 ;
6 8 0.9761688 ;
7 8 -0.1485382 ;
1 9 -0.987355 ;
2 9 -0.5533258 ;
3 9 0.571346 ;
4 9 -0.9954053 ;
5 9 -0.2173301 ;
6 9 -0.6508588 ;
7 9 0.2150014 ;
8 9 0.249131 ;
2 10 0.8346368 ;
7 10 -0.8837972 ;
8 10 0.8131087 ;
1 11 0.3601941 ;
3 11 0.4194205 ;
6 11 -0.09416597 ;
10 11 -0.6932336 ;
1 12 -0.01016195 ;
2 12 0.04157665 ;
4 12 0.2251883 ;
7 12 -0.4236747 ;
8 12 -0.7561017 ;
9 12 0.03612751 ;
11 12 0.09816515 ;
0 13 -0.4910309 ;
1 13 -0.433148 ;
2 13 -0.8360398 ;
3 13 0.3147848 ;
4 13 0.4108746 ;
5 13 0.6901399 ;
6 13 0.4357051 ;
7 13 0.9210847 ;
8 13 0.5525707 ;
10 13 0.976271 ;
11 13 -0.8158753 ;
1 14 0.4183708 ;
3 14 0.7855466 ;
8 14 -0.4394758 ;
9 14 0.3958127 ;
10 14 0.0005522124 ;
13 14 0.7834704 ;
2 15 -0.09360181 ;
5 15 0.5614151 ;
6 15 -0.4773071 ;
7 15 0.4524748 ;
9 15 -0.01900082 ;
10 15 0.8215922 ;
14 15 0.3183591 ;
1 16 -0.2495937 ;
2 16 -0.3826441 ;
4 16 -0.7397522 ;
5 16 -0.7949808 ;
7 16 0.9178449 ;
8 16 0.3569864 ;
9 16 0.8489351 ;
13 16 -0.5547646 ;
14 16 -0.5521005 ;
0 17 0.6154096 ;
2 17 -0.05261078 ;
5 17 0.8541448 ;
6 17 -0.2305377 ;
8 17 -0.7758221 ;
9 17 0.3355227 ;
10 17 0.4844774 ;
12 17 0.8010357 ;
15 17 0.2950362 ;
16 17 0.04973088 ;
0 18 0.5298665 ;
2 18 0.3806309 ;
3 18 0.07426555 ;
5 18 -0.3218558 ;
7 18 0.7310114 ;
8 18 -0.6416135 ;
9 18 0.5810484 ;
10 18 -0.931303 ;
11 18 -0.1831577 ;
12 18 0.3147533 ;
16 18 0.5384204 ;
17 18 -0.8627284 ;
1 19 0.9253094 ;
2 19 -0.3940894 ;
3 19 -0.07446666 ;
5 19 -0.3193965 ;
7 19 -0.6625834 ;
8 19 -0.2831317 ;
9 19 0.3143171 ;
12 19 -0.2156922 ;
13 19 0.3951122 ;
16 19 0.3070524 ;
18 19 -0.753573 ;
4 20 0.3814237 ;
6 20 0.2490101 ;
8 20 0.7691337 ;
9 20 0.8797974 ;
10 20 -0.8479198 ;
11 20 0.1203707 ;
15 20 0.0780447 ;
16 20 -0.2509089 ;
19 20 -0.5932709 ;
0 21 0.7205912 ;
4 21 0.2296014 ;
7 21 -0.6806018 ;
9 21 0.4411746 ;
11 21 -0.6015355 ;
12 21 -0.4167826 ;
17 21 0.7136875 ;
20 21 -0.8406537 ;
2 22 0.5740917 ;
5 22 0.6340168 ;
7 22 0.3991999 ;
8 22 -0.1470018 ;
9 22 0.1710682 ;
12 22 -0.511796 ;
14 22 0.2785577 ;
15 22 0.5792488 ;
17 22 0.9178406 ;
19 22 0.250776 ;
21 22 -0.9626056 ;
4 23 -0.06954299 ;
6 23 -0.6925689 ;
7 23 -0.7002807 ;
8 23 -0.8673383 ;
10 23 -0.1832688 ;
11 23 -0.3002498 ;
13 23 0.5222138 ;
16 23 0.8452603 ;
18 23 0.3474543 ;
19 23 0.9216901 ;
20 23 0.6040745 ;
22 23 -0.5356555 ;
0 24 0.3416718 ;
2 24 -0.4970175 ;
4 24 0.1398373 ;
7 24 0.7397243 ;
12 24 -0.1533186 ;
14 24 0.3345366 ;
20 24 0.9410604 ;
23 24 0.9961809 ;
1 25 0.6843722 ;
6 25 0.7183463 ;
7 25 0.05967942 ;
10 25 -0.7801201 ;
11 25 0.833425 ;
16 25 0.5733196 ;
17 25 -0.5996107 ;
18 25 -0.385686 ;
19 25 -0.3752717 ;
20 25 0.6076765 ;
22 25 0.1142796 ;
2 26 -0.1191131 ;
5 26 -0.7544894 ;
7 26 0.5605254 ;
9 26 -0.9709538 ;
11 26 -0.6601702 ;
14 26 0.1696258 ;
15 26 -0.658591 ;
16 26 0.953918 ;
17 26 -0.3307601 ;
18 26 -0.4759294 ;
21 26 0.2504647 ;
22 26 0.9239655 ;
23 26 0.9869079 ;
24 26 0.3226957 ;
0 27 0.6448458 ;
3 27 -0.1052649 ;
7 27 -0.1733378 ;
15 27 0.6386692 ;
16 27 -0.8035994 ;
17 27 0.2627074 ;
18 27 0.4883842 ;
19 27 -0.7191576 ;
22 27 -0.08465055 ;
23 27 -0.8598905 ;
24 27 0.3664286 ;
26 27 -0.05984294 ;
0 28 -0.5784753 ;
1 28 -0.8495323 ;
2 28 0.566924 ;
8 28 0.07065195 ;
10 28 0.4200559 ;
11 28 -0.2732391 ;
12 28 0.6189599 ;
13 28 0.6001272 ;
20 28 -0.4706185 ;
21 28 -0.4533113 ;
23 28 -0.2815693 ;
24 28 -0.4095819 ;
25 28 0.5149038 ;
26 28 -0.4561302 ;
27 28 -0.6003926 ;
2 29 0.1062908 ;
3 29 -0.3608263 ;
4 29 0.5284535 ;
7 29 0.9370155 ;
9 29 0.2806974 ;
16 29 -0.2604041 ;
19 29 0.5507882 ;
20 29 0.7858279 ;
24 29 0.8793681 ;
25 29 0.7184263 ;
26 29 0.6274801 ;
1 30 -0.9809656 ;
2 30 -0.1461813 ;
6 30 -0.6767619 ;
8 30 0.093546 ;
9 30 0.7363076 ;
14 30 0.8834701 ;
15 30 -0.7639544 ;
16 30 0.1682984 ;
18 30 -0.5835098 ;
19 30 0.3127982 ;
21 30 0.6927927 ;
22 30 0.5930674 ;
23 30 -0.3552702 ;
25 30 -0.9127608 ;
26 30 0.5105162 ;
29 30 0.6914409 ;
0 31 0.3905419 ;
3 31 0.9774317 ;
4 31 0.01702358 ;
5 31 -0.5987356 ;
13 31 -0.1360712 ;
15 31 -0.4612875 ;
16 31 -0.3376704 ;
17 31 0.4125885 ;
18 31 -0.59217 ;
19 31 0.5074431 ;
22 31 0.3849302 ;
26 31 0.7698456 ;
27 31 0.1801674 ;
2 32 -0.3841668 ;
4 32 0.1955476 ;
10 32 -0.747789 ;
11 32 0.2597108 ;
14 32 -0.3817004 ;
15 32 0.1640646 ;
17 32 -0.4318926 ;
18 32 0.961908 ;
19 32 0.8877957 ;
21 32 0.1811613 ;
25 32 -0.1784325 ;
26 32 -0.8059029 ;
28 32 0.5258599 ;
29 32 -0.2431997 ;
30 32 -0.1203001 ;
31 32 -0.2322127 ;
1 33 -0.9416503 ;
6 33 0.1113577 ;
8 33 0.5064444 ;
11 33 0.6332536 ;
12 33 0.668923 ;
14 33 0.9926028 ;
15 33 0.6691274 ;
16 33 0.42285 ;
17 33 -0.9674584 ;
23 33 -0.6727353 ;
25 33 0.06499996 ;
26 33 0.946943 ;
28 33 -0.511593 ;
29 33 0.5532843 ;
32 33 -0.8283316 ;
0 34 0.8418665 ;
1 34 0.2056075 ;
5 34 -0.4530266 ;
6 34 -0.03474794 ;
8 34 0.4709235 ;
17 34 -0.2969122 ;
18 34 0.3161184 ;
20 34 0.9509829 ;
23 34 0.2207505 ;
24 34 0.2855975 ;
25 34 0.4287482 ;
26 34 -0.2361311 ;
28 34 0.3238002 ;
31 34 0.01964499 ;
33 34 -0.2347133 ;
2 35 -0.4717061 ;
4 35 -0.2540444 ;
8 35 -0.6207198 ;
9 35 -0.7873489 ;
16 35 0.2020618 ;
18 35 -0.5216753 ;
19 35 -0.569674 ;
20 35 -0.1320082 ;
21 35 -0.5744688 ;
22 35 -0.8948676 ;
23 35 0.5784039 ;
27 35 0.4853197 ;
28 35 -0.5276035 ;
29 35 0.08592204 ;
32 35 -0.1549233 ;
1 36 0.8512549 ;
3 36 -0.9144175 ;
4 36 -0.9919391 ;
5 36 -0.789141 ;
6 36 -0.1833607 ;
9 36 0.3811283 ;
11 36 0.9474615 ;
13 36 -0.02682572 ;
14 36 0.6419825 ;
16 36 0.5508685 ;
18 36 -0.4008139 ;
19 36 0.7591074 ;
23 36 0.9711502 ;
24 36 -0.8367245 ;
26 36 -0.7242276 ;
28 36 -0.2944881 ;
31 36 0.6332427 ;
32 36 -0.6063898 ;
33 36 0.3592931 ;
35 36 -0.9450657 ;
0 37 -0.9770557 ;
1 37 0.5979117 ;
2 37 -0.5738903 ;
3 37 0.8477787 ;
6 37 -0.842626 ;
7 37 -0.7852577 ;
8 37 0.410584 ;
10 37 -0.6008285 ;
11 37 -0.5217921 ;
14 37 0.03722447 ;
17 37 -0.7553875 ;
18 37 -0.04968113 ;
21 37 0.3675505 ;
23 37 -0.8117834 ;
24 37 0.3991399 ;
26 37 0.8275045 ;
27 37 0.4428804 ;
32 37 -0.7503367 ;
34 37 0.9524866 ;
35 37 -0.5083154 ;
1 38 0.1574447 ;
3 38 0.7913976 ;
4 38 -0.7866942 ;
7 38 0.02249561 ;
9 38 0.9545233 ;
10 38 0.1977235 ;
11 38 0.7636557 ;
12 38 -0.3176568 ;
13 38 0.06156263 ;
16 38 0.03740387 ;
17 38 -0.001344386 ;
21 38 0.6193359 ;
22 38 -0.002516703 ;
25 38 -0.7914063 ;
26 38 0.6449722 ;
27 38 0.6232111 ;
28 38 -0.4580586 ;
29 38 -0.4198808 ;
30 38 0.2725202 ;
31 38 -0.6390409 ;
32 38 0.9244796 ;
33 38 -0.8907869 ;
34 38 -0.9739219 ;
35 38 -0.7699707 ;
36 38 -0.6250016 ;
37 38 -0.1630247 ;
0 39 0.1916684 ;
1 39 0.07290506 ;
3 39 0.4931074 ;
4 39 0.6412725 ;
5 39 0.6762731 ;
12 39 0.6933044 ;
13 39 0.4843784 ;
23 39 0.8950173 ;
24 39 0.4157846 ;
25 39 0.009500553 ;
26 39 0.7603275 ;
27 39 -0.855287 ;
28 39 -0.5463722 ;
29 39 -0.1028893 ;
33 39 0.4526288 ;
34 39 -0.7261207 ;
0 40 0.4708102 ;
4 40 0.9279623 ;
5 40 -0.6206937 ;
6 40 0.3684012 ;
7 40 -0.6434169 ;
9 40 0.08338599 ;
10 40 0.5626104 ;
16 40 -0.0941969 ;
22 40 0.5507669 ;
23 40 0.05670855 ;
24 40 0.002214034 ;
27 40 -0.6092353 ;
29 40 -0.6826651 ;
30 40 0.5165785 ;
35 40 0.7946653 ;
2 41 0.7512597 ;
4 41 0.1528526 ;
6 41 0.8617856 ;
7 41 0.4345529 ;
8 41 0.03683481 ;
11 41 0.9502009 ;
12 41 -0.9986838 ;
18 41 -0.9599443 ;
21 41 0.7227516 ;
22 41 0.8049431 ;
24 41 -0.7408683 ;
25 41 -0.6764091 ;
26 41 -0.4866225 ;
29 41 0.06524308 ;
32 41 0.174436 ;
33 41 -0.1220322 ;
35 41 -0.9972019 ;
36 41 -0.3719603 ;
0 42 0.1090586 ;
2 42 -0.4667937 ;
3 42 0.8623925 ;
4 42 0.4902392 ;
5 42 0.7616816 ;
6 42 -0.2147723 ;
9 42 0.5315241 ;
11 42 -0.8900543 ;
13 42 -0.8013027 ;
16 42 0.2996661 ;
17 42 0.282107 ;
18 42 -0.5630963 ;
19 42 0.6902107 ;
23 42 -0.7924758 ;
24 42 -0.5098668 ;
25 42 -0.8338438 ;
27 42 -0.2043427 ;
28 42 -0.8249516 ;
29 42 0.1655022 ;
30 42 -0.6525638 ;
31 42 0.6650039 ;
34 42 0.4111746 ;
35 42 -0.5836927 ;
36 42 0.203387 ;
38 42 0.5179386 ;
39 42 -0.322897 ;
40 42 -0.8051355 ;
41 42 -0.2407112 ;
2 43 0.742053 ;
5 43 -0.9173085 ;
8 43 -0.6487221 ;
9 43 -0.1493814 ;
12 43 -0.3199441 ;
14 43 -0.840718 ;
16 43 0.7746107 ;
17 43 -0.7934496 ;
20 43 0.01181037 ;
21 43 -0.4023485 ;
27 43 0.8271718 ;
34 43 -0.7450753 ;
38 43 0.5258194 ;
40 43 0.6333959 ;
42 43 0.7769491 ;
1 44 0.01219547 ;
2 44 0.7954707 ;
3 44 0.3670447 ;
4 44 0.190889 ;
7 44 -0.4684115 ;
10 44 0.5047017 ;
14 44 0.2651215 ;
18 44 -0.8859857 ;
19 44 0.4986653 ;
22 44 -0.0876222 ;
23 44 -0.6751978 ;
25 44 0.3787727 ;
26 44 -0.228044 ;
27 44 0.6131937 ;
30 44 -0.99238 ;
33 44 0.7140847 ;
36 44 -0.7031006 ;
39 44 -0.06217338 ;
40 44 0.7021066 ;
41 44 -0.04618043 ;
42 44 -0.171847 ]