n =  35
taille =  287
Mat = [0 1 0.1526124 ;
0 2 -0.6347986 ;
0 4 0.4906982 ;
3 4 0.5380477 ;
1 6 -0.5765471 ;
2 6 -0.3602268 ;
1 7 -0.08432753 ;
5 7 -0.5858461 ;
6 7 -0.7955024 ;
2 8 0.1578007 ;
3 8 0.2778082 ;
5 8 0.6105516 ;
6 8 0.6668844 ;
7 8 -0.515486 ;
2 9 0.1819838 ;
4 9 -0.821504 ;
6 9 -0.5816759 ;
7 9 -0.4928014 ;
0 10 0.9785701 ;
1 10 -0.1749362 ;
3 10 -0.06607589 ;
4 10 0.1177716 ;
5 10 -0.7156246 ;
8 10 0.394044 ;
1 11 -0.7576652 ;
2 11 0.9424205 ;
6 11 0.9592231 ;
7 11 -0.6608072 ;
8 11 -0.8896814 ;
10 11 0.7260244 ;
1 12 0.867936 ;
3 12 -0.8922705 ;
4 12 -0.2470933 ;
5 12 0.7009194 ;
6 12 0.8027031 ;
8 12 -0.231431 ;
9 12 0.4592479 ;
11 12 -0.5526932 ;
0 13 0.8520579 ;
3 13 0.6844127 ;
4 13 0.6859374 ;
5 13 0.01647262 ;
9 13 -0.6450353 ;
10 13 0.4896382 ;
11 13 -0.3138867 ;
0 14 0.4732392 ;
2 14 0.1780593 ;
5 14 -0.8235853 ;
6 14 0.627124 ;
0 15 0.6940415 ;
2 15 0.3816205 ;
3 15 0.2460498 ;
7 15 -0.6550202 ;
8 15 -0.1468769 ;
9 15 -0.7279406 ;
10 15 -0.248658 ;
14 15 -0.5740178 ;
0 16 0.5966373 ;
2 16 0.8281144 ;
3 16 -0.1413529 ;
4 16 -0.5094912 ;
6 16 0.1279446 ;
9 16 0.4743509 ;
11 16 -0.939757 ;
14 16 -0.4229917 ;
15 16 0.7392843 ;
0 17 0.09703778 ;
1 17 0.6145523 ;
2 17 -0.1902705 ;
3 17 -0.8987867 ;
6 17 0.7209989 ;
7 17 0.07475534 ;
11 17 -0.3243188 ;
14 17 0.6858896 ;
3 18 0.9215176 ;
4 18 -0.05720715 ;
5 18 -0.7152909 ;
6 18 0.9262286 ;
7 18 0.1034452 ;
10 18 0.10562 ;
11 18 0.03101569 ;
12 18 0.6991213 ;
16 18 0.06979099 ;
17 18 0.9038128 ;
0 19 0.4546226 ;
3 19 0.1503572 ;
4 19 0.6713688 ;
6 19 0.9605128 ;
7 19 -0.08572035 ;
9 19 0.949947 ;
10 19 -0.4114931 ;
11 19 0.2191629 ;
14 19 -0.178851 ;
5 20 0.3966739 ;
7 20 -0.8541803 ;
12 20 0.2709588 ;
13 20 -0.7437938 ;
14 20 0.350781 ;
18 20 0.1769959 ;
1 21 0.9380452 ;
2 21 0.5025917 ;
3 21 0.08350776 ;
8 21 -0.1193141 ;
9 21 0.2229758 ;
10 21 0.02245938 ;
12 21 0.05533454 ;
14 21 -0.4157327 ;
16 21 -0.1089722 ;
18 21 0.9942814 ;
1 22 0.1279736 ;
4 22 0.7455151 ;
5 22 -0.5034174 ;
7 22 -0.1534404 ;
8 22 0.2440853 ;
9 22 -0.5112181 ;
13 22 0.6887686 ;
14 22 -0.409181 ;
15 22 -0.6155065 ;
16 22 0.8712393 ;
5 23 -0.235267 ;
6 23 0.1546516 ;
7 23 0.07085563 ;
11 23 -0.6686795 ;
12 23 0.4059545 ;
14 23 -0.147912 ;
15 23 0.08857816 ;
18 23 0.6706256 ;
19 23 -0.8505436 ;
21 23 -0.3777061 ;
22 23 -0.04606362 ;
0 24 0.5386362 ;
2 24 0.5489936 ;
3 24 -0.5182628 ;
6 24 0.389547 ;
7 24 -0.8188031 ;
8 24 0.6351224 ;
10 24 -0.7738045 ;
11 24 -0.4778958 ;
12 24 -0.5793658 ;
14 24 -0.6091045 ;
18 24 0.9772781 ;
21 24 -0.5416665 ;
23 24 -0.780975 ;
2 25 -0.4723815 ;
3 25 -0.3581247 ;
4 25 -0.7347379 ;
5 25 -0.1276221 ;
7 25 -0.04216887 ;
8 25 0.6334114 ;
9 25 0.7362726 ;
12 25 0.2056824 ;
14 25 0.6625045 ;
15 25 0.06636471 ;
16 25 -0.04734774 ;
20 25 0.3218611 ;
21 25 -0.7423395 ;
24 25 0.9030108 ;
3 26 0.9749063 ;
4 26 -0.3768138 ;
6 26 -0.8671694 ;
7 26 0.4563972 ;
10 26 0.4944339 ;
14 26 -0.3758431 ;
15 26 0.08524 ;
16 26 -0.7370199 ;
18 26 -0.2117301 ;
22 26 0.6495009 ;
24 26 0.9258651 ;
0 27 -0.3613443 ;
1 27 -0.02190655 ;
2 27 0.7154336 ;
5 27 0.05244969 ;
8 27 -0.7937757 ;
9 27 0.4737375 ;
10 27 -0.54064 ;
12 27 0.4272415 ;
14 27 -0.02237638 ;
18 27 -0.7466405 ;
21 27 0.07535803 ;
22 27 0.09159654 ;
23 27 0.9326769 ;
25 27 -0.86524 ;
26 27 -0.6191755 ;
0 28 -0.4346909 ;
1 28 -0.859313 ;
4 28 -0.1724976 ;
17 28 -0.1002444 ;
18 28 0.5905305 ;
19 28 -0.3462436 ;
21 28 -0.4124577 ;
22 28 -0.2148802 ;
24 28 0.08060265 ;
25 28 0.545892 ;
26 28 0.8649432 ;
0 29 -0.654551 ;
1 29 -0.5838657 ;
2 29 0.35944 ;
3 29 0.5961273 ;
6 29 -0.5450133 ;
7 29 0.6182621 ;
8 29 -0.1183714 ;
12 29 -0.1375383 ;
14 29 -0.3647064 ;
15 29 -0.1035528 ;
17 29 -0.3872475 ;
18 29 0.8679769 ;
19 29 -0.2894707 ;
23 29 -0.7434364 ;
25 29 0.6938188 ;
26 29 -0.15504 ;
0 30 0.1488132 ;
10 30 -0.0594175 ;
16 30 -0.1441154 ;
19 30 0.7403949 ;
20 30 -0.9430518 ;
22 30 0.2654812 ;
23 30 0.8647977 ;
25 30 -0.1697081 ;
28 30 -0.2448264 ;
0 31 0.9130861 ;
1 31 -0.2966571 ;
2 31 -0.4569863 ;
3 31 0.8128841 ;
4 31 0.5971476 ;
5 31 -0.5978324 ;
6 31 0.7896695 ;
7 31 -0.0715586 ;
8 31 0.9567835 ;
10 31 0.7443676 ;
13 31 0.8211378 ;
15 31 -0.9171632 ;
17 31 0.1368434 ;
18 31 0.4093804 ;
20 31 0.3045493 ;
21 31 0.02912702 ;
22 31 0.1734682 ;
25 31 0.8662709 ;
26 31 0.4921723 ;
27 31 -0.291396 ;
29 31 0.6657448 ;
1 32 0.4621371 ;
4 32 -0.4690938 ;
5 32 0.8748232 ;
6 32 0.6206643 ;
9 32 -0.7421768 ;
12 32 -0.2650554 ;
14 32 -0.7269847 ;
16 32 -0.01879867 ;
19 32 -0.3990172 ;
20 32 -0.1245606 ;
22 32 0.9717871 ;
23 32 -0.4833807 ;
24 32 0.6561532 ;
31 32 -0.2444726 ;
0 33 0.04164064 ;
1 33 -0.1639887 ;
5 33 0.9960121 ;
6 33 0.2376421 ;
8 33 0.3248425 ;
9 33 0.1022473 ;
13 33 -0.2953994 ;
15 33 -0.338561 ;
20 33 -0.5180524 ;
21 33 -0.9040035 ;
22 33 0.4363934 ;
23 33 0.08931763 ;
24 33 -0.07547314 ;
25 33 0.6500784 ;
29 33 0.1953179 ;
30 33 0.08931345 ;
31 33 -0.6896525 ;
1 34 0.8232665 ;
4 34 -0.03948901 ;
7 34 0.3120302 ;
8 34 0.8028384 ;
10 34 0.5771402 ;
11 34 0.6691442 ;
14 34 -0.9919594 ;
15 34 -0.5747812 ;
16 34 0.2124609 ;
17 34 -0.9074436 ;
18 34 -0.8972698 ;
20 34 0.5407283 ;
25 34 0.7361153 ;
29 34 0.627761 ;
31 34 0.7375202 ;
33 34 0.4503132 ]