n =  30
taille =  99
Mat = [2 3 -0.04285771 ;
0 4 0.8153819 ;
2 4 0.9266902 ;
0 5 -0.6270124 ;
1 5 -0.6928234 ;
4 6 0.7545701 ;
0 8 0.3281644 ;
1 8 -0.302932 ;
3 8 0.009488557 ;
2 9 -0.04527826 ;
3 10 0.5967766 ;
4 10 0.3077694 ;
6 10 0.9545792 ;
8 10 0.4583652 ;
3 11 0.08498103 ;
4 11 0.5259669 ;
0 12 0.3822812 ;
1 12 -0.02587835 ;
2 12 -0.2552359 ;
4 12 -0.9659365 ;
7 12 0.6001479 ;
0 13 -0.05502673 ;
1 13 0.2099754 ;
2 13 0.7242728 ;
3 13 0.9780105 ;
9 13 -0.1734973 ;
11 13 -0.5422333 ;
0 15 0.5464124 ;
1 15 -0.7957334 ;
14 15 0.101887 ;
8 16 0.8588613 ;
0 17 -0.2797102 ;
2 17 0.5713786 ;
5 17 -0.7058564 ;
8 17 0.2658539 ;
9 17 -0.9260147 ;
10 17 0.8294184 ;
13 17 -0.1020615 ;
14 17 0.5941339 ;
10 18 -0.6393398 ;
14 18 0.9229799 ;
17 18 0.1454567 ;
12 19 0.08894991 ;
16 19 0.972493 ;
15 20 -0.07657417 ;
18 20 0.4656904 ;
2 21 -0.8269764 ;
16 21 0.2799838 ;
2 22 -0.9088559 ;
5 22 0.3964455 ;
11 22 -0.1910308 ;
18 22 0.1127445 ;
0 23 -0.1233227 ;
9 23 -0.283119 ;
13 23 -0.1192136 ;
15 23 -0.159723 ;
16 23 -0.7823602 ;
22 23 0.1933981 ;
5 24 0.1063599 ;
7 24 -0.3802472 ;
8 24 -0.8783491 ;
11 24 -0.6729099 ;
15 24 0.7517874 ;
20 24 0.813841 ;
0 25 0.7886254 ;
2 25 0.939163 ;
7 25 0.8162238 ;
9 25 0.04301906 ;
14 25 0.5909 ;
16 25 -0.8852315 ;
18 25 -0.3972189 ;
20 25 -0.003194246 ;
0 26 0.1248704 ;
4 26 -0.4202728 ;
5 26 0.4758568 ;
7 26 -0.6638434 ;
10 26 0.07455188 ;
12 26 -0.8480067 ;
15 26 -0.09356018 ;
0 27 -0.8855353 ;
2 27 -0.3963074 ;
4 27 0.3580533 ;
12 27 -0.8029408 ;
19 27 0.7255485 ;
1 28 -0.4886178 ;
8 28 -0.2216699 ;
17 28 -0.4507498 ;
18 28 -0.4592882 ;
20 28 -0.246371 ;
23 28 0.6029824 ;
26 28 0.8155805 ;
1 29 -0.6345118 ;
3 29 -0.3929896 ;
8 29 -0.5659884 ;
9 29 -0.029066 ;
10 29 -0.002474033 ;
15 29 -0.9592945 ;
16 29 -0.7777862 ;
21 29 -0.7469682 ]