n =  40
taille =  612
Mat = [0 1 -0.7414577 ;
1 2 -0.8572799 ;
0 3 0.971507 ;
1 3 0.2544442 ;
2 3 -0.1817396 ;
0 4 -0.4538647 ;
2 4 0.6911317 ;
3 4 0.9425581 ;
0 5 0.63718 ;
2 5 -0.1352929 ;
3 5 -0.06055678 ;
0 6 0.06208627 ;
1 6 0.2670052 ;
2 6 -0.7289929 ;
3 6 0.604915 ;
4 6 0.5525858 ;
1 7 0.9675746 ;
3 7 0.341433 ;
4 7 -0.3091554 ;
5 7 0.5372229 ;
6 7 0.4763079 ;
0 8 -0.432087 ;
1 8 -0.765491 ;
2 8 0.8975016 ;
3 8 0.4114228 ;
4 8 -0.5061887 ;
6 8 -0.07185122 ;
7 8 -0.3621183 ;
0 9 0.6425032 ;
1 9 -0.8789521 ;
3 9 0.5703801 ;
4 9 0.5725575 ;
5 9 0.3239887 ;
6 9 -0.1612482 ;
7 9 -0.832157 ;
8 9 -0.03691193 ;
0 10 -0.8887236 ;
1 10 0.9764345 ;
2 10 0.6979634 ;
3 10 -0.07150579 ;
4 10 -0.6045105 ;
5 10 0.310298 ;
6 10 0.6384712 ;
7 10 0.1441991 ;
8 10 -0.9701065 ;
9 10 -0.8683335 ;
0 11 0.1025147 ;
1 11 -0.04698416 ;
3 11 0.8230096 ;
5 11 -0.2399476 ;
7 11 0.8752178 ;
8 11 0.04207916 ;
9 11 -0.4818529 ;
10 11 0.1963209 ;
1 12 -0.7468214 ;
2 12 0.4381068 ;
3 12 0.5442287 ;
4 12 -0.5875307 ;
5 12 -0.07373907 ;
6 12 0.5182581 ;
7 12 0.7924044 ;
8 12 0.220574 ;
9 12 0.8255723 ;
10 12 -0.339029 ;
11 12 -0.6455041 ;
1 13 0.2247535 ;
2 13 0.6986724 ;
3 13 0.3136263 ;
5 13 -0.09456039 ;
9 13 -0.8717214 ;
10 13 -0.06890846 ;
11 13 -0.5209498 ;
12 13 -0.5382764 ;
0 14 -0.8433098 ;
1 14 -0.06463116 ;
3 14 -0.1753279 ;
4 14 0.7353663 ;
5 14 -0.8543592 ;
7 14 -0.237775 ;
9 14 0.6490555 ;
10 14 0.07869043 ;
11 14 -0.6154779 ;
12 14 0.4095866 ;
0 15 0.664434 ;
1 15 -0.9414976 ;
2 15 0.3487877 ;
3 15 -0.6220885 ;
4 15 -0.5375462 ;
6 15 0.6286722 ;
7 15 -0.2375326 ;
8 15 0.6677361 ;
9 15 0.6921294 ;
10 15 -0.5360146 ;
11 15 -0.8448772 ;
12 15 0.4834509 ;
14 15 -0.9805989 ;
0 16 0.09758974 ;
1 16 0.168404 ;
2 16 -0.411571 ;
3 16 0.1193829 ;
4 16 -0.4049448 ;
5 16 0.4018109 ;
6 16 -0.5476103 ;
7 16 0.8394463 ;
8 16 -0.1800678 ;
9 16 -0.9161535 ;
10 16 0.9771472 ;
11 16 0.6874687 ;
12 16 -0.3107863 ;
13 16 0.9678847 ;
14 16 -0.6670026 ;
0 17 -0.04223738 ;
1 17 0.6727859 ;
2 17 0.3564742 ;
3 17 0.2426951 ;
4 17 -0.4097111 ;
6 17 0.3606416 ;
7 17 0.7889836 ;
8 17 -0.5855205 ;
11 17 0.3845806 ;
12 17 0.1870444 ;
13 17 -0.3488147 ;
14 17 -0.2953194 ;
15 17 0.3405536 ;
0 18 0.147357 ;
1 18 -0.5141219 ;
2 18 0.913151 ;
3 18 0.6946002 ;
4 18 -0.6507072 ;
5 18 -0.5138964 ;
6 18 0.8007909 ;
7 18 0.08419972 ;
9 18 -0.9414611 ;
10 18 -0.02876942 ;
13 18 0.6538934 ;
14 18 0.481311 ;
15 18 0.2052364 ;
16 18 0.2838185 ;
17 18 0.5467342 ;
0 19 -0.4259813 ;
1 19 0.5936509 ;
2 19 0.2570861 ;
3 19 -0.3832073 ;
4 19 -0.8918931 ;
5 19 0.2674433 ;
6 19 -0.2274196 ;
7 19 0.9106768 ;
8 19 -0.71194 ;
9 19 -0.009605879 ;
10 19 -0.6004606 ;
11 19 0.3145687 ;
14 19 -0.7881383 ;
15 19 0.2558747 ;
16 19 0.5712393 ;
18 19 0.9154762 ;
0 20 0.03536806 ;
1 20 -0.4461443 ;
2 20 -0.673777 ;
3 20 -0.4272544 ;
5 20 -0.5747414 ;
6 20 0.6879464 ;
7 20 -0.02543174 ;
8 20 -0.3170335 ;
9 20 0.002584629 ;
10 20 0.7758142 ;
11 20 0.1481639 ;
13 20 -0.7443851 ;
14 20 0.4405019 ;
15 20 -0.6942948 ;
16 20 0.68903 ;
17 20 -0.4334108 ;
19 20 -0.344435 ;
0 21 -0.4311729 ;
1 21 0.940127 ;
2 21 0.127374 ;
3 21 0.897851 ;
4 21 0.4239356 ;
6 21 -0.1293149 ;
7 21 -0.3347918 ;
8 21 0.1197762 ;
9 21 0.4908041 ;
10 21 0.1885617 ;
11 21 -0.496869 ;
13 21 -0.05639954 ;
14 21 0.7156696 ;
15 21 0.1639138 ;
16 21 -0.9786027 ;
17 21 -0.5567972 ;
18 21 -0.9360213 ;
19 21 -0.5806833 ;
20 21 0.04228498 ;
0 22 0.08659163 ;
1 22 0.4439027 ;
2 22 -0.8848258 ;
3 22 0.6407433 ;
5 22 0.7639843 ;
7 22 -0.5592673 ;
8 22 -0.2891963 ;
9 22 0.9502966 ;
12 22 0.1186657 ;
13 22 0.4626105 ;
14 22 -0.9791046 ;
15 22 -0.6772017 ;
16 22 -0.09816329 ;
17 22 0.992245 ;
18 22 -0.1497453 ;
19 22 0.2577792 ;
20 22 -0.2950767 ;
21 22 0.350715 ;
0 23 -0.5541147 ;
1 23 0.8736692 ;
2 23 0.2893878 ;
3 23 -0.8602301 ;
4 23 0.6005671 ;
5 23 0.3898378 ;
6 23 0.9666891 ;
7 23 -0.2730307 ;
8 23 -0.4324621 ;
10 23 -0.2026744 ;
11 23 0.1001 ;
12 23 0.2114736 ;
13 23 -0.6788738 ;
15 23 -0.4223402 ;
16 23 0.5534396 ;
17 23 0.9934925 ;
18 23 -0.2382821 ;
22 23 0.4243467 ;
1 24 0.370706 ;
2 24 -0.8345007 ;
3 24 -0.312766 ;
4 24 -0.05142736 ;
5 24 -0.6333323 ;
6 24 -0.06107876 ;
8 24 0.97919 ;
9 24 0.1266221 ;
10 24 -0.7075698 ;
11 24 -0.006732103 ;
12 24 -0.961601 ;
13 24 0.09004497 ;
14 24 -0.1053478 ;
16 24 0.6295879 ;
17 24 0.878804 ;
19 24 -0.6591962 ;
20 24 0.01796466 ;
22 24 -0.1144215 ;
23 24 -0.6562545 ;
0 25 0.3583057 ;
2 25 -0.9325516 ;
3 25 0.4395456 ;
4 25 0.6157834 ;
5 25 -0.1867166 ;
7 25 0.4414892 ;
8 25 0.7064372 ;
9 25 -0.5490583 ;
10 25 0.752695 ;
11 25 0.592377 ;
13 25 -0.2783362 ;
14 25 0.5319476 ;
15 25 -0.4784482 ;
16 25 0.7277419 ;
17 25 0.8820574 ;
18 25 0.399738 ;
19 25 -0.3331036 ;
20 25 -0.1382423 ;
22 25 0.6156132 ;
23 25 -0.421076 ;
24 25 0.4693909 ;
0 26 0.836641 ;
2 26 0.6236104 ;
3 26 0.8140574 ;
4 26 -0.3439109 ;
5 26 -0.618398 ;
6 26 -0.9355343 ;
7 26 0.5802159 ;
8 26 0.2899452 ;
10 26 0.8594624 ;
11 26 -0.6057379 ;
12 26 -0.1413568 ;
13 26 -0.9642124 ;
14 26 -0.8384814 ;
15 26 0.7899772 ;
16 26 0.7840059 ;
17 26 0.8022249 ;
18 26 0.917666 ;
19 26 0.8290821 ;
21 26 -0.3507977 ;
23 26 0.3613359 ;
25 26 0.3125196 ;
0 27 0.8984734 ;
1 27 -0.6405335 ;
4 27 0.7864832 ;
6 27 0.6677158 ;
7 27 -0.265035 ;
8 27 0.289303 ;
9 27 -0.2645651 ;
10 27 -0.01239185 ;
11 27 0.6469013 ;
12 27 0.7230155 ;
14 27 -0.6598124 ;
15 27 -0.2157552 ;
16 27 -0.6394794 ;
20 27 0.3570936 ;
21 27 -0.9695811 ;
22 27 0.5919559 ;
25 27 -0.0542442 ;
26 27 -0.06205736 ;
0 28 -0.9921861 ;
1 28 0.3316019 ;
2 28 0.2559483 ;
3 28 0.8513581 ;
4 28 -0.232893 ;
5 28 0.3239847 ;
6 28 -0.9242843 ;
8 28 -0.2266865 ;
9 28 -0.8282055 ;
11 28 0.9963221 ;
12 28 -0.9016394 ;
13 28 -0.9521152 ;
14 28 0.04282656 ;
15 28 0.8251196 ;
16 28 0.3965172 ;
17 28 -0.2080135 ;
19 28 -0.821748 ;
20 28 0.6449487 ;
21 28 0.3937671 ;
22 28 0.2297287 ;
23 28 0.04687693 ;
24 28 -0.962175 ;
25 28 -0.8034528 ;
26 28 -0.2471089 ;
27 28 0.495366 ;
0 29 0.3156911 ;
1 29 -0.2324503 ;
2 29 -0.7330491 ;
3 29 0.1878056 ;
4 29 -0.3982293 ;
5 29 0.01945416 ;
7 29 -0.9811755 ;
8 29 -0.75252 ;
9 29 -0.6044496 ;
11 29 0.8769719 ;
12 29 0.7978486 ;
15 29 0.2433481 ;
16 29 0.7695344 ;
17 29 -0.8471185 ;
20 29 -0.7535154 ;
21 29 -0.4164683 ;
22 29 -0.7024883 ;
23 29 0.224439 ;
24 29 0.3508751 ;
25 29 0.9796292 ;
27 29 -0.4815968 ;
28 29 -0.5780106 ;
2 30 0.8531381 ;
3 30 0.9242549 ;
4 30 -0.3817818 ;
7 30 0.01352035 ;
8 30 -0.09038169 ;
9 30 0.1642074 ;
10 30 -0.8952844 ;
11 30 -0.9930299 ;
12 30 0.8846955 ;
13 30 0.8729993 ;
14 30 -0.3265306 ;
15 30 -0.8295425 ;
19 30 0.3322521 ;
20 30 0.4255058 ;
21 30 -0.5677833 ;
23 30 0.7253833 ;
24 30 -0.7539285 ;
25 30 -0.2607479 ;
27 30 0.9548098 ;
28 30 0.2475968 ;
29 30 -0.9663205 ;
0 31 0.9378318 ;
1 31 -0.5178828 ;
3 31 -0.8316929 ;
4 31 -0.9404128 ;
6 31 -0.7248387 ;
8 31 -0.432947 ;
9 31 -0.5585141 ;
10 31 0.3823483 ;
11 31 -0.6919734 ;
12 31 0.8949481 ;
14 31 0.3338788 ;
15 31 0.6092868 ;
16 31 -0.8896778 ;
17 31 -0.6726954 ;
18 31 0.3918558 ;
19 31 0.4443431 ;
22 31 -0.9390817 ;
24 31 0.4669107 ;
25 31 -0.07234454 ;
26 31 0.4155315 ;
27 31 0.3770529 ;
29 31 -0.3361386 ;
30 31 0.08367021 ;
1 32 0.6127411 ;
2 32 0.09241001 ;
3 32 0.3369727 ;
4 32 0.9697942 ;
5 32 0.4378664 ;
7 32 0.6271075 ;
8 32 -0.2135747 ;
9 32 0.1740653 ;
12 32 0.9847482 ;
14 32 -0.7284349 ;
15 32 0.4963723 ;
16 32 -0.7256105 ;
18 32 -0.1002172 ;
21 32 -0.4079782 ;
22 32 0.9137303 ;
23 32 0.4338701 ;
24 32 -0.2737843 ;
26 32 0.9046198 ;
27 32 -0.02307752 ;
28 32 -0.6024957 ;
29 32 -0.9181437 ;
31 32 0.5993337 ;
0 33 0.5980905 ;
1 33 -0.5624786 ;
4 33 0.8565847 ;
5 33 0.4823366 ;
6 33 0.0230592 ;
8 33 -0.2061208 ;
9 33 -0.6795245 ;
10 33 -0.5416108 ;
12 33 -0.1397675 ;
13 33 0.7708963 ;
14 33 0.7852824 ;
15 33 -0.6193295 ;
16 33 -0.7009592 ;
17 33 0.9807188 ;
18 33 -0.877003 ;
20 33 0.800457 ;
21 33 -0.9262784 ;
23 33 -0.6995877 ;
24 33 0.6474752 ;
28 33 0.5363307 ;
30 33 -0.5212539 ;
32 33 0.2905064 ;
0 34 -0.737558 ;
2 34 -0.8161029 ;
3 34 0.8928707 ;
5 34 -0.174295 ;
6 34 -0.7079851 ;
7 34 0.6696607 ;
8 34 0.5212525 ;
10 34 0.1058737 ;
11 34 -0.9654217 ;
12 34 0.5267145 ;
15 34 0.4552835 ;
16 34 0.5706592 ;
17 34 -0.2976998 ;
18 34 0.07994019 ;
19 34 -0.9822653 ;
22 34 -0.6812258 ;
23 34 0.5923336 ;
26 34 0.06044496 ;
28 34 0.4922657 ;
30 34 0.02040307 ;
31 34 -0.546033 ;
33 34 0.4034196 ;
0 35 -0.7446448 ;
1 35 0.5664116 ;
2 35 0.1070418 ;
3 35 0.4853778 ;
4 35 0.441698 ;
5 35 0.2990066 ;
6 35 -0.2430011 ;
7 35 -0.5613629 ;
9 35 -0.3605919 ;
11 35 -0.9236807 ;
12 35 -0.6466231 ;
13 35 0.808578 ;
14 35 0.875713 ;
15 35 -0.08923285 ;
16 35 -0.7701116 ;
17 35 0.8711257 ;
18 35 0.4369949 ;
19 35 0.2282025 ;
21 35 0.3367397 ;
22 35 0.187908 ;
23 35 -0.1332854 ;
24 35 0.1989976 ;
26 35 -0.6716259 ;
28 35 -0.1927789 ;
29 35 0.008157592 ;
30 35 -0.2653767 ;
31 35 0.8904491 ;
33 35 -0.19775 ;
34 35 -0.9463444 ;
0 36 -0.2493311 ;
1 36 -0.896487 ;
2 36 0.1373196 ;
3 36 0.3777945 ;
4 36 0.4446494 ;
5 36 0.3633736 ;
6 36 -0.6547523 ;
9 36 0.3263348 ;
11 36 -0.8969198 ;
13 36 -0.05955958 ;
14 36 0.3618773 ;
16 36 0.8442985 ;
17 36 0.1976543 ;
19 36 0.7027014 ;
20 36 -0.3902463 ;
21 36 -0.4786912 ;
22 36 0.2172782 ;
23 36 0.005616382 ;
24 36 0.7909694 ;
25 36 -0.6467799 ;
26 36 -0.2076751 ;
27 36 0.5633532 ;
28 36 0.7826544 ;
29 36 0.1686557 ;
30 36 0.8631056 ;
32 36 -0.621318 ;
33 36 0.4951491 ;
34 36 0.4794438 ;
1 37 -0.9821845 ;
2 37 0.7108926 ;
3 37 0.4749855 ;
7 37 -0.0201758 ;
8 37 0.9187653 ;
9 37 -0.294341 ;
10 37 0.66129 ;
11 37 0.3700021 ;
13 37 -0.886052 ;
14 37 -0.3905329 ;
15 37 -0.8240454 ;
16 37 -0.01557108 ;
17 37 -0.6440467 ;
18 37 -0.6362273 ;
19 37 -0.5081202 ;
21 37 0.9613039 ;
22 37 0.9719199 ;
23 37 -0.7798704 ;
24 37 -0.5015342 ;
25 37 -0.2551156 ;
26 37 -0.6609165 ;
27 37 -0.1922782 ;
29 37 -0.5678315 ;
31 37 -0.4983595 ;
33 37 -0.1265234 ;
34 37 -0.2739737 ;
35 37 0.7143007 ;
36 37 -0.5195115 ;
0 38 -0.7728322 ;
1 38 0.571667 ;
3 38 -0.9467775 ;
5 38 -0.6766978 ;
6 38 0.3973114 ;
7 38 0.9871489 ;
9 38 -0.7848731 ;
10 38 0.9404213 ;
11 38 0.8372707 ;
12 38 0.980271 ;
14 38 0.8709396 ;
15 38 -0.2708611 ;
16 38 0.7129559 ;
17 38 -0.5233641 ;
18 38 0.3049748 ;
19 38 0.8967531 ;
21 38 -0.4650107 ;
22 38 -0.6554244 ;
23 38 0.02864742 ;
24 38 0.3504285 ;
26 38 0.9686232 ;
27 38 -0.5193003 ;
28 38 -0.7078463 ;
31 38 -0.08360624 ;
32 38 0.3288359 ;
33 38 0.6159374 ;
34 38 -0.1579722 ;
35 38 0.7958383 ;
36 38 0.165803 ;
0 39 -0.6499712 ;
1 39 -0.7316562 ;
3 39 -0.1714292 ;
4 39 0.1825777 ;
5 39 -0.01619281 ;
6 39 0.6966093 ;
7 39 -0.1941687 ;
8 39 -0.7585614 ;
9 39 -0.3940848 ;
10 39 -0.8697355 ;
11 39 -0.3893223 ;
12 39 0.9245682 ;
13 39 0.9530472 ;
14 39 0.9347236 ;
15 39 -0.1527104 ;
17 39 0.9334966 ;
18 39 -0.7930854 ;
19 39 -0.2170584 ;
20 39 0.2798874 ;
21 39 -0.754782 ;
22 39 0.2203022 ;
23 39 -0.8829784 ;
24 39 0.7102096 ;
25 39 -0.220028 ;
26 39 -0.6922345 ;
27 39 0.5164864 ;
28 39 -0.9931567 ;
29 39 0.9636473 ;
30 39 -0.6806989 ;
31 39 0.5264992 ;
32 39 -0.8175775 ;
34 39 0.7195891 ;
35 39 0.4843537 ;
36 39 -0.1540897 ;
38 39 -0.8333688 ]