n =  40
taille =  178
Mat = [2 3 0.9323821 ;
0 4 0.1370665 ;
0 5 -0.9286358 ;
3 7 0.1784547 ;
0 8 -0.6815784 ;
0 9 -0.2825804 ;
3 9 0.8539001 ;
8 9 0.8702957 ;
0 10 -0.3347392 ;
5 10 0.9743733 ;
3 11 -0.2825494 ;
5 11 -0.5814131 ;
8 11 0.9966097 ;
9 11 0.5518562 ;
1 12 0.5280622 ;
7 12 0.2918173 ;
9 12 0.8934529 ;
11 12 -0.2540934 ;
11 13 -0.1156333 ;
12 13 -0.381335 ;
2 14 0.2658338 ;
10 14 0.951509 ;
0 15 0.7004253 ;
2 15 -0.9821794 ;
7 15 0.8918467 ;
8 15 0.6504329 ;
11 15 -0.2726313 ;
6 16 0.5795967 ;
9 16 -0.7436281 ;
10 16 0.4750414 ;
12 16 0.7137736 ;
1 17 0.7931913 ;
10 17 0.7535941 ;
11 17 0.3606238 ;
4 18 0.7591196 ;
10 18 0.6816862 ;
14 18 -0.4529132 ;
0 19 -0.465907 ;
4 19 0.1794616 ;
6 19 0.5486958 ;
15 19 0.8214109 ;
17 19 0.09792107 ;
3 20 0.7180153 ;
13 20 -0.1735721 ;
18 20 0.451255 ;
7 21 -0.186185 ;
11 21 0.3232888 ;
12 21 -0.04482524 ;
16 21 0.1210388 ;
20 21 0.1571763 ;
0 22 0.1316893 ;
1 22 0.1081178 ;
13 22 -0.9492715 ;
15 22 -0.1060732 ;
17 22 0.1177242 ;
19 22 -0.893188 ;
2 23 0.9617611 ;
4 23 0.4201777 ;
12 23 -0.9953405 ;
19 23 0.495081 ;
21 23 -0.7823436 ;
2 24 0.1163136 ;
7 24 -0.05823887 ;
9 24 0.6144439 ;
13 24 0.6372608 ;
18 24 -0.2234506 ;
23 24 0.7995292 ;
1 25 0.3195192 ;
5 25 0.2676182 ;
8 25 0.4090175 ;
16 25 -0.435338 ;
24 25 0.4255255 ;
0 26 -0.9173935 ;
12 26 0.5944165 ;
14 26 -0.5333686 ;
21 26 -0.3656489 ;
22 26 -0.4767715 ;
3 27 -0.7783768 ;
4 27 -0.7376833 ;
5 27 0.962671 ;
23 27 0.5879872 ;
24 27 -0.680806 ;
25 27 0.3343348 ;
26 27 0.9655741 ;
5 28 -0.9529595 ;
6 28 0.6665088 ;
13 28 -0.1327713 ;
20 28 -0.9750873 ;
21 28 -0.2712108 ;
22 28 0.7358376 ;
23 28 -0.4778875 ;
24 28 -0.4697381 ;
3 29 -0.8894417 ;
7 29 -0.5031455 ;
8 29 0.3458112 ;
11 29 0.8752193 ;
15 29 -0.3339608 ;
21 29 0.895964 ;
24 29 0.8006252 ;
26 29 -0.09705042 ;
27 29 -0.5622636 ;
3 30 -0.1082817 ;
4 30 -0.6353763 ;
8 30 0.007780639 ;
9 30 0.0717968 ;
10 30 0.1896143 ;
13 30 0.2607162 ;
18 30 -0.3808171 ;
23 30 0.1753911 ;
28 30 -0.9443246 ;
29 30 0.1625849 ;
3 31 0.8753586 ;
7 31 -0.9114219 ;
16 31 -0.8610457 ;
19 31 -0.2351982 ;
25 31 0.6008937 ;
0 32 0.6721731 ;
7 32 -0.8962231 ;
10 32 0.8357934 ;
14 32 0.841305 ;
15 32 -0.2524705 ;
18 32 -0.8017499 ;
20 32 -0.5779002 ;
21 32 -0.09673698 ;
27 32 0.8942161 ;
29 32 -0.9272984 ;
30 32 0.02338787 ;
2 33 -0.1219733 ;
7 33 0.1485402 ;
13 33 -0.1298984 ;
26 33 0.5917139 ;
28 33 -0.4119869 ;
3 34 0.2717537 ;
14 34 -0.910727 ;
19 34 -0.2707843 ;
28 34 0.5128865 ;
32 34 0.2972705 ;
33 34 0.846477 ;
0 35 0.8209478 ;
4 35 0.747091 ;
19 35 0.8352184 ;
26 35 -0.01200338 ;
34 35 -0.6870895 ;
0 36 -0.7700999 ;
1 36 0.6216241 ;
5 36 -0.2427368 ;
6 36 0.1610942 ;
7 36 0.01094193 ;
10 36 -0.4365879 ;
17 36 -0.5109449 ;
27 36 0.544823 ;
0 37 -0.1262158 ;
4 37 0.3774457 ;
5 37 -0.9194904 ;
7 37 0.635001 ;
19 37 0.6848983 ;
21 37 -0.5888395 ;
25 37 0.3319626 ;
26 37 -0.191463 ;
31 37 -0.2451785 ;
3 38 0.9398745 ;
7 38 -0.6738021 ;
14 38 0.7627406 ;
22 38 -0.6010042 ;
33 38 0.4488194 ;
36 38 0.1284245 ;
37 38 0.273224 ;
6 39 -0.58282 ;
10 39 0.5423222 ;
11 39 0.9953521 ;
17 39 -0.9995965 ;
18 39 -0.1846993 ;
21 39 0.9472214 ;
28 39 -0.9324252 ;
30 39 0.09004283 ;
31 39 -0.5888867 ;
34 39 -0.126646 ;
36 39 0.6728166 ]