n =  35
taille =  296
Mat = [0 3 -0.1252219 ;
1 3 -0.6554983 ;
1 5 -0.5819572 ;
2 5 0.6267695 ;
0 6 -0.303111 ;
2 6 -0.3564183 ;
4 6 -0.5369352 ;
0 7 0.8934414 ;
4 7 0.3462248 ;
5 7 0.8446692 ;
6 7 -0.9615341 ;
1 8 0.9821812 ;
3 8 -0.5015363 ;
5 8 -0.03199901 ;
0 9 -0.4770524 ;
3 9 -0.1979282 ;
4 9 -0.7438831 ;
6 9 0.3318808 ;
8 9 0.5845958 ;
1 10 0.9337337 ;
2 10 -0.1623213 ;
3 10 0.4401925 ;
5 10 0.8963905 ;
6 10 0.3245005 ;
7 10 0.5121939 ;
9 10 -0.9101529 ;
0 11 -0.2679105 ;
3 11 -0.1282217 ;
6 11 -0.05506333 ;
7 11 -0.3049385 ;
0 12 -0.7597704 ;
1 12 -0.3039243 ;
2 12 -0.1432284 ;
3 12 0.4253624 ;
6 12 0.4764214 ;
8 12 -0.1997258 ;
1 13 0.5531502 ;
2 13 0.9728627 ;
5 13 -0.353792 ;
6 13 -0.5187918 ;
8 13 -0.3448301 ;
11 13 -0.118227 ;
12 13 -0.4911889 ;
3 14 0.5483825 ;
4 14 -0.550099 ;
7 14 -0.7697816 ;
8 14 0.3740119 ;
10 14 -0.2096458 ;
12 14 0.3618613 ;
13 14 0.6351404 ;
2 15 0.9690088 ;
3 15 0.3190289 ;
4 15 0.2957362 ;
7 15 0.1597493 ;
9 15 0.6728047 ;
13 15 0.8211545 ;
14 15 -0.2573604 ;
0 16 -0.4464478 ;
1 16 0.6315508 ;
2 16 -0.5533469 ;
4 16 -0.665863 ;
5 16 0.5777634 ;
6 16 -0.8432999 ;
7 16 -0.3570771 ;
10 16 -0.2007928 ;
13 16 -0.1982442 ;
15 16 0.8210649 ;
2 17 0.9609085 ;
3 17 -0.8686159 ;
4 17 -0.9905765 ;
8 17 0.5433408 ;
9 17 -0.8150914 ;
12 17 -0.8429674 ;
15 17 0.8504651 ;
16 17 0.4286203 ;
0 18 0.63188 ;
1 18 0.5729763 ;
2 18 0.2165825 ;
3 18 0.7711163 ;
4 18 -0.009264393 ;
5 18 -0.2647137 ;
6 18 -0.5693693 ;
7 18 -0.3878891 ;
11 18 -0.4543456 ;
12 18 -0.7534398 ;
14 18 -0.01919206 ;
15 18 -0.6006083 ;
16 18 -0.8553822 ;
17 18 -0.127658 ;
3 19 0.9819741 ;
4 19 -0.9189405 ;
5 19 0.6003692 ;
11 19 0.273328 ;
13 19 0.7922849 ;
15 19 -0.5886821 ;
17 19 -0.3183431 ;
2 20 -0.931006 ;
6 20 0.8125056 ;
7 20 -0.2047843 ;
8 20 -0.9972782 ;
10 20 -0.7899893 ;
11 20 -0.03676677 ;
12 20 -0.7585542 ;
13 20 0.9779758 ;
15 20 0.6830694 ;
16 20 0.1335084 ;
0 21 0.8921346 ;
1 21 0.5359481 ;
8 21 0.8924402 ;
10 21 0.9185855 ;
11 21 -0.3545406 ;
13 21 -0.06973222 ;
15 21 -0.1167145 ;
20 21 0.05624973 ;
1 22 0.5886207 ;
5 22 0.4057587 ;
6 22 0.4394205 ;
7 22 -0.1133703 ;
10 22 0.3290622 ;
11 22 0.1706743 ;
13 22 0.4918238 ;
14 22 -0.04343779 ;
15 22 0.8721802 ;
16 22 -0.7028726 ;
18 22 -0.04641479 ;
19 22 -0.8593515 ;
2 23 0.06387042 ;
5 23 -0.4397779 ;
7 23 0.006777032 ;
8 23 0.8777241 ;
12 23 0.1923609 ;
17 23 0.7099793 ;
18 23 0.1704523 ;
20 23 0.4830521 ;
22 23 -0.5779609 ;
1 24 -0.01623573 ;
4 24 0.3562926 ;
5 24 0.002724493 ;
6 24 0.3887357 ;
9 24 0.2214258 ;
11 24 -0.4868886 ;
13 24 0.02293291 ;
18 24 -0.05907748 ;
19 24 -0.8317412 ;
20 24 0.581595 ;
21 24 0.547143 ;
22 24 -0.3019572 ;
23 24 0.5126615 ;
0 25 0.05124939 ;
1 25 0.08629066 ;
2 25 0.5866476 ;
5 25 0.2276148 ;
7 25 0.8292944 ;
9 25 0.5118819 ;
12 25 0.1356571 ;
14 25 -0.264113 ;
16 25 0.308718 ;
18 25 0.8849486 ;
20 25 0.6427607 ;
1 26 0.2277164 ;
2 26 -0.7376094 ;
5 26 0.3927122 ;
6 26 -0.1233028 ;
8 26 0.4631726 ;
9 26 0.2376112 ;
10 26 -0.03507401 ;
12 26 0.9597944 ;
13 26 0.6387435 ;
18 26 -0.5951884 ;
19 26 -0.7741144 ;
25 26 0.2995895 ;
0 27 -0.6513301 ;
3 27 -0.4594711 ;
7 27 0.9991701 ;
11 27 0.8884975 ;
12 27 -0.747651 ;
17 27 0.6029111 ;
19 27 -0.9112749 ;
20 27 -0.5454401 ;
21 27 -0.05764761 ;
23 27 0.8932537 ;
1 28 -0.1933945 ;
2 28 0.9600384 ;
4 28 0.959706 ;
5 28 -0.8144373 ;
10 28 -0.3321081 ;
14 28 -0.7041933 ;
15 28 -0.9362704 ;
18 28 0.6853103 ;
19 28 -0.7337082 ;
20 28 0.2898607 ;
22 28 0.04068623 ;
23 28 0.04037757 ;
24 28 0.1053177 ;
25 28 -0.5653864 ;
27 28 -0.8970588 ;
0 29 -0.8199079 ;
3 29 -0.2582333 ;
4 29 -0.707802 ;
5 29 0.2154658 ;
6 29 0.2185711 ;
10 29 -0.5879121 ;
15 29 0.8937128 ;
18 29 -0.7020386 ;
19 29 0.5804995 ;
22 29 0.4867051 ;
25 29 -0.9120251 ;
28 29 0.08783622 ;
3 30 -0.2401152 ;
5 30 -0.9763471 ;
8 30 -0.4278661 ;
10 30 0.16694 ;
15 30 -0.8513485 ;
16 30 0.1417565 ;
17 30 -0.8199288 ;
18 30 0.1046087 ;
21 30 -0.2353872 ;
23 30 0.5131207 ;
24 30 -0.1501911 ;
25 30 0.9745029 ;
26 30 0.6937199 ;
27 30 -0.2364734 ;
28 30 0.36235 ;
29 30 -0.1916298 ;
1 31 -0.04803146 ;
2 31 -0.3113659 ;
3 31 0.5036882 ;
4 31 0.6995232 ;
6 31 -0.8593674 ;
7 31 0.1781129 ;
8 31 0.7459665 ;
12 31 0.7302609 ;
13 31 -0.7764308 ;
17 31 -0.6845591 ;
20 31 0.7887933 ;
21 31 -0.7995557 ;
22 31 0.1122243 ;
23 31 -0.5718856 ;
24 31 0.2188578 ;
27 31 0.4171501 ;
28 31 0.7532579 ;
29 31 -0.0683704 ;
30 31 -0.281195 ;
0 32 0.1141448 ;
2 32 -0.8227174 ;
4 32 -0.1852185 ;
5 32 -0.2330578 ;
8 32 -0.5094018 ;
10 32 0.9528056 ;
14 32 0.059582 ;
17 32 0.4040738 ;
19 32 0.4050049 ;
20 32 0.9129899 ;
24 32 -0.3173202 ;
25 32 -0.8447036 ;
31 32 -0.676871 ;
0 33 0.8039021 ;
1 33 -0.09589952 ;
4 33 -0.5371852 ;
5 33 0.2461309 ;
6 33 0.1597853 ;
7 33 -0.765728 ;
8 33 -0.4255804 ;
9 33 0.09558628 ;
11 33 0.4606543 ;
12 33 -0.3424704 ;
14 33 -0.3217117 ;
15 33 0.4847229 ;
17 33 0.2963462 ;
20 33 -0.8679643 ;
22 33 0.2120377 ;
23 33 0.8548828 ;
25 33 0.4321319 ;
26 33 0.4669893 ;
29 33 -0.5357935 ;
30 33 0.8859661 ;
31 33 0.8168051 ;
32 33 0.7532659 ;
0 34 -0.7543038 ;
1 34 0.1121084 ;
2 34 -0.03570176 ;
4 34 0.6878401 ;
5 34 0.8336142 ;
7 34 -0.7736618 ;
8 34 0.02754515 ;
9 34 0.649629 ;
11 34 0.7506953 ;
16 34 0.1857521 ;
17 34 -0.6110578 ;
18 34 0.9258399 ;
19 34 0.5500244 ;
20 34 0.8139578 ;
23 34 0.888958 ;
27 34 0.9850079 ;
31 34 -0.144986 ;
32 34 -0.1282234 ]