n =  40
taille =  399
Mat = [1 2 0.8888169 ;
0 3 0.007206232 ;
2 3 -0.2033515 ;
1 4 0.2498796 ;
2 4 0.5567228 ;
0 5 0.6577705 ;
3 5 -0.5862463 ;
4 5 -0.3955528 ;
5 6 -0.04080841 ;
0 7 -0.6556746 ;
1 7 -0.1679048 ;
2 7 0.9938652 ;
6 7 0.3985895 ;
0 8 -0.4131057 ;
2 8 -0.9198176 ;
5 8 -0.007339395 ;
6 8 0.537708 ;
1 9 -0.4447854 ;
5 9 -0.8076028 ;
0 10 0.3688204 ;
1 10 -0.5858243 ;
3 10 -0.9400638 ;
4 10 0.831154 ;
6 10 -0.05959032 ;
7 10 0.07395496 ;
8 10 0.6756157 ;
9 10 0.7872934 ;
1 11 -0.6542466 ;
4 11 0.7640836 ;
7 11 -0.9306394 ;
9 11 -0.5883727 ;
1 12 0.4861551 ;
3 12 0.2869722 ;
4 12 -0.7527537 ;
5 12 0.6181351 ;
6 12 0.1676082 ;
7 12 -0.1274231 ;
8 12 -0.2906579 ;
9 12 0.1489406 ;
11 12 0.05178232 ;
0 13 0.8205453 ;
0 14 0.09899367 ;
1 14 -0.4199044 ;
2 14 0.09740156 ;
5 14 0.0436211 ;
7 14 -0.310976 ;
8 14 -0.216432 ;
10 14 -0.529366 ;
11 14 0.8227987 ;
12 14 0.6112424 ;
0 15 -0.7211587 ;
1 15 -0.6260577 ;
3 15 -0.6767998 ;
9 15 0.6741337 ;
10 15 0.7123329 ;
12 15 -0.9209129 ;
3 16 -0.7038427 ;
4 16 0.7110594 ;
5 16 -0.9786112 ;
6 16 -0.2328899 ;
7 16 -0.4123022 ;
9 16 0.9373179 ;
14 16 -0.5055655 ;
0 17 0.09395488 ;
1 17 0.4950531 ;
2 17 0.09636076 ;
3 17 -0.3131617 ;
5 17 0.1819971 ;
6 17 -0.168113 ;
7 17 0.2071509 ;
8 17 -0.2466518 ;
14 17 0.4958425 ;
4 18 0.6921962 ;
6 18 0.3083162 ;
9 18 0.906068 ;
10 18 -0.2933575 ;
11 18 0.5959758 ;
0 19 0.2074125 ;
2 19 0.8233318 ;
3 19 0.3896083 ;
4 19 0.9895627 ;
8 19 -0.5628897 ;
9 19 0.07750878 ;
10 19 0.8440693 ;
13 19 0.4047205 ;
15 19 0.1349385 ;
18 19 0.9631306 ;
3 20 -0.1488242 ;
5 20 0.2693206 ;
6 20 0.02049757 ;
9 20 0.05939741 ;
10 20 -0.2453988 ;
11 20 -0.05878868 ;
13 20 0.3659726 ;
14 20 -0.9701141 ;
16 20 0.7677463 ;
17 20 -0.9174523 ;
18 20 0.813319 ;
19 20 0.9265553 ;
4 21 -0.8869637 ;
6 21 0.2982508 ;
7 21 -0.1423516 ;
8 21 0.4257481 ;
13 21 0.1118829 ;
14 21 0.5756594 ;
15 21 0.7019225 ;
16 21 0.6015574 ;
18 21 -0.01298282 ;
20 21 -0.409687 ;
0 22 -0.9121692 ;
2 22 -0.6196897 ;
3 22 0.2520339 ;
6 22 -0.3090702 ;
7 22 0.454412 ;
9 22 -0.7875896 ;
10 22 -0.5328845 ;
11 22 0.300657 ;
12 22 0.6084168 ;
14 22 0.1353179 ;
17 22 -0.7226336 ;
0 23 0.9059873 ;
1 23 -0.6136162 ;
2 23 -0.4738775 ;
3 23 0.4602602 ;
4 23 0.8065075 ;
5 23 0.7869777 ;
6 23 -0.1822497 ;
9 23 -0.3936655 ;
10 23 0.7934763 ;
12 23 0.1200323 ;
13 23 -0.4400434 ;
14 23 0.3879127 ;
15 23 -0.741628 ;
18 23 0.8960709 ;
20 23 -0.8226559 ;
21 23 -0.8717099 ;
0 24 0.3797176 ;
3 24 0.7447703 ;
4 24 -0.2703365 ;
5 24 -0.2925323 ;
6 24 0.3070618 ;
7 24 0.4237236 ;
8 24 -0.5654205 ;
9 24 0.704352 ;
10 24 -0.06150959 ;
11 24 0.564529 ;
12 24 -0.798622 ;
13 24 -0.2853815 ;
16 24 0.8577601 ;
17 24 0.1794012 ;
18 24 0.3219548 ;
19 24 0.8705921 ;
20 24 -0.5325158 ;
21 24 -0.779591 ;
22 24 -0.7487388 ;
3 25 -0.8837865 ;
8 25 -0.1493267 ;
11 25 0.7648268 ;
12 25 0.06395549 ;
14 25 -0.8589565 ;
16 25 0.813531 ;
17 25 -0.3791315 ;
19 25 0.3029186 ;
20 25 0.5885038 ;
24 25 -0.5373106 ;
0 26 0.5065811 ;
4 26 0.9994452 ;
5 26 -0.1796673 ;
6 26 -0.07997247 ;
7 26 0.9611909 ;
8 26 0.429942 ;
9 26 -0.7942693 ;
10 26 -0.01148705 ;
11 26 0.8966663 ;
12 26 0.5898724 ;
13 26 0.2310575 ;
14 26 -0.9035712 ;
16 26 -0.5872544 ;
20 26 0.1451314 ;
21 26 0.08302913 ;
22 26 0.4665172 ;
24 26 0.5150859 ;
25 26 -0.08857391 ;
1 27 0.9736852 ;
4 27 -0.9165683 ;
5 27 -0.0800405 ;
6 27 0.402687 ;
7 27 -0.7659642 ;
8 27 -0.7336678 ;
9 27 -0.4911526 ;
10 27 0.7758991 ;
11 27 -0.893941 ;
13 27 0.7581886 ;
15 27 -0.2352885 ;
16 27 -0.5317341 ;
17 27 -0.3052774 ;
18 27 -0.6340064 ;
19 27 0.9138483 ;
24 27 0.7605818 ;
25 27 -0.820767 ;
0 28 -0.8893105 ;
1 28 0.6176022 ;
2 28 0.7628977 ;
4 28 -0.4058271 ;
8 28 -0.2080932 ;
10 28 0.2028067 ;
12 28 -0.879965 ;
14 28 -0.07955065 ;
15 28 -0.5988536 ;
16 28 0.4356229 ;
18 28 0.1011367 ;
26 28 -0.2868428 ;
27 28 -0.1244244 ;
2 29 -0.8699312 ;
6 29 0.9253064 ;
7 29 0.7038214 ;
8 29 0.8618599 ;
9 29 0.9700743 ;
10 29 -0.9721349 ;
13 29 -0.1701666 ;
14 29 -0.05055284 ;
15 29 -0.9266346 ;
17 29 0.4543376 ;
25 29 -0.9298327 ;
27 29 0.8729588 ;
0 30 -0.6901084 ;
1 30 -0.6678222 ;
2 30 0.2597764 ;
3 30 0.7366428 ;
7 30 0.535911 ;
8 30 0.8143837 ;
10 30 0.7549173 ;
12 30 -0.2221663 ;
15 30 -0.6737696 ;
18 30 -0.8606013 ;
21 30 -0.9632155 ;
22 30 -0.2813371 ;
25 30 0.3330345 ;
26 30 0.8475829 ;
27 30 -0.2546687 ;
29 30 0.2025263 ;
3 31 0.267416 ;
7 31 0.4132563 ;
9 31 0.2516076 ;
10 31 0.7062712 ;
11 31 0.4562611 ;
12 31 0.3009965 ;
13 31 -0.7344526 ;
14 31 -0.2884595 ;
15 31 0.2938207 ;
16 31 0.488915 ;
20 31 0.05243295 ;
21 31 -0.2963235 ;
23 31 -0.9896702 ;
24 31 -0.7256091 ;
25 31 0.3602673 ;
26 31 -0.592726 ;
27 31 0.1458921 ;
29 31 -0.3215627 ;
30 31 0.2908827 ;
0 32 0.1490126 ;
1 32 0.3920758 ;
2 32 0.09681188 ;
4 32 -0.2187835 ;
5 32 -0.1955749 ;
11 32 -0.3634666 ;
14 32 -0.1982517 ;
16 32 0.3183075 ;
17 32 -0.5905755 ;
18 32 0.01005065 ;
20 32 -0.6107901 ;
22 32 0.2553648 ;
26 32 -0.88708 ;
27 32 -0.6446581 ;
28 32 -0.7146747 ;
29 32 -0.1813516 ;
30 32 -0.1490835 ;
31 32 -0.4703645 ;
1 33 -0.6014876 ;
3 33 0.06847974 ;
5 33 0.8390335 ;
6 33 0.7302648 ;
7 33 0.1355095 ;
8 33 -0.5455808 ;
11 33 -0.9924457 ;
15 33 0.912545 ;
17 33 0.7572954 ;
19 33 -0.1453057 ;
20 33 -0.1515294 ;
21 33 -0.6687967 ;
22 33 0.9372606 ;
24 33 -0.7160424 ;
26 33 0.8358033 ;
27 33 -0.3272679 ;
32 33 -0.004494805 ;
0 34 0.0007046899 ;
1 34 0.8340844 ;
4 34 -0.5082983 ;
5 34 0.2835317 ;
6 34 0.6684797 ;
7 34 -0.3299795 ;
10 34 0.3109715 ;
11 34 0.5389925 ;
14 34 0.1560393 ;
15 34 0.8631521 ;
17 34 -0.830364 ;
18 34 0.8750857 ;
19 34 0.4137254 ;
20 34 0.1529365 ;
22 34 0.7214511 ;
23 34 0.7760347 ;
25 34 -0.2286965 ;
26 34 -0.9524908 ;
28 34 -0.3407118 ;
31 34 0.3588993 ;
1 35 -0.9465376 ;
2 35 0.3658118 ;
5 35 -0.8664414 ;
11 35 -0.4318557 ;
14 35 0.2785314 ;
18 35 -0.2262406 ;
19 35 -0.1806706 ;
20 35 0.8991834 ;
21 35 0.748258 ;
27 35 -0.8201975 ;
29 35 0.4585481 ;
32 35 -0.6502122 ;
33 35 0.07421499 ;
34 35 -0.401382 ;
0 36 0.02257551 ;
2 36 0.3387296 ;
4 36 -0.02750243 ;
9 36 -0.6123005 ;
10 36 -0.3768572 ;
11 36 0.4376921 ;
15 36 0.5149545 ;
16 36 0.04838081 ;
19 36 -0.4089937 ;
20 36 0.4250024 ;
21 36 -0.6544949 ;
22 36 -0.8519853 ;
27 36 0.7399209 ;
30 36 0.0630146 ;
31 36 -0.768411 ;
32 36 -0.129318 ;
0 37 -0.1946247 ;
3 37 -0.1445507 ;
5 37 -0.454657 ;
8 37 0.1781913 ;
9 37 -0.4433647 ;
10 37 -0.7093964 ;
12 37 -0.6058344 ;
14 37 0.713046 ;
15 37 -0.009885925 ;
17 37 0.5217832 ;
18 37 -0.2193353 ;
19 37 -0.9085536 ;
20 37 0.3156483 ;
22 37 0.4811491 ;
23 37 -0.244306 ;
25 37 0.3756891 ;
26 37 0.8183435 ;
30 37 0.2988698 ;
34 37 -0.9593661 ;
35 37 -0.5362251 ;
36 37 -0.8600105 ;
0 38 0.7091911 ;
3 38 0.8298636 ;
4 38 -0.4912103 ;
5 38 -0.8372804 ;
6 38 0.499867 ;
8 38 -0.9729394 ;
13 38 0.5963922 ;
16 38 -0.6703807 ;
17 38 -0.9483192 ;
18 38 0.2877325 ;
22 38 -0.1946642 ;
23 38 0.5475355 ;
24 38 -0.8166217 ;
29 38 0.03164237 ;
31 38 -0.7142412 ;
32 38 0.9445721 ;
33 38 0.2340818 ;
36 38 -0.8428384 ;
0 39 -0.3274979 ;
7 39 0.9018241 ;
8 39 0.6875164 ;
13 39 -0.8771042 ;
14 39 -0.1929756 ;
15 39 -0.8708795 ;
19 39 0.7407345 ;
28 39 0.0286108 ;
30 39 -0.9998754 ;
31 39 0.02361013 ;
33 39 0.3312622 ;
34 39 0.003716846 ;
36 39 -0.7889151 ;
37 39 0.9263179 ;
38 39 -0.4733823 ]