n =  40
taille =  158
Mat = [0 2 -0.3811895 ;
2 4 -0.6047589 ;
0 6 0.9553371 ;
4 6 0.4018463 ;
2 7 -0.8808824 ;
3 7 0.9526951 ;
2 8 0.47922 ;
4 8 -0.972504 ;
4 9 -0.4017347 ;
5 9 -0.8371536 ;
1 10 0.2867247 ;
7 10 0.01476167 ;
1 11 -0.7666749 ;
5 11 -0.1083558 ;
0 12 -0.2137664 ;
3 12 -0.06888146 ;
7 12 0.6189918 ;
10 12 -0.1921639 ;
12 13 0.7988958 ;
11 14 0.8587919 ;
13 14 -0.0456668 ;
4 15 -0.1541539 ;
7 15 0.06487511 ;
7 16 -0.7315001 ;
12 16 0.1119962 ;
13 16 -0.1032728 ;
15 16 -0.3336885 ;
5 17 -0.496387 ;
15 17 0.890749 ;
5 18 -0.5594757 ;
9 18 0.9198833 ;
11 18 0.2740083 ;
15 18 0.4106222 ;
16 18 0.2585159 ;
6 19 0.9069312 ;
9 19 -0.8604691 ;
17 19 -0.1882502 ;
3 20 -0.5376845 ;
12 20 0.7181805 ;
18 20 0.230819 ;
19 20 -0.113555 ;
2 21 0.33534 ;
3 21 -0.1332846 ;
14 21 -0.7910235 ;
2 22 -0.7752118 ;
6 22 0.3552302 ;
9 22 -0.8261855 ;
16 22 -0.8948655 ;
19 22 -0.7695153 ;
20 22 0.3661968 ;
5 23 -0.4054744 ;
7 23 -0.07680588 ;
13 23 0.02956722 ;
17 23 -0.9841691 ;
21 23 0.6820568 ;
7 24 -0.6404579 ;
10 24 0.3819183 ;
11 24 -0.8040542 ;
18 24 -0.3665646 ;
2 25 0.8639574 ;
12 25 0.6964456 ;
13 25 0.8385881 ;
18 25 0.7744018 ;
19 25 -0.05562163 ;
0 26 -0.8332051 ;
2 26 -0.8166587 ;
3 26 -0.9383233 ;
9 26 -0.3721781 ;
10 26 0.4193145 ;
17 26 -0.6792698 ;
18 26 0.9475572 ;
23 26 0.02510424 ;
24 26 0.6048378 ;
0 27 0.7703002 ;
1 27 0.8647364 ;
9 27 -0.7845685 ;
17 27 -0.7752927 ;
20 27 -0.7465565 ;
24 27 -0.5268229 ;
26 27 -0.5191824 ;
0 28 0.6080661 ;
10 28 0.8695903 ;
17 28 -0.9447158 ;
18 28 0.6153217 ;
19 28 -0.659382 ;
22 28 0.2646453 ;
26 28 -0.332039 ;
2 29 -0.6617607 ;
7 29 0.8391472 ;
14 29 -0.8287766 ;
15 29 -0.2113396 ;
16 29 0.4194699 ;
19 29 0.7134359 ;
2 30 -0.911778 ;
11 30 0.1638336 ;
19 30 0.568392 ;
27 30 -0.3177665 ;
29 30 0.92867 ;
6 31 -0.2766273 ;
7 31 -0.2231344 ;
9 31 -0.4022632 ;
21 31 0.3073141 ;
28 31 0.8801228 ;
29 31 0.2474495 ;
6 32 0.9798346 ;
10 32 -0.9156557 ;
30 32 -0.4716123 ;
7 33 -0.1055705 ;
10 33 -0.3948897 ;
24 33 0.3712364 ;
0 34 -0.1828845 ;
6 34 -0.2621185 ;
7 34 0.2784793 ;
10 34 0.4658545 ;
21 34 0.7976181 ;
22 34 -0.8612024 ;
24 34 -0.7103665 ;
28 34 0.4149 ;
32 34 0.4498051 ;
4 35 0.2566405 ;
5 35 -0.5730908 ;
6 35 -0.7646114 ;
14 35 0.3327335 ;
18 35 0.62927 ;
8 36 0.9350999 ;
10 36 0.9546325 ;
13 36 -0.5985814 ;
14 36 -0.9579849 ;
16 36 0.04022047 ;
20 36 -0.6649417 ;
21 36 -0.3300232 ;
25 36 -0.7832468 ;
29 36 0.5661997 ;
30 36 0.852334 ;
32 36 0.7297416 ;
0 37 0.3423366 ;
3 37 -0.7061887 ;
7 37 0.4461054 ;
10 37 -0.4000735 ;
20 37 -0.7771517 ;
28 37 0.3576417 ;
32 37 -0.7275786 ;
1 38 -0.4626213 ;
4 38 -0.7081786 ;
7 38 -0.2501409 ;
14 38 0.6142154 ;
17 38 -0.9082856 ;
24 38 -0.8746409 ;
25 38 -0.527932 ;
27 38 -0.4922018 ;
30 38 -0.5504777 ;
31 38 0.2859535 ;
33 38 -0.6417316 ;
3 39 0.03057684 ;
18 39 -0.9046398 ;
29 39 -0.7317247 ;
32 39 -0.5113463 ;
35 39 0.3786607 ]