n =  40
taille =  158
Mat = [0 1 -0.6859193 ;
0 5 -0.7394879 ;
0 6 -0.365769 ;
3 7 -0.2810821 ;
4 7 0.1348858 ;
2 8 0.313132 ;
7 8 -0.001967028 ;
4 9 -0.2103123 ;
2 10 -0.01713611 ;
6 10 -0.9168284 ;
9 11 0.3829201 ;
0 12 0.7716879 ;
2 12 -0.6458009 ;
4 12 0.3926217 ;
3 13 0.2714595 ;
3 14 0.7216325 ;
7 15 -0.1908535 ;
12 15 0.8805096 ;
13 15 0.737233 ;
3 16 0.5007214 ;
5 16 0.9586311 ;
9 16 -0.106955 ;
10 16 -0.2021154 ;
0 17 -0.6207225 ;
7 17 -0.764462 ;
8 17 -0.02983321 ;
16 17 -0.4126226 ;
3 18 0.005319959 ;
10 18 0.04890961 ;
9 19 -0.6317788 ;
17 19 -0.896436 ;
17 20 -0.9009834 ;
2 21 0.7851753 ;
5 21 -0.4479938 ;
13 21 0.8199099 ;
15 21 0.3679014 ;
16 22 -0.3985864 ;
21 22 0.9902538 ;
4 23 0.8864018 ;
5 23 -0.9768497 ;
9 23 -0.1568303 ;
11 23 0.625112 ;
13 23 -0.3385873 ;
0 24 0.5738021 ;
5 24 -0.1784051 ;
13 24 0.8190029 ;
19 24 -0.4667063 ;
0 25 -0.7756869 ;
8 25 0.1806465 ;
11 25 -0.03363021 ;
15 25 0.09223229 ;
16 25 -0.06625103 ;
20 25 -0.8842719 ;
24 25 0.2697197 ;
2 26 0.1301544 ;
6 26 0.8839598 ;
8 26 -0.5100381 ;
10 26 0.6643378 ;
13 26 0.4864097 ;
17 26 -0.9389028 ;
21 26 -0.02810347 ;
0 27 0.6661771 ;
3 27 0.03428441 ;
5 27 -0.5003756 ;
6 27 0.4659153 ;
10 27 -0.6602869 ;
12 27 0.1431268 ;
13 27 0.7767474 ;
25 27 -0.202953 ;
4 28 0.07679799 ;
9 28 -0.7017759 ;
10 28 0.2519892 ;
12 28 -0.1016243 ;
13 28 0.5616781 ;
15 28 0.9768478 ;
24 28 -0.7749175 ;
25 28 0.1465677 ;
1 29 0.4251365 ;
16 29 -0.9420039 ;
18 29 0.6721007 ;
19 29 -0.1169674 ;
20 29 0.7670583 ;
23 29 0.02533207 ;
25 29 -0.8252158 ;
27 29 0.6691295 ;
5 30 -0.2607565 ;
15 30 -0.3285036 ;
17 30 0.855546 ;
26 30 -0.2513332 ;
27 30 0.5317675 ;
0 31 0.009102073 ;
2 31 -0.53805 ;
5 31 -0.3128128 ;
6 31 0.1287101 ;
8 31 0.7338324 ;
13 31 -0.7257369 ;
4 32 0.1228695 ;
13 32 -0.004494178 ;
14 32 0.3643281 ;
25 32 0.5857348 ;
26 32 -0.01449007 ;
29 32 0.01539478 ;
31 32 -0.4530721 ;
1 33 -0.8723349 ;
4 33 0.1117814 ;
5 33 0.02994955 ;
14 33 0.07671954 ;
16 33 -0.5599691 ;
18 33 0.1156831 ;
24 33 0.1862642 ;
28 33 -0.2715889 ;
31 33 0.5245116 ;
1 34 -0.1782435 ;
5 34 0.5841528 ;
6 34 0.965809 ;
20 34 -0.05140802 ;
21 34 0.251524 ;
27 34 -0.3828138 ;
30 34 0.2551547 ;
33 34 0.951059 ;
1 35 -0.1531673 ;
9 35 0.577723 ;
15 35 -0.3570925 ;
21 35 -0.6268889 ;
25 35 -0.006633908 ;
26 35 0.6666955 ;
5 36 0.7575366 ;
14 36 0.6270408 ;
16 36 -0.243817 ;
17 36 0.5362205 ;
19 36 0.9868121 ;
21 36 0.2014876 ;
26 36 -0.7857798 ;
32 36 -0.9758929 ;
34 36 0.9663857 ;
3 37 0.2527411 ;
15 37 -0.7666524 ;
19 37 -0.2684105 ;
30 37 -0.3847146 ;
34 37 -0.9305476 ;
0 38 -0.311536 ;
2 38 0.02007618 ;
8 38 -0.904206 ;
12 38 0.4738652 ;
14 38 -0.2267583 ;
18 38 -0.4237912 ;
26 38 -0.1061565 ;
34 38 -0.101026 ;
37 38 -0.7408063 ;
3 39 0.4820135 ;
4 39 -0.2041466 ;
6 39 -0.5107749 ;
10 39 -0.2798848 ;
19 39 0.8350381 ;
25 39 -0.1523133 ;
31 39 -0.8629995 ;
34 39 -0.0450437 ;
36 39 -0.477895 ]