n =  45
taille =  801
Mat = [0 2 -0.9132583 ;
1 2 -0.7214297 ;
0 3 -0.3275336 ;
1 3 0.5465637 ;
2 3 0.1797302 ;
0 4 0.7553794 ;
1 4 0.945126 ;
2 4 0.1585865 ;
0 5 0.4652385 ;
1 5 0.3656892 ;
2 5 -0.7181799 ;
3 5 0.1088245 ;
4 5 -0.172322 ;
0 6 0.9287824 ;
1 6 0.7462458 ;
2 6 0.5273739 ;
3 6 -0.5182108 ;
4 6 -0.6113662 ;
5 6 0.586055 ;
0 7 0.2278815 ;
1 7 0.8836269 ;
2 7 -0.8933373 ;
3 7 0.3342435 ;
4 7 -0.4102736 ;
5 7 0.5744432 ;
6 7 0.3048824 ;
0 8 -0.8094097 ;
1 8 -0.5282534 ;
2 8 -0.7778495 ;
3 8 -0.4338138 ;
4 8 -0.5553701 ;
5 8 0.9610708 ;
6 8 -0.4331631 ;
7 8 0.4329497 ;
0 9 0.5344746 ;
2 9 -0.6946557 ;
3 9 -0.9368336 ;
4 9 0.3397032 ;
5 9 0.8669319 ;
7 9 -0.2431473 ;
8 9 -0.7803964 ;
0 10 -0.7559157 ;
1 10 -0.3287148 ;
2 10 -0.1222794 ;
3 10 -0.8904157 ;
4 10 0.8934441 ;
5 10 0.6157916 ;
6 10 0.3913059 ;
7 10 -0.8766601 ;
8 10 -0.0254429 ;
9 10 0.43212 ;
0 11 -0.6641029 ;
1 11 -0.7608418 ;
3 11 -0.5143614 ;
4 11 0.4853157 ;
5 11 -0.7528752 ;
6 11 0.5499343 ;
9 11 -0.7586365 ;
10 11 -0.6455807 ;
0 12 0.1366345 ;
1 12 0.3351487 ;
2 12 -0.8043086 ;
4 12 0.691656 ;
5 12 -0.3424872 ;
7 12 -0.4387265 ;
9 12 0.9089961 ;
10 12 0.5230231 ;
11 12 -0.2643658 ;
0 13 -0.7955681 ;
1 13 0.2771054 ;
2 13 -0.1747902 ;
7 13 -0.6999063 ;
10 13 -0.4431085 ;
11 13 -0.001289952 ;
0 14 0.6557924 ;
1 14 -0.2514261 ;
2 14 0.5761016 ;
3 14 -0.734335 ;
5 14 0.7238134 ;
7 14 -0.6670223 ;
10 14 0.8444921 ;
11 14 0.0641911 ;
12 14 0.8824929 ;
13 14 -0.9972195 ;
0 15 -0.7293187 ;
2 15 0.7648274 ;
3 15 0.1479119 ;
4 15 0.7684558 ;
5 15 0.1326082 ;
8 15 -0.4081595 ;
9 15 -0.7867731 ;
11 15 0.985959 ;
12 15 -0.9129151 ;
13 15 -0.9441873 ;
14 15 0.03002388 ;
0 16 -0.892155 ;
2 16 -0.03676061 ;
5 16 0.812832 ;
6 16 0.1368917 ;
7 16 0.9746146 ;
9 16 0.03512138 ;
12 16 -0.5045762 ;
14 16 0.8266362 ;
15 16 -0.6588137 ;
0 17 0.9714094 ;
1 17 0.9017876 ;
2 17 0.6533346 ;
3 17 0.1796245 ;
4 17 0.278133 ;
5 17 -0.471222 ;
8 17 0.527722 ;
10 17 -0.8998171 ;
11 17 -0.3460049 ;
12 17 -0.8784686 ;
14 17 0.79432 ;
15 17 -0.6098267 ;
16 17 -0.2699625 ;
0 18 0.1829287 ;
2 18 -0.7034768 ;
3 18 -0.9146473 ;
4 18 -0.02645211 ;
5 18 -0.9498039 ;
6 18 0.1334458 ;
7 18 -0.05559174 ;
8 18 -0.8673507 ;
9 18 0.2747933 ;
10 18 0.9519477 ;
11 18 0.9772304 ;
13 18 -0.1412087 ;
14 18 0.4190189 ;
16 18 -0.691462 ;
17 18 -0.6207938 ;
1 19 -0.9953686 ;
3 19 -0.05641521 ;
4 19 0.4043309 ;
5 19 -0.2610397 ;
6 19 0.519673 ;
7 19 0.7705763 ;
8 19 0.02610236 ;
9 19 -0.9028269 ;
11 19 0.8472584 ;
12 19 0.5521001 ;
13 19 -0.2738214 ;
14 19 -0.6281742 ;
15 19 -0.8081427 ;
16 19 0.05336047 ;
17 19 0.3355681 ;
18 19 0.02956552 ;
0 20 -0.7365212 ;
1 20 0.1467147 ;
2 20 0.2221684 ;
4 20 -0.7865836 ;
5 20 -0.7070906 ;
6 20 -0.1239881 ;
7 20 -0.375823 ;
8 20 -0.8406301 ;
10 20 -0.8061834 ;
11 20 0.5834803 ;
13 20 -0.7552705 ;
15 20 -0.03047113 ;
16 20 0.2136107 ;
17 20 -0.5313872 ;
1 21 -0.3001728 ;
2 21 -0.09526982 ;
3 21 -0.8293145 ;
4 21 0.4325059 ;
5 21 -0.07795068 ;
6 21 0.3584551 ;
7 21 0.4643656 ;
8 21 0.8705172 ;
9 21 0.8602287 ;
10 21 -0.4153547 ;
12 21 -0.6700307 ;
13 21 0.02709242 ;
16 21 0.9008151 ;
17 21 0.1467321 ;
18 21 -0.255425 ;
19 21 0.4536612 ;
0 22 0.4806407 ;
1 22 -0.1498872 ;
2 22 0.5829574 ;
4 22 0.4254324 ;
5 22 -0.9781691 ;
6 22 -0.884293 ;
7 22 0.4084625 ;
8 22 0.9042534 ;
9 22 0.2508352 ;
10 22 0.474087 ;
11 22 0.4977437 ;
12 22 0.8958897 ;
13 22 -0.3791751 ;
14 22 -0.1984943 ;
15 22 -0.2407457 ;
16 22 0.8982919 ;
17 22 -0.4229147 ;
19 22 0.8194878 ;
20 22 -0.6065045 ;
21 22 0.5656759 ;
0 23 -0.1245381 ;
1 23 -0.05036525 ;
2 23 -0.7943623 ;
3 23 -0.9532429 ;
4 23 0.8488051 ;
5 23 -0.4058869 ;
7 23 -0.9584768 ;
8 23 0.4052035 ;
9 23 -0.2139319 ;
10 23 0.6626677 ;
11 23 0.0286909 ;
13 23 0.8105467 ;
14 23 -0.5940105 ;
16 23 -0.383994 ;
17 23 -0.1601326 ;
18 23 0.7083763 ;
21 23 -0.9183299 ;
22 23 -0.4114773 ;
1 24 0.9146156 ;
2 24 0.869497 ;
3 24 0.1827417 ;
4 24 0.7390167 ;
5 24 0.1301506 ;
6 24 0.7102968 ;
8 24 0.907879 ;
9 24 0.02524871 ;
10 24 0.6096852 ;
12 24 -0.5825687 ;
13 24 -0.8536525 ;
14 24 -0.3506813 ;
15 24 0.7485185 ;
17 24 0.08443039 ;
18 24 -0.3571067 ;
19 24 -0.4453439 ;
20 24 0.9453989 ;
21 24 -0.126167 ;
22 24 -0.2640249 ;
23 24 -0.05250088 ;
0 25 0.9360701 ;
1 25 0.02067199 ;
2 25 0.9643096 ;
3 25 0.6695529 ;
5 25 0.7990874 ;
6 25 -0.4844957 ;
8 25 0.6116925 ;
10 25 0.2390972 ;
12 25 -0.5234649 ;
13 25 0.2302668 ;
14 25 -0.6019062 ;
15 25 -0.120673 ;
16 25 0.9546645 ;
17 25 0.4938527 ;
18 25 0.8919488 ;
19 25 0.04796941 ;
21 25 -0.0992652 ;
22 25 0.9364271 ;
23 25 0.02911891 ;
0 26 -0.2282828 ;
1 26 -0.09997958 ;
2 26 -0.1774206 ;
4 26 -0.3035627 ;
5 26 0.726621 ;
6 26 -0.3762503 ;
8 26 -0.2925603 ;
9 26 0.108779 ;
10 26 -0.343193 ;
11 26 0.7788553 ;
12 26 0.3397262 ;
13 26 0.01179874 ;
14 26 -0.6342218 ;
15 26 0.1166949 ;
16 26 -0.6943734 ;
17 26 -0.6481616 ;
18 26 0.911307 ;
19 26 0.09485477 ;
20 26 -0.4140565 ;
21 26 0.9924044 ;
22 26 0.3854458 ;
24 26 -0.0268148 ;
25 26 -0.779875 ;
1 27 -0.001325389 ;
2 27 -0.4710308 ;
3 27 -0.679118 ;
5 27 -0.3176863 ;
6 27 -0.6318715 ;
8 27 -0.6333412 ;
9 27 -0.5084543 ;
10 27 -0.2664141 ;
11 27 -0.388558 ;
12 27 0.9450783 ;
13 27 0.7759843 ;
14 27 -0.2554739 ;
15 27 -0.1613091 ;
16 27 0.3664238 ;
17 27 -0.1330725 ;
18 27 0.1564878 ;
19 27 0.6109536 ;
20 27 0.2457165 ;
22 27 0.852269 ;
23 27 0.9051382 ;
24 27 -0.5246775 ;
25 27 0.7185278 ;
0 28 -0.02691958 ;
1 28 -0.345675 ;
3 28 -0.6069208 ;
4 28 0.6940304 ;
6 28 -0.9385094 ;
7 28 0.1818589 ;
8 28 0.2366824 ;
10 28 0.09136467 ;
12 28 -0.7193207 ;
13 28 0.5800498 ;
14 28 -0.8592251 ;
15 28 0.836703 ;
16 28 0.7806232 ;
17 28 -0.1806206 ;
18 28 -0.542123 ;
19 28 0.842135 ;
21 28 0.938616 ;
22 28 0.2380673 ;
24 28 0.07440551 ;
26 28 0.2351062 ;
27 28 0.2027125 ;
1 29 0.5347432 ;
2 29 0.7532136 ;
3 29 0.4032594 ;
4 29 -0.134498 ;
5 29 -0.5995654 ;
7 29 0.3863955 ;
8 29 -0.6325916 ;
9 29 0.5363572 ;
11 29 -0.9808509 ;
13 29 0.3180757 ;
14 29 0.636658 ;
16 29 0.144529 ;
17 29 -0.607131 ;
18 29 -0.9371821 ;
19 29 -0.1696805 ;
20 29 0.9274693 ;
21 29 0.5997395 ;
22 29 0.6389301 ;
23 29 -0.9763704 ;
24 29 -0.09917417 ;
25 29 -0.590555 ;
26 29 -0.5893484 ;
27 29 0.06087229 ;
28 29 0.4472623 ;
0 30 -0.1461997 ;
1 30 -0.5506398 ;
2 30 -0.9108239 ;
3 30 -0.8982811 ;
4 30 0.5423881 ;
5 30 -0.1279539 ;
7 30 -0.003342434 ;
8 30 0.8481143 ;
9 30 -0.3607928 ;
10 30 0.02438387 ;
11 30 -0.4393936 ;
13 30 -0.6649465 ;
14 30 -0.136446 ;
15 30 -0.2060827 ;
16 30 -0.4105082 ;
18 30 0.8705784 ;
21 30 0.3910202 ;
22 30 0.9862859 ;
23 30 -0.2788096 ;
24 30 -0.6963846 ;
25 30 0.139407 ;
26 30 -0.6220447 ;
27 30 0.5293568 ;
29 30 0.3336083 ;
0 31 -0.9299209 ;
1 31 0.4300007 ;
3 31 0.1212889 ;
5 31 0.5020225 ;
6 31 -0.06122509 ;
7 31 0.1253827 ;
8 31 -0.07476096 ;
9 31 -0.5271586 ;
11 31 0.2987147 ;
12 31 0.1414928 ;
13 31 -0.5412066 ;
14 31 -0.5054225 ;
15 31 0.3312528 ;
16 31 -0.1709462 ;
18 31 -0.1925579 ;
19 31 0.9205164 ;
20 31 0.9734408 ;
21 31 0.8841971 ;
22 31 -0.4282843 ;
23 31 -0.762502 ;
24 31 -0.3972386 ;
26 31 0.009186513 ;
27 31 -0.72444 ;
28 31 -0.4606072 ;
29 31 -0.1924643 ;
30 31 0.5244179 ;
0 32 -0.4065718 ;
1 32 0.9550324 ;
2 32 0.4031127 ;
3 32 -0.5186147 ;
5 32 -0.9789015 ;
6 32 0.9579047 ;
7 32 -0.2854663 ;
9 32 -0.8756986 ;
11 32 0.3958587 ;
12 32 0.154976 ;
13 32 -0.7021541 ;
15 32 -0.6620646 ;
16 32 -0.4193568 ;
17 32 0.4343563 ;
18 32 -0.7238871 ;
19 32 0.2092049 ;
20 32 -0.852315 ;
22 32 -0.2584001 ;
23 32 -0.7422577 ;
24 32 -0.5691432 ;
25 32 0.2533426 ;
27 32 -0.4314378 ;
28 32 -0.9569949 ;
30 32 0.7334216 ;
31 32 -0.02251217 ;
0 33 0.8574965 ;
1 33 0.6778022 ;
2 33 -0.02140753 ;
3 33 0.07950503 ;
4 33 -0.2547093 ;
5 33 0.7993381 ;
6 33 -0.935926 ;
7 33 -0.9247259 ;
8 33 -0.6538496 ;
9 33 0.1926334 ;
10 33 -0.6624628 ;
11 33 -0.530669 ;
12 33 0.4381809 ;
13 33 0.02521539 ;
16 33 0.09186666 ;
17 33 0.4686971 ;
18 33 0.4583167 ;
19 33 -0.1784066 ;
20 33 0.7727826 ;
22 33 0.9448716 ;
23 33 -0.520571 ;
24 33 0.5337092 ;
25 33 0.9309492 ;
28 33 -0.8415986 ;
29 33 0.3296022 ;
30 33 0.5859521 ;
31 33 0.4298133 ;
32 33 0.9366458 ;
0 34 0.3892174 ;
1 34 -0.1678651 ;
2 34 -0.469436 ;
3 34 -0.1804248 ;
4 34 0.1416468 ;
5 34 0.2192369 ;
6 34 0.8489808 ;
7 34 -0.4823408 ;
9 34 0.1197334 ;
10 34 -0.6732405 ;
11 34 -0.5855218 ;
12 34 0.2999971 ;
13 34 0.8898413 ;
14 34 -0.1498096 ;
15 34 -0.2747668 ;
17 34 0.4311843 ;
18 34 -0.2935695 ;
19 34 -0.1489983 ;
20 34 -0.220568 ;
21 34 0.9774541 ;
22 34 0.1190866 ;
23 34 0.7946044 ;
24 34 -0.6038878 ;
25 34 -0.6355848 ;
26 34 0.9602346 ;
27 34 0.6582357 ;
31 34 -0.5344461 ;
32 34 0.6910065 ;
33 34 -0.6015538 ;
0 35 0.8020676 ;
1 35 0.369186 ;
2 35 0.1100907 ;
4 35 0.7143736 ;
5 35 0.05967768 ;
6 35 -0.567138 ;
7 35 0.1799971 ;
8 35 0.912299 ;
9 35 -0.7230435 ;
10 35 -0.5111154 ;
11 35 0.1855725 ;
12 35 -0.9592095 ;
14 35 -0.7449235 ;
15 35 0.9938166 ;
16 35 0.2781691 ;
17 35 -0.3133689 ;
18 35 0.6858904 ;
19 35 -0.4860666 ;
21 35 -0.8486791 ;
23 35 0.4776039 ;
24 35 -0.9139238 ;
25 35 -0.06796637 ;
26 35 0.5898304 ;
27 35 -0.6298704 ;
29 35 0.5219243 ;
31 35 -0.6370182 ;
32 35 0.02140175 ;
0 36 -0.8934979 ;
1 36 0.7820198 ;
2 36 -0.7622512 ;
5 36 -0.1618683 ;
6 36 -0.165433 ;
7 36 -0.03944097 ;
8 36 -0.06567995 ;
9 36 -0.8207399 ;
10 36 0.6896237 ;
11 36 -0.1132831 ;
13 36 -0.4567012 ;
14 36 0.2149634 ;
15 36 0.9989552 ;
16 36 0.8630322 ;
17 36 0.7371006 ;
18 36 -0.6672316 ;
19 36 -0.6634794 ;
21 36 -0.4805988 ;
22 36 -0.7672801 ;
23 36 -0.6959583 ;
24 36 0.3192766 ;
25 36 -0.6333556 ;
26 36 0.8583972 ;
27 36 0.09879312 ;
28 36 -0.8833492 ;
30 36 -0.8585141 ;
31 36 0.2942657 ;
32 36 0.1406535 ;
33 36 -0.7643738 ;
34 36 -0.3846328 ;
35 36 -0.8225075 ;
0 37 0.0553476 ;
1 37 -0.3579946 ;
2 37 0.6881518 ;
3 37 0.2656963 ;
5 37 0.7059158 ;
6 37 -0.1734086 ;
7 37 -0.2307651 ;
8 37 0.3310703 ;
9 37 -0.4353327 ;
10 37 0.3060786 ;
11 37 -0.06536169 ;
12 37 0.0006837277 ;
13 37 0.4930675 ;
14 37 0.8282429 ;
15 37 -0.1788876 ;
16 37 -0.8919535 ;
17 37 0.2426525 ;
18 37 0.4604313 ;
19 37 0.8036868 ;
20 37 0.9427311 ;
23 37 -0.9936223 ;
24 37 -0.3743126 ;
25 37 0.669766 ;
26 37 0.288251 ;
27 37 -0.2038631 ;
29 37 0.3438238 ;
30 37 0.2879798 ;
31 37 0.192449 ;
32 37 -0.006772002 ;
33 37 0.7368741 ;
34 37 -0.6335445 ;
35 37 0.8751343 ;
36 37 0.7871869 ;
1 38 0.322147 ;
2 38 0.2547675 ;
3 38 0.8180048 ;
4 38 0.2726235 ;
5 38 0.9850628 ;
6 38 0.4697671 ;
7 38 -0.361091 ;
8 38 0.3360953 ;
9 38 -0.7406817 ;
11 38 0.05581584 ;
13 38 0.08275267 ;
14 38 0.608017 ;
15 38 -0.4833874 ;
16 38 0.960104 ;
18 38 -0.7572844 ;
19 38 0.7381085 ;
20 38 -0.4075572 ;
21 38 -0.5649365 ;
22 38 -0.8233522 ;
23 38 0.3156514 ;
25 38 -0.8867028 ;
26 38 -0.1365843 ;
27 38 -0.3971235 ;
28 38 0.04069436 ;
29 38 -0.7104311 ;
30 38 0.9999108 ;
31 38 0.827365 ;
32 38 -0.3902059 ;
33 38 0.293429 ;
37 38 0.5314947 ;
0 39 -0.2670067 ;
1 39 -0.2402238 ;
2 39 -0.5173434 ;
3 39 -0.02373362 ;
4 39 -0.334486 ;
6 39 0.8064761 ;
8 39 0.7929128 ;
9 39 -0.03168701 ;
10 39 -0.9637821 ;
11 39 0.08255615 ;
12 39 -0.1019009 ;
13 39 -0.9629905 ;
14 39 0.4389036 ;
15 39 -0.5659194 ;
16 39 -0.4596672 ;
17 39 0.9959796 ;
18 39 -0.5122499 ;
19 39 -0.9617809 ;
20 39 -0.7928946 ;
21 39 -0.6568901 ;
22 39 -0.4644965 ;
23 39 0.7578803 ;
24 39 0.8722572 ;
26 39 -0.8827302 ;
29 39 0.2034656 ;
30 39 0.6139963 ;
31 39 -0.3420582 ;
32 39 0.6702028 ;
34 39 -0.8790617 ;
35 39 -0.7956444 ;
36 39 -0.107947 ;
37 39 0.04332206 ;
0 40 -0.4353965 ;
1 40 -0.6238912 ;
2 40 -0.4214687 ;
3 40 0.9551899 ;
4 40 -0.6366857 ;
10 40 0.7265777 ;
13 40 0.8854765 ;
14 40 0.08989139 ;
15 40 0.7061904 ;
16 40 0.2449258 ;
17 40 0.1332755 ;
19 40 0.9544972 ;
20 40 -0.2788293 ;
21 40 -0.5993544 ;
22 40 0.3001517 ;
23 40 -0.6912328 ;
24 40 -0.7846904 ;
25 40 -0.5689329 ;
26 40 0.5177494 ;
28 40 -0.3184422 ;
29 40 -0.8935834 ;
30 40 0.2599738 ;
32 40 -0.4212666 ;
33 40 0.9426137 ;
34 40 -0.90253 ;
35 40 0.946056 ;
36 40 -0.8686998 ;
38 40 -0.5347815 ;
39 40 -0.3503108 ;
0 41 -0.3699218 ;
2 41 -0.3174486 ;
4 41 0.238031 ;
5 41 0.9794271 ;
6 41 -0.703908 ;
7 41 -0.3067621 ;
8 41 0.6091425 ;
9 41 0.2389834 ;
10 41 0.6578185 ;
11 41 -0.77933 ;
12 41 -0.1884391 ;
13 41 0.9520307 ;
14 41 0.4928292 ;
15 41 0.07329531 ;
16 41 0.2904601 ;
17 41 -0.5094629 ;
18 41 -0.4550204 ;
19 41 -0.2819946 ;
20 41 -0.8394962 ;
21 41 0.8114799 ;
22 41 0.9099547 ;
24 41 0.8419338 ;
26 41 0.1723881 ;
27 41 -0.5238496 ;
28 41 -0.5068161 ;
29 41 0.9228344 ;
31 41 0.5504946 ;
32 41 -0.25675 ;
33 41 -0.5459761 ;
34 41 0.8797188 ;
35 41 0.8747823 ;
37 41 0.7107886 ;
38 41 0.3987999 ;
0 42 -0.06071186 ;
2 42 -0.385407 ;
3 42 0.7425835 ;
4 42 0.007366658 ;
5 42 0.8010719 ;
6 42 -0.6477303 ;
8 42 0.3441723 ;
9 42 -0.2627231 ;
10 42 0.3550411 ;
11 42 0.964963 ;
12 42 -0.5193421 ;
13 42 -0.7225141 ;
14 42 0.4187048 ;
15 42 -0.776545 ;
16 42 -0.162379 ;
18 42 0.4310947 ;
21 42 0.7303474 ;
22 42 -0.02874816 ;
23 42 -0.2690259 ;
24 42 0.9970877 ;
25 42 0.3261895 ;
26 42 0.9028128 ;
27 42 0.4413783 ;
28 42 0.1141448 ;
30 42 0.1854805 ;
31 42 0.5463975 ;
32 42 0.2149681 ;
33 42 0.4219221 ;
35 42 -0.8159528 ;
36 42 0.1276954 ;
37 42 -0.2615466 ;
39 42 0.05568679 ;
40 42 -0.557301 ;
41 42 -0.05848441 ;
0 43 0.3258523 ;
1 43 0.6508625 ;
2 43 -0.03861551 ;
3 43 -0.09146549 ;
4 43 -0.1132995 ;
5 43 -0.6799355 ;
6 43 -0.869052 ;
7 43 0.1548411 ;
8 43 0.2782187 ;
9 43 -0.1465828 ;
10 43 -0.6052942 ;
11 43 0.9425388 ;
13 43 0.5501515 ;
14 43 -0.7498507 ;
15 43 -0.06876262 ;
16 43 0.1265237 ;
17 43 0.2075707 ;
18 43 -0.2079266 ;
20 43 0.2747985 ;
21 43 -0.5516991 ;
22 43 -0.4920587 ;
23 43 0.7917754 ;
24 43 0.3876003 ;
25 43 -0.3542575 ;
26 43 -0.009706531 ;
27 43 -0.4831411 ;
28 43 -0.8661511 ;
30 43 0.3525213 ;
31 43 0.5589474 ;
32 43 -0.05705449 ;
33 43 -0.4900059 ;
34 43 -0.06371072 ;
35 43 0.1060347 ;
36 43 0.8829231 ;
37 43 0.113877 ;
38 43 -0.3908825 ;
39 43 -0.7907649 ;
40 43 0.6448737 ;
42 43 0.0003432319 ;
1 44 -0.5535211 ;
2 44 -0.5768753 ;
4 44 0.4969585 ;
5 44 0.4124661 ;
6 44 0.7588137 ;
9 44 0.840455 ;
11 44 -0.5658727 ;
12 44 -0.5700699 ;
13 44 -0.2797099 ;
15 44 0.5730202 ;
16 44 0.8400382 ;
18 44 0.1253216 ;
19 44 0.5232263 ;
20 44 -0.9942911 ;
21 44 -0.3956485 ;
22 44 -0.2509414 ;
23 44 -0.8820188 ;
24 44 -0.1734005 ;
25 44 -0.9115502 ;
26 44 0.7745004 ;
27 44 -0.6322234 ;
28 44 -0.4937811 ;
29 44 0.1186589 ;
30 44 -0.4504419 ;
31 44 -0.6780903 ;
32 44 -0.8089545 ;
33 44 -0.3927005 ;
34 44 -0.2294524 ;
36 44 -0.3459274 ;
37 44 0.8814737 ;
38 44 0.1874023 ;
39 44 -0.04454139 ;
40 44 0.3494957 ;
41 44 -0.2802266 ;
42 44 0.2431196 ;
43 44 0.5231105 ]