n =  40
taille =  634
Mat = [0 1 0.7331058 ;
0 2 -0.510467 ;
1 2 0.372238 ;
0 3 -0.5552539 ;
1 3 0.3212369 ;
2 3 -0.4702559 ;
0 4 0.5655087 ;
1 4 0.2788429 ;
3 4 0.1419234 ;
0 5 -0.6690275 ;
1 5 -0.1701911 ;
2 5 0.1825154 ;
3 5 -0.8307444 ;
1 6 0.2719274 ;
2 6 0.8591888 ;
3 6 0.07735009 ;
4 6 0.4123087 ;
0 7 0.5974349 ;
1 7 0.8203836 ;
2 7 -0.4745301 ;
3 7 -0.841004 ;
4 7 -0.02224707 ;
5 7 0.4036514 ;
6 7 0.1585584 ;
0 8 0.3783388 ;
1 8 -0.09200565 ;
2 8 -0.9404214 ;
3 8 0.7801693 ;
4 8 0.1770627 ;
5 8 -0.9469758 ;
6 8 0.1328103 ;
7 8 0.7418551 ;
1 9 0.3181952 ;
2 9 0.8561853 ;
3 9 -0.6998216 ;
4 9 0.6378204 ;
5 9 -0.745346 ;
7 9 0.1024862 ;
0 10 -0.2713874 ;
1 10 0.6336937 ;
2 10 -0.0485233 ;
3 10 0.7710135 ;
4 10 -0.1236265 ;
6 10 0.04847644 ;
7 10 -0.4606743 ;
8 10 0.3426303 ;
9 10 0.02329981 ;
1 11 -0.273028 ;
2 11 -0.5074806 ;
3 11 0.4543541 ;
4 11 0.5808762 ;
5 11 0.3351819 ;
6 11 0.7639563 ;
8 11 -0.3928706 ;
9 11 0.2531129 ;
10 11 0.862263 ;
0 12 0.9032201 ;
1 12 -0.2152717 ;
3 12 0.2677001 ;
4 12 0.3607004 ;
5 12 -0.8844641 ;
6 12 0.4278377 ;
7 12 -0.07439949 ;
8 12 -0.3527948 ;
9 12 -0.02336602 ;
10 12 0.9080567 ;
11 12 -0.904503 ;
0 13 0.7609235 ;
1 13 0.6590345 ;
2 13 0.4257802 ;
3 13 0.7949318 ;
5 13 0.5686613 ;
6 13 -0.3761109 ;
7 13 0.9451339 ;
8 13 -0.8062254 ;
9 13 0.866801 ;
10 13 0.7477556 ;
11 13 0.3790767 ;
12 13 -0.1423027 ;
1 14 -0.2087821 ;
2 14 -0.7581583 ;
3 14 0.5375465 ;
4 14 -0.8621196 ;
5 14 -0.2142019 ;
6 14 0.5814747 ;
8 14 -0.2771565 ;
9 14 -0.7586704 ;
10 14 -0.1179188 ;
11 14 0.5552023 ;
12 14 -0.4233784 ;
13 14 -0.3368396 ;
0 15 0.3891287 ;
1 15 -0.6464499 ;
2 15 -0.04508581 ;
3 15 0.1494381 ;
4 15 0.04110321 ;
5 15 0.2188097 ;
6 15 0.7049903 ;
7 15 -0.5666079 ;
8 15 -0.5986201 ;
10 15 -0.4689993 ;
11 15 -0.7189085 ;
12 15 0.4125144 ;
14 15 0.09435878 ;
0 16 0.5924133 ;
2 16 -0.6249938 ;
3 16 0.813389 ;
4 16 -0.4065783 ;
5 16 0.682428 ;
6 16 -0.2944065 ;
7 16 -0.9474392 ;
8 16 -0.6436784 ;
9 16 0.6454488 ;
10 16 -0.2208753 ;
11 16 0.2851204 ;
13 16 0.2050662 ;
15 16 -0.7830101 ;
0 17 -0.2393039 ;
2 17 0.3362948 ;
4 17 0.7821072 ;
5 17 0.4761005 ;
6 17 -0.9195859 ;
7 17 0.2246477 ;
8 17 0.3133291 ;
9 17 -0.1380632 ;
10 17 -0.07574283 ;
11 17 0.02956109 ;
13 17 0.7359854 ;
14 17 -0.5726175 ;
15 17 -0.3621504 ;
16 17 -0.8744091 ;
0 18 0.7743652 ;
1 18 0.687431 ;
4 18 -0.6946317 ;
5 18 0.08430874 ;
7 18 0.5245605 ;
8 18 0.3283027 ;
9 18 -0.6311428 ;
10 18 0.4105341 ;
11 18 -0.8609716 ;
12 18 -0.4699692 ;
13 18 0.5035536 ;
16 18 0.643541 ;
17 18 0.2663912 ;
1 19 -0.7856427 ;
2 19 -0.8922039 ;
3 19 -0.8663149 ;
4 19 0.5853532 ;
6 19 0.1997487 ;
7 19 0.2203214 ;
8 19 -0.9020977 ;
11 19 -0.209858 ;
12 19 0.968786 ;
14 19 0.9873021 ;
15 19 0.07576243 ;
16 19 0.03564523 ;
17 19 0.9459142 ;
18 19 -0.5791221 ;
0 20 0.9593425 ;
1 20 0.8070745 ;
3 20 0.3034215 ;
4 20 0.5509426 ;
5 20 0.2781604 ;
7 20 -0.6615867 ;
8 20 0.528095 ;
9 20 -0.4689604 ;
10 20 0.728683 ;
11 20 -0.7856162 ;
12 20 -0.6111673 ;
13 20 0.853652 ;
15 20 -0.7414976 ;
16 20 -0.183977 ;
18 20 0.2301759 ;
19 20 0.04764728 ;
1 21 -0.6635047 ;
2 21 0.6037346 ;
3 21 0.7832785 ;
4 21 0.8275733 ;
5 21 -0.8538107 ;
6 21 0.2205861 ;
7 21 0.9405992 ;
8 21 0.8367066 ;
12 21 0.9607465 ;
13 21 -0.8621345 ;
14 21 -0.8464839 ;
15 21 0.1471617 ;
16 21 0.3025186 ;
17 21 0.6619938 ;
18 21 0.4797394 ;
19 21 0.1498119 ;
20 21 0.213859 ;
0 22 -0.4219439 ;
1 22 0.4079222 ;
2 22 0.3372092 ;
3 22 -0.8227133 ;
5 22 -0.1627189 ;
6 22 -0.5299587 ;
8 22 -0.2959109 ;
10 22 0.4920434 ;
11 22 0.2359526 ;
12 22 0.1606578 ;
15 22 0.06861705 ;
16 22 -0.1820964 ;
17 22 0.7562946 ;
18 22 0.9626213 ;
19 22 0.9341265 ;
21 22 0.2424285 ;
2 23 -0.2757579 ;
3 23 -0.466971 ;
5 23 -0.4936582 ;
6 23 -0.1746953 ;
7 23 -0.9192408 ;
9 23 -0.2018595 ;
10 23 0.4531098 ;
11 23 -0.9240272 ;
12 23 -0.7707084 ;
13 23 -0.4379537 ;
14 23 -0.9100885 ;
15 23 0.6652589 ;
17 23 -0.6902429 ;
18 23 0.9844979 ;
19 23 -0.9373976 ;
22 23 0.02234998 ;
0 24 -0.4192207 ;
2 24 0.5827427 ;
4 24 -0.9668781 ;
5 24 0.09458326 ;
6 24 0.3735532 ;
8 24 0.4239814 ;
9 24 0.3152825 ;
10 24 0.2912202 ;
11 24 0.2854149 ;
12 24 -0.07265277 ;
14 24 0.04901226 ;
15 24 -0.532002 ;
16 24 -0.5824146 ;
17 24 0.06508922 ;
18 24 0.186446 ;
19 24 -0.5279685 ;
20 24 0.5334584 ;
22 24 0.5828799 ;
23 24 0.8966608 ;
0 25 0.3994531 ;
1 25 0.491417 ;
2 25 -0.1147236 ;
4 25 -0.8020076 ;
5 25 0.2137762 ;
6 25 -0.9736681 ;
7 25 0.8637849 ;
8 25 0.4761168 ;
9 25 -0.2591298 ;
10 25 -0.3230305 ;
12 25 0.8071753 ;
13 25 0.4159565 ;
14 25 -0.9968095 ;
15 25 -0.5047463 ;
16 25 0.3559907 ;
17 25 -0.2261271 ;
18 25 -0.4497597 ;
19 25 -0.1074311 ;
20 25 -0.5840794 ;
22 25 -0.1973187 ;
23 25 -0.5341043 ;
0 26 -0.3903425 ;
1 26 0.2099366 ;
2 26 -0.5187124 ;
3 26 0.01397636 ;
4 26 0.8612984 ;
5 26 -0.8609311 ;
6 26 0.1678746 ;
7 26 0.1660552 ;
8 26 0.546114 ;
9 26 -0.0195523 ;
10 26 0.06899318 ;
11 26 0.7889484 ;
12 26 0.5660743 ;
14 26 -0.1280577 ;
15 26 -0.1913001 ;
16 26 0.5919142 ;
17 26 -0.8000267 ;
18 26 0.9154053 ;
19 26 0.3527463 ;
20 26 -0.1666115 ;
21 26 0.2375722 ;
23 26 0.7166365 ;
25 26 -0.538978 ;
1 27 0.8153198 ;
3 27 -0.8476182 ;
4 27 -0.8736884 ;
5 27 0.3390546 ;
6 27 -0.4033823 ;
7 27 0.8494292 ;
8 27 0.2303506 ;
9 27 0.05628707 ;
12 27 0.3118237 ;
13 27 -0.4386529 ;
14 27 -0.7773034 ;
15 27 -0.655411 ;
16 27 0.1083017 ;
17 27 0.9144112 ;
19 27 0.5541551 ;
20 27 0.8394613 ;
21 27 0.300717 ;
24 27 -0.8740753 ;
25 27 0.1760678 ;
26 27 0.1253925 ;
0 28 0.06212011 ;
1 28 -0.1502958 ;
2 28 -0.2923238 ;
3 28 -0.5618473 ;
4 28 -0.3960091 ;
5 28 -0.02197832 ;
6 28 0.8710751 ;
7 28 -0.3526575 ;
8 28 0.2820806 ;
9 28 -0.6210554 ;
10 28 0.2551948 ;
11 28 0.1025609 ;
12 28 -0.3380093 ;
13 28 0.1483237 ;
14 28 0.4242077 ;
15 28 0.1915926 ;
16 28 0.2771175 ;
17 28 -0.08510196 ;
18 28 -0.1083473 ;
19 28 -0.7769998 ;
20 28 -0.1449454 ;
22 28 -0.4169578 ;
23 28 -0.5824265 ;
24 28 -0.2920154 ;
25 28 0.2457703 ;
26 28 -0.8987812 ;
1 29 0.488051 ;
2 29 -0.7218908 ;
3 29 -0.5351574 ;
5 29 0.7723665 ;
6 29 0.01946551 ;
7 29 -0.4868212 ;
8 29 -0.003196966 ;
10 29 0.5592712 ;
12 29 -0.7501517 ;
13 29 0.4733995 ;
14 29 0.05858778 ;
15 29 -0.2804806 ;
16 29 0.8669894 ;
17 29 0.9043573 ;
18 29 -0.6583217 ;
20 29 0.2430063 ;
21 29 0.5062089 ;
24 29 -0.9930635 ;
25 29 -0.09935552 ;
26 29 0.5061304 ;
28 29 -0.04544634 ;
0 30 -0.5886989 ;
1 30 -0.566383 ;
3 30 -0.09533102 ;
4 30 -0.9172831 ;
5 30 -0.09786083 ;
6 30 -0.9298321 ;
7 30 0.9521355 ;
8 30 0.1272818 ;
9 30 -0.1936576 ;
11 30 0.8594023 ;
13 30 -0.9954201 ;
14 30 0.8148071 ;
15 30 -0.2970384 ;
17 30 0.0341567 ;
18 30 0.3293321 ;
19 30 -0.03764318 ;
20 30 -0.9814669 ;
22 30 0.1850752 ;
23 30 0.3525676 ;
24 30 0.5549716 ;
25 30 0.6832662 ;
26 30 -0.7440584 ;
27 30 -0.2632575 ;
28 30 -0.9995892 ;
29 30 0.8699867 ;
0 31 -0.7329265 ;
1 31 0.8073757 ;
2 31 -0.5698396 ;
5 31 -0.615717 ;
6 31 0.08121169 ;
7 31 -0.107314 ;
8 31 0.4137503 ;
10 31 -0.2611709 ;
11 31 -0.4993622 ;
12 31 -0.5232205 ;
13 31 0.1501066 ;
14 31 -0.3102998 ;
15 31 0.007708049 ;
16 31 0.2678984 ;
18 31 0.9541426 ;
21 31 -0.548157 ;
22 31 -0.4056943 ;
23 31 0.2647178 ;
24 31 -0.3414642 ;
26 31 0.4838229 ;
27 31 -0.7582378 ;
28 31 0.5393618 ;
29 31 -0.6376729 ;
30 31 0.6613896 ;
1 32 0.6397882 ;
2 32 0.8807279 ;
3 32 -0.1432345 ;
5 32 0.3389989 ;
6 32 -0.5970706 ;
7 32 0.8814905 ;
8 32 -0.07865835 ;
11 32 -0.03512317 ;
12 32 0.8780885 ;
13 32 -0.2870907 ;
14 32 0.3838688 ;
16 32 0.640777 ;
17 32 -0.4629913 ;
18 32 -0.5407163 ;
19 32 0.8137216 ;
22 32 -0.1146196 ;
23 32 -0.4865789 ;
24 32 0.3724151 ;
25 32 -0.7547458 ;
27 32 -0.6996492 ;
28 32 -0.147383 ;
29 32 -0.7470322 ;
30 32 -0.7192801 ;
31 32 0.3757172 ;
0 33 -0.5500313 ;
1 33 0.7406843 ;
2 33 -0.6025916 ;
3 33 -0.1159884 ;
4 33 0.3114276 ;
6 33 0.8125103 ;
8 33 0.8253061 ;
9 33 0.8064665 ;
11 33 -0.7608251 ;
12 33 -0.9953006 ;
13 33 -0.06537197 ;
14 33 -0.9494524 ;
15 33 0.3306775 ;
16 33 -0.2236791 ;
17 33 -0.5493501 ;
18 33 -0.2181762 ;
19 33 0.03619897 ;
20 33 0.5852011 ;
21 33 0.5224075 ;
22 33 -0.6806091 ;
23 33 -0.8110771 ;
24 33 -0.6562805 ;
25 33 -0.09424441 ;
26 33 0.2348715 ;
27 33 -0.1402164 ;
28 33 0.03114377 ;
29 33 0.007146005 ;
30 33 0.8261536 ;
32 33 0.2824663 ;
0 34 0.1593201 ;
1 34 0.4522004 ;
2 34 -0.5427039 ;
3 34 -0.1272698 ;
4 34 -0.7053339 ;
5 34 -0.8044184 ;
7 34 0.001431335 ;
8 34 -0.8698265 ;
9 34 0.0002041487 ;
10 34 -0.160003 ;
11 34 0.1809729 ;
12 34 -0.6616584 ;
13 34 0.4695203 ;
14 34 0.3990408 ;
15 34 -0.2789918 ;
16 34 0.07558989 ;
17 34 -0.04359064 ;
18 34 -0.4300794 ;
19 34 -0.705687 ;
20 34 0.4298611 ;
21 34 0.947064 ;
22 34 0.1209288 ;
23 34 0.9108484 ;
24 34 0.6565151 ;
26 34 0.1528735 ;
28 34 -0.3911972 ;
29 34 0.9159328 ;
30 34 0.9395159 ;
31 34 0.3641982 ;
32 34 -0.1979504 ;
33 34 -0.2285061 ;
1 35 0.6685504 ;
2 35 -0.2564318 ;
4 35 -0.01458125 ;
5 35 0.6187753 ;
6 35 0.138529 ;
7 35 -0.3666876 ;
8 35 -0.1482848 ;
9 35 -0.8794761 ;
10 35 -0.1880659 ;
11 35 -0.5447581 ;
12 35 0.204813 ;
13 35 0.2983386 ;
14 35 0.6612559 ;
15 35 -0.09434985 ;
16 35 -0.3506026 ;
17 35 0.9817582 ;
18 35 0.6172366 ;
19 35 -0.7028994 ;
20 35 -0.4420251 ;
21 35 -0.6700558 ;
22 35 -0.2942414 ;
23 35 -0.1181947 ;
25 35 0.427556 ;
26 35 -0.1386704 ;
29 35 0.6077315 ;
30 35 -0.2830812 ;
32 35 0.1605826 ;
33 35 0.8038228 ;
34 35 0.4138089 ;
0 36 -0.2431852 ;
1 36 -0.9098301 ;
3 36 0.8239 ;
4 36 0.5302359 ;
5 36 0.4798604 ;
6 36 -0.2619583 ;
7 36 -0.7429838 ;
8 36 -0.6171177 ;
9 36 0.8475087 ;
10 36 -0.1961996 ;
11 36 0.1345806 ;
12 36 0.2126294 ;
13 36 -0.5713817 ;
15 36 0.9440655 ;
16 36 -0.5431129 ;
17 36 -0.4006894 ;
19 36 0.9273164 ;
20 36 -0.8253982 ;
21 36 0.5199571 ;
22 36 0.3847971 ;
23 36 -0.7640234 ;
25 36 -0.05691054 ;
26 36 -0.2142064 ;
27 36 0.8059304 ;
28 36 0.1678355 ;
29 36 0.8201959 ;
32 36 0.06772223 ;
34 36 0.3583467 ;
35 36 -0.2953738 ;
2 37 0.98374 ;
3 37 -0.339738 ;
5 37 -0.776615 ;
6 37 -0.6222711 ;
8 37 0.7927966 ;
9 37 -0.7148967 ;
10 37 -0.2323153 ;
11 37 -0.8533541 ;
12 37 -0.9016853 ;
13 37 0.3482395 ;
15 37 -0.725315 ;
16 37 -0.7275831 ;
17 37 -0.5490568 ;
18 37 0.5796573 ;
19 37 0.692114 ;
20 37 -0.3528657 ;
21 37 -0.3861382 ;
25 37 -0.5437128 ;
26 37 0.02429738 ;
27 37 0.3032698 ;
28 37 -0.8548027 ;
29 37 -0.8817659 ;
30 37 0.9098624 ;
31 37 0.5915707 ;
32 37 0.6638703 ;
35 37 0.1314573 ;
0 38 0.520298 ;
1 38 0.137392 ;
4 38 0.2283661 ;
5 38 -0.9498494 ;
6 38 0.4328936 ;
7 38 -0.8540201 ;
8 38 0.4813539 ;
9 38 0.4498849 ;
10 38 -0.8796257 ;
12 38 -0.1136366 ;
13 38 -0.4342288 ;
14 38 -0.4120496 ;
15 38 -0.7649171 ;
16 38 0.4018717 ;
17 38 0.1401457 ;
18 38 -0.7112759 ;
19 38 -0.009415924 ;
20 38 -0.1886568 ;
21 38 -0.189792 ;
23 38 -0.6963217 ;
24 38 -0.8944278 ;
26 38 0.5451955 ;
27 38 0.1019501 ;
28 38 0.8206909 ;
29 38 -0.6942586 ;
31 38 -0.2361635 ;
32 38 0.958325 ;
33 38 -0.6822974 ;
34 38 -0.05032455 ;
36 38 -0.9884159 ;
37 38 -0.3045128 ;
0 39 0.2051955 ;
1 39 -0.6526353 ;
2 39 -0.8280296 ;
3 39 0.2097203 ;
4 39 0.5291694 ;
5 39 -0.131093 ;
6 39 0.8831699 ;
8 39 0.9548076 ;
9 39 0.6253737 ;
10 39 0.33082 ;
11 39 0.1238724 ;
12 39 0.6041216 ;
14 39 0.5827697 ;
15 39 -0.101135 ;
16 39 0.6544517 ;
18 39 0.9394249 ;
20 39 -0.0930811 ;
21 39 0.888282 ;
22 39 -0.06626734 ;
24 39 0.100368 ;
25 39 -0.8032412 ;
26 39 -0.5356942 ;
27 39 -0.9132205 ;
28 39 -0.5048269 ;
29 39 0.488092 ;
30 39 -0.2115567 ;
31 39 -0.9720334 ;
32 39 -0.02741676 ;
33 39 -0.1170388 ;
35 39 0.9930424 ;
36 39 0.396715 ;
37 39 -0.8944975 ;
38 39 -0.259671 ]