n =  40
taille =  379
Mat = [0 1 0.1950431 ;
0 4 -0.1057256 ;
1 4 -0.02282438 ;
2 4 -0.3118541 ;
3 4 0.8520479 ;
0 5 0.524633 ;
1 5 -0.5934787 ;
2 5 -0.01219295 ;
3 5 -0.9945846 ;
4 5 -0.9981202 ;
2 6 -0.071801 ;
4 6 -0.1953903 ;
1 7 -0.5693281 ;
3 7 -0.6787469 ;
5 7 -0.1343597 ;
6 7 -0.509457 ;
1 8 0.7044015 ;
3 8 -0.4117243 ;
5 8 0.7700806 ;
7 8 0.5557068 ;
2 9 -0.02246335 ;
5 9 -0.4623709 ;
6 9 -0.9179911 ;
2 10 0.4753874 ;
4 10 -0.8468308 ;
5 10 -0.9199025 ;
6 10 0.6430947 ;
7 10 0.5529217 ;
9 10 0.1527294 ;
0 11 0.4210392 ;
3 11 0.1888787 ;
4 11 -0.08540553 ;
5 11 -0.6065686 ;
7 11 0.1333963 ;
0 12 0.5876841 ;
1 12 0.09357651 ;
5 12 -0.2244586 ;
6 12 0.581734 ;
8 12 -0.3187963 ;
10 12 0.04985529 ;
0 13 0.4552582 ;
2 13 -0.5932561 ;
3 13 -0.3722898 ;
5 13 0.1270666 ;
6 13 0.6200228 ;
8 13 -0.8224272 ;
9 13 0.1742949 ;
0 14 0.1278945 ;
4 14 0.324337 ;
6 14 0.5695577 ;
7 14 0.8267191 ;
10 14 0.323374 ;
12 14 -0.5924013 ;
2 15 -0.5662124 ;
6 15 0.1144987 ;
8 15 -0.5180245 ;
11 15 -0.1752162 ;
12 15 0.3841411 ;
0 16 0.6034259 ;
4 16 0.1130264 ;
5 16 -0.774769 ;
6 16 0.6593782 ;
12 16 0.2115085 ;
15 16 0.9964086 ;
0 17 -0.78883 ;
5 17 0.2671182 ;
7 17 0.04393981 ;
9 17 0.03589045 ;
12 17 0.9190463 ;
13 17 0.5273371 ;
14 17 0.6149628 ;
15 17 -0.1749383 ;
16 17 0.9888982 ;
0 18 0.739182 ;
1 18 -0.7446539 ;
4 18 -0.7452327 ;
6 18 0.682001 ;
8 18 -0.6269451 ;
14 18 -0.154005 ;
15 18 0.5303687 ;
16 18 0.05708418 ;
17 18 -0.1532015 ;
0 19 -0.5994633 ;
1 19 0.8935054 ;
3 19 0.4191266 ;
5 19 -0.2656645 ;
8 19 -0.6583716 ;
9 19 -0.2992136 ;
11 19 0.7508857 ;
12 19 0.5601601 ;
13 19 -0.8833289 ;
16 19 0.4272731 ;
1 20 0.8625449 ;
2 20 -0.7849017 ;
6 20 0.9843348 ;
8 20 -0.7433911 ;
9 20 -0.9240892 ;
11 20 0.6322905 ;
12 20 -0.4788872 ;
14 20 -0.6313568 ;
15 20 -0.1108692 ;
16 20 0.06738037 ;
19 20 -0.9045449 ;
0 21 0.249327 ;
1 21 -0.3554606 ;
5 21 0.6409272 ;
8 21 -0.3732887 ;
9 21 -0.4778701 ;
10 21 0.6204008 ;
12 21 -0.5811779 ;
13 21 -0.3421491 ;
2 22 -0.4876936 ;
3 22 0.8675164 ;
5 22 0.9297497 ;
7 22 -0.5622845 ;
9 22 0.1267559 ;
11 22 0.7629479 ;
13 22 -0.8139176 ;
16 22 0.3460591 ;
18 22 0.3356666 ;
19 22 -0.05447228 ;
21 22 0.0348674 ;
1 23 -0.8914969 ;
6 23 -0.7226213 ;
9 23 -0.6971256 ;
10 23 -0.495822 ;
11 23 0.7128239 ;
13 23 0.5945885 ;
15 23 -0.8578658 ;
17 23 -0.6656336 ;
18 23 0.9420722 ;
19 23 0.3767037 ;
20 23 -0.5788561 ;
21 23 0.962014 ;
22 23 -0.3944587 ;
0 24 -0.8011391 ;
9 24 -0.350873 ;
10 24 0.5770932 ;
12 24 0.2537477 ;
14 24 -0.7025856 ;
15 24 0.7636003 ;
16 24 0.638551 ;
18 24 -0.6740385 ;
23 24 -0.3861816 ;
0 25 -0.8558962 ;
4 25 -0.5589855 ;
8 25 -0.7828412 ;
9 25 0.09836551 ;
11 25 -0.8958794 ;
15 25 0.5344299 ;
19 25 0.7304209 ;
20 25 0.225009 ;
23 25 -0.1046758 ;
24 25 0.6766979 ;
1 26 0.48942 ;
2 26 -0.2052718 ;
3 26 0.01603874 ;
4 26 -0.3051091 ;
7 26 0.6377188 ;
13 26 -0.6509444 ;
16 26 -0.06874448 ;
17 26 0.6733739 ;
20 26 0.4962102 ;
1 27 0.07847382 ;
2 27 0.2321248 ;
4 27 -0.1468872 ;
5 27 0.03890658 ;
7 27 0.3565309 ;
11 27 0.577794 ;
12 27 0.451138 ;
13 27 0.9756236 ;
17 27 0.9170452 ;
18 27 0.9228378 ;
19 27 -0.3496299 ;
20 27 -0.9797384 ;
22 27 0.1657428 ;
24 27 0.347572 ;
25 27 0.4979698 ;
26 27 0.4023737 ;
0 28 0.02302548 ;
1 28 0.3166371 ;
3 28 -0.2968117 ;
4 28 -0.6069282 ;
5 28 -0.6993557 ;
6 28 0.1204797 ;
7 28 -0.285007 ;
9 28 0.3526047 ;
10 28 0.7937923 ;
11 28 -0.05409803 ;
13 28 -0.4806055 ;
16 28 0.666731 ;
19 28 -0.2728421 ;
22 28 -0.7809519 ;
23 28 -0.09508907 ;
25 28 0.3584084 ;
26 28 0.6994887 ;
27 28 -0.3912404 ;
0 29 0.9853363 ;
1 29 -0.1122686 ;
3 29 0.08533769 ;
4 29 0.9171938 ;
5 29 -0.2643448 ;
6 29 -0.3768137 ;
7 29 0.6943676 ;
8 29 0.4475114 ;
9 29 -0.01277059 ;
11 29 0.3514836 ;
15 29 0.4573656 ;
20 29 0.3122428 ;
24 29 -0.485099 ;
26 29 0.6425633 ;
0 30 -0.6425424 ;
2 30 0.132053 ;
3 30 -0.05508576 ;
4 30 -0.9559539 ;
5 30 -0.8438419 ;
6 30 -0.1023129 ;
7 30 0.1726273 ;
8 30 0.6614183 ;
9 30 0.2515271 ;
12 30 -0.9631161 ;
13 30 0.07712942 ;
15 30 0.04320827 ;
16 30 0.6095121 ;
19 30 0.5304358 ;
20 30 -0.05465297 ;
28 30 -0.9931903 ;
29 30 -0.1664064 ;
0 31 -0.1708191 ;
2 31 -0.8396308 ;
3 31 0.7608194 ;
6 31 -0.1044564 ;
7 31 0.7078421 ;
10 31 -0.952792 ;
11 31 0.8204612 ;
12 31 -0.7603803 ;
15 31 0.780442 ;
18 31 0.7247767 ;
19 31 0.3932296 ;
22 31 -0.6809245 ;
24 31 0.9897048 ;
26 31 -0.0723244 ;
27 31 0.02068963 ;
28 31 0.7019261 ;
30 31 -0.5548134 ;
0 32 -0.3089418 ;
1 32 0.8114341 ;
2 32 0.1771217 ;
3 32 -0.695147 ;
5 32 -0.3192131 ;
6 32 0.8846263 ;
7 32 -0.9192747 ;
9 32 0.5845231 ;
10 32 -0.2498208 ;
12 32 -0.9945923 ;
15 32 0.6108169 ;
20 32 0.8290038 ;
22 32 -0.04462013 ;
30 32 -0.9288725 ;
31 32 0.2336505 ;
0 33 0.5465917 ;
1 33 0.9909823 ;
2 33 0.3564843 ;
3 33 -0.3836986 ;
8 33 -0.2695613 ;
9 33 0.6669705 ;
11 33 -0.08432776 ;
12 33 0.1143389 ;
14 33 0.7627015 ;
16 33 0.9597497 ;
17 33 -0.3485569 ;
26 33 -0.6266076 ;
28 33 -0.8320965 ;
30 33 -0.3141584 ;
31 33 0.5418871 ;
0 34 0.9646866 ;
1 34 -0.9652906 ;
8 34 -0.6065371 ;
9 34 0.6748165 ;
10 34 0.3252723 ;
17 34 -0.1451527 ;
18 34 0.7185044 ;
20 34 -0.389072 ;
21 34 0.5289426 ;
23 34 -0.5974847 ;
25 34 -0.6525318 ;
27 34 0.6147478 ;
28 34 0.3725087 ;
30 34 0.9987271 ;
31 34 -0.2158529 ;
32 34 -0.4892733 ;
0 35 -0.5858478 ;
1 35 0.1026811 ;
3 35 0.5667389 ;
5 35 -0.0696912 ;
6 35 -0.07213045 ;
12 35 -0.4407023 ;
13 35 -0.2010745 ;
16 35 0.827437 ;
17 35 0.04274323 ;
18 35 0.9534312 ;
19 35 -0.8586979 ;
20 35 0.2761616 ;
23 35 0.1555166 ;
25 35 -0.1978746 ;
28 35 0.06212319 ;
30 35 -0.4922349 ;
33 35 -0.4372264 ;
0 36 -0.9725857 ;
2 36 0.7708516 ;
3 36 -0.292715 ;
4 36 -0.1087218 ;
10 36 -0.4949883 ;
12 36 0.4814781 ;
13 36 -0.5789882 ;
17 36 -0.3140583 ;
18 36 -0.07819373 ;
20 36 0.5432287 ;
21 36 0.9717706 ;
23 36 0.3368911 ;
24 36 0.37866 ;
26 36 0.6399913 ;
29 36 -0.3897999 ;
30 36 0.9041543 ;
31 36 -0.06443102 ;
34 36 0.9437477 ;
35 36 0.5171838 ;
1 37 0.3595904 ;
4 37 0.5421198 ;
5 37 0.5475122 ;
6 37 0.05269998 ;
9 37 -0.02491938 ;
10 37 -0.08980168 ;
11 37 0.2925325 ;
14 37 0.4978628 ;
15 37 0.268911 ;
19 37 0.05314415 ;
22 37 -0.6843084 ;
24 37 -0.6220579 ;
26 37 0.03040214 ;
27 37 -0.3027987 ;
28 37 0.8157482 ;
30 37 -0.4309876 ;
31 37 -0.1775349 ;
35 37 0.06239681 ;
0 38 0.6334937 ;
2 38 0.6791289 ;
5 38 -0.4624933 ;
7 38 -0.03217176 ;
8 38 0.9805355 ;
10 38 -0.8302612 ;
14 38 0.6338709 ;
16 38 -0.7879608 ;
17 38 0.009255527 ;
22 38 0.01504546 ;
27 38 0.05241543 ;
28 38 0.2479273 ;
32 38 0.202771 ;
34 38 0.3802199 ;
36 38 -0.6420463 ;
37 38 -0.2535351 ;
2 39 0.6823664 ;
3 39 0.02319232 ;
4 39 0.4170585 ;
9 39 -0.9144175 ;
13 39 0.5972392 ;
15 39 0.2159409 ;
16 39 -0.6707679 ;
17 39 -0.02899887 ;
19 39 -0.5866697 ;
20 39 -0.2378901 ;
21 39 -0.4771931 ;
22 39 0.3125995 ;
24 39 -0.1665832 ;
25 39 -0.607833 ;
26 39 0.3795347 ;
29 39 -0.6618734 ;
37 39 0.4810632 ;
38 39 0.1879526 ]