n = 104
taille = 1655
Mat = [0 1 0.917073170731707;
0 11 0.541899441340782;
0 19 0.546052631578947;
0 26 -0.169154228855721;
0 71 0.861111111111111;
0 72 0.924731182795699;
0 73 0.931578947368421;
0 83 0.880597014925373;
0 84 0.925531914893617;
0 85 0.885;
0 88 0.579545454545455;
0 100 0.96875;
1 71 0.650306748466258;
1 72 0.79950495049505;
1 73 0.800982800982801;
1 83 0.768261964735516;
1 84 0.723192019950125;
1 85 0.805288461538462;
1 100 0.969072164948454;
2 25 0.613333333333333;
2 34 0.575520833333333;
2 35 0.63036303630363;
2 36 0.626086956521739;
2 37 0.6375;
2 38 0.65967365967366;
2 39 0.553086419753086;
2 40 0.578534031413613;
2 41 0.652380952380952;
2 42 0.664302600472813;
2 43 0.848837209302326;
2 44 0.645390070921986;
2 45 0.54656862745098;
2 46 0.62877030162413;
2 47 0.825980392156863;
2 48 0.610169491525424;
2 49 0.855670103092783;
2 50 0.577639751552795;
2 51 0.639024390243902;
2 52 0.61340206185567;
2 53 0.643037974683544;
2 54 0.638755980861244;
2 55 0.638349514563107;
2 56 0.620098039215686;
2 57 0.646464646464647;
2 58 0.633633633633634;
2 59 0.618705035971223;
2 60 0.787081339712919;
2 61 0.655737704918033;
2 62 0.612021857923497;
2 63 0.641330166270784;
2 64 0.639344262295082;
2 65 0.657074340527578;
2 66 0.761083743842365;
2 67 0.609452736318408;
2 74 0.846867749419954;
2 75 0.633971291866029;
2 76 0.625;
2 77 0.8;
2 89 0.626237623762376;
2 96 0.696891191709845;
2 97 0.651658767772512;
2 99 0.543859649122807;
2 101 -0.255813953488372;
2 102 0.941176470588235;
2 103 0.925;
3 4 0.858310626702997;
3 5 0.914572864321608;
3 6 0.896373056994819;
3 7 0.861702127659574;
3 8 0.861256544502618;
3 9 0.906849315068493;
3 10 0.888020833333333;
3 11 0.92797783933518;
3 12 0.854961832061069;
3 13 0.903307888040712;
3 14 0.746428571428571;
3 15 0.803030303030303;
3 16 0.904371584699454;
3 17 0.88860103626943;
3 18 0.65;
3 19 0.662337662337662;
3 20 0.644628099173554;
3 21 0.671270718232044;
3 22 0.644155844155844;
3 23 0.664041994750656;
3 24 0.638020833333333;
3 78 0.851123595505618;
3 79 0.819628647214854;
3 80 0.632978723404255;
3 81 0.620879120879121;
3 82 0.631284916201117;
3 86 0.916883116883117;
3 87 0.601671309192201;
3 88 0.658862876254181;
3 90 0.848;
3 91 0.865284974093264;
3 92 0.622047244094488;
3 93 0.912698412698413;
3 94 0.904761904761905;
3 95 0.84;
3 98 0.619791666666667;
3 103 0.684210526315789;
4 5 0.850602409638554;
4 6 0.860696517412935;
4 7 0.864450127877238;
4 8 0.858208955223881;
4 9 0.856770833333333;
4 10 0.896984924623116;
4 11 0.794736842105263;
4 12 0.83495145631068;
4 13 0.844282238442822;
4 14 0.667774086378738;
4 15 0.802631578947368;
4 16 0.839473684210526;
4 17 0.853960396039604;
4 49 0.568421052631579;
4 78 0.817934782608696;
4 79 0.83502538071066;
4 86 0.876543209876543;
4 90 0.890862944162436;
4 91 0.856435643564356;
4 93 0.868020304568528;
4 94 0.884020618556701;
4 95 0.803738317757009;
4 103 0.567567567567568;
5 6 0.924137931034483;
5 7 0.836879432624113;
5 8 0.844907407407407;
5 9 0.927710843373494;
5 10 0.911421911421911;
5 11 0.84029484029484;
5 12 0.898419864559819;
5 13 0.936794582392777;
5 14 0.726114649681529;
5 15 0.864197530864197;
5 16 0.91747572815534;
5 17 0.889908256880734;
5 49 0.58252427184466;
5 78 0.852130325814536;
5 79 0.788732394366197;
5 86 0.924137931034483;
5 90 0.853080568720379;
5 91 0.863741339491917;
5 93 0.889411764705882;
5 94 0.925837320574163;
5 95 0.894273127753304;
5 103 0.658536585365854;
6 7 0.864077669902913;
6 8 0.855106888361045;
6 9 0.918114143920596;
6 10 0.904306220095694;
6 11 0.80506329113924;
6 12 0.902552204176334;
6 13 0.918793503480278;
6 14 0.737704918032787;
6 15 0.727272727272727;
6 16 0.902743142144638;
6 17 0.903301886792453;
6 78 0.828205128205128;
6 79 0.811594202898551;
6 86 0.92434988179669;
6 90 0.843520782396088;
6 91 0.857482185273159;
6 93 0.879518072289157;
6 94 0.909535452322738;
6 95 0.87906976744186;
6 103 0.658536585365854;
7 8 0.824817518248175;
7 9 0.841025641025641;
7 10 0.907317073170732;
7 11 0.7734375;
7 12 0.836492890995261;
7 13 0.828571428571429;
7 14 0.622516556291391;
7 15 0.855072463768116;
7 16 0.880102040816326;
7 17 0.864285714285714;
7 49 0.555555555555556;
7 78 0.802083333333333;
7 79 0.85995085995086;
7 86 0.871670702179177;
7 90 0.8925;
7 91 0.832116788321168;
7 93 0.836228287841191;
7 94 0.850746268656716;
7 95 0.757142857142857;
7 102 0.638297872340426;
7 103 0.707317073170732;
8 9 0.835;
8 10 0.863309352517986;
8 11 0.788029925187032;
8 12 0.836829836829837;
8 13 0.834498834498835;
8 14 0.748366013071895;
8 15 0.734177215189873;
8 16 0.8275;
8 17 0.850710900473934;
8 78 0.788113695090439;
8 79 0.830508474576271;
8 86 0.874407582938389;
8 90 0.835380835380835;
8 91 0.856801909307876;
8 93 0.858851674641148;
8 94 0.859605911330049;
8 95 0.836363636363636;
9 10 0.894472361809045;
9 11 0.807486631016043;
9 12 0.882926829268293;
9 13 0.912408759124088;
9 14 0.684210526315789;
9 15 0.807692307692308;
9 16 0.905;
9 17 0.885856079404467;
9 49 0.536082474226804;
9 78 0.804878048780488;
9 79 0.784263959390863;
9 86 0.913366336633663;
9 90 0.843037974683544;
9 91 0.850746268656716;
9 93 0.892857142857143;
9 94 0.92764857881137;
9 95 0.847715736040609;
9 103 0.7;
10 11 0.846547314578005;
10 12 0.877934272300469;
10 13 0.882629107981221;
10 14 0.674050632911392;
10 15 0.876923076923077;
10 16 0.871859296482412;
10 17 0.885441527446301;
10 49 0.581395348837209;
10 78 0.818407960199005;
10 79 0.845588235294118;
10 86 0.921052631578947;
10 90 0.901719901719902;
10 91 0.850961538461538;
10 93 0.897058823529412;
10 94 0.883374689826303;
10 95 0.838862559241706;
10 103 0.658536585365854;
11 12 0.767326732673267;
11 13 0.812345679012346;
11 14 0.713780918727915;
11 15 0.648648648648649;
11 16 0.808;
11 17 0.780856423173804;
11 18 0.575342465753425;
11 19 0.640127388535032;
11 20 0.602702702702703;
11 21 0.59349593495935;
11 22 0.607142857142857;
11 23 0.614987080103359;
11 24 0.60253164556962;
11 78 0.78236914600551;
11 79 0.751937984496124;
11 80 0.588082901554404;
11 81 0.582887700534759;
11 82 0.585365853658537;
11 83 0.536585365853659;
11 86 0.816120906801008;
11 87 0.555555555555556;
11 88 0.616393442622951;
11 90 0.818181818181818;
11 91 0.796482412060301;
11 92 0.580310880829015;
11 93 0.80506329113924;
11 94 0.821052631578947;
11 95 0.757731958762887;
11 98 0.576142131979695;
11 100 0.579545454545455;
11 103 0.65;
12 13 0.875;
12 14 0.670926517571885;
12 15 0.8;
12 16 0.880487804878049;
12 17 0.873271889400922;
12 49 0.625;
12 78 0.81453634085213;
12 79 0.781990521327014;
12 86 0.891454965357968;
12 90 0.844497607655502;
12 91 0.85614849187935;
12 93 0.850710900473934;
12 94 0.911694510739857;
12 95 0.920353982300885;
12 103 0.65;
13 14 0.713826366559486;
13 15 0.719512195121951;
13 16 0.89294403892944;
13 17 0.884526558891455;
13 78 0.828282828282828;
13 79 0.78436018957346;
13 86 0.914351851851852;
13 90 0.837320574162679;
13 91 0.855813953488372;
13 93 0.876777251184834;
13 94 0.913253012048193;
13 95 0.853333333333333;
13 103 0.641025641025641;
14 15 0.72;
14 16 0.672473867595819;
14 17 0.66031746031746;
14 18 0.721311475409836;
14 78 0.685121107266436;
14 79 0.677852348993289;
14 86 0.715686274509804;
14 90 0.663299663299663;
14 91 0.737012987012987;
14 93 0.778523489932886;
14 94 0.694915254237288;
14 95 0.780346820809249;
14 100 0.581632653061224;
15 16 0.802631578947368;
15 17 0.821917808219178;
15 49 0.550724637681159;
15 78 0.770491803278688;
15 79 0.833333333333333;
15 86 0.827160493827161;
15 90 0.853333333333333;
15 91 0.7875;
15 93 0.825;
15 94 0.794520547945205;
15 95 0.842857142857143;
15 99 1;
15 100 1;
15 101 1;
15 102 1;
16 17 0.900744416873449;
16 49 0.55;
16 78 0.832432432432432;
16 79 0.798982188295165;
16 86 0.903225806451613;
16 90 0.864102564102564;
16 91 0.86284289276808;
16 93 0.860050890585242;
16 94 0.946153846153846;
16 95 0.889447236180904;
16 103 0.675675675675676;
17 49 0.568421052631579;
17 78 0.841432225063939;
17 79 0.801435406698565;
17 86 0.917647058823529;
17 90 0.89051094890511;
17 91 0.844339622641509;
17 93 0.874698795180723;
17 94 0.9119804400978;
17 95 0.872146118721461;
17 103 0.658536585365854;
18 19 0.879518072289157;
18 20 0.945054945054945;
18 21 0.896103896103896;
18 22 0.909090909090909;
18 23 0.950617283950617;
18 24 0.927083333333333;
18 71 0.543478260869565;
18 80 0.875;
18 81 0.911111111111111;
18 82 0.932584269662921;
18 83 0.580246913580247;
18 85 0.542553191489362;
18 87 0.938271604938272;
18 88 0.914893617021277;
18 92 0.94047619047619;
18 98 0.881720430107527;
18 100 1;
19 20 0.960912052117264;
19 21 0.930232558139535;
19 22 0.933333333333333;
19 23 0.953416149068323;
19 24 0.948795180722892;
19 80 0.925233644859813;
19 81 0.955696202531646;
19 82 0.944444444444444;
19 83 0.602564102564103;
19 87 0.967532467532468;
19 88 0.933098591549296;
19 92 0.96;
19 98 0.942424242424242;
19 100 0.6875;
19 101 0.936170212765957;
19 102 -0.260869565217391;
19 103 1;
20 21 0.967479674796748;
20 22 0.962311557788945;
20 23 0.984536082474227;
20 24 0.980295566502463;
20 80 0.956185567010309;
20 81 0.981233243967828;
20 82 0.978779840848806;
20 83 0.557333333333333;
20 87 0.984251968503937;
20 88 0.970099667774086;
20 92 0.976982097186701;
20 98 0.959697732997481;
20 101 0.959459459459459;
20 102 -0.301369863013699;
20 103 -0.325;
21 22 0.966921119592875;
21 23 0.96029776674938;
21 24 0.964556962025316;
21 80 0.945812807881773;
21 81 0.967914438502674;
21 82 0.964577656675749;
21 87 0.972602739726027;
21 88 0.946666666666667;
21 92 0.966233766233766;
21 98 0.954430379746835;
21 101 0.960526315789474;
21 102 -0.253333333333333;
21 103 -0.365853658536585;
22 23 0.958333333333333;
22 24 0.959715639810427;
22 80 0.938725490196078;
22 81 0.959899749373434;
22 82 0.961734693877551;
22 83 0.536895674300254;
22 87 0.961832061068702;
22 88 0.950310559006211;
22 92 0.958333333333333;
22 98 0.954545454545455;
22 101 0.96875;
22 102 -0.28125;
22 103 -0.341463414634146;
23 24 0.975903614457831;
23 80 0.955555555555556;
23 81 0.976982097186701;
23 82 0.971649484536082;
23 83 0.535897435897436;
23 87 0.979057591623037;
23 88 0.962962962962963;
23 92 0.972906403940887;
23 98 0.956416464891041;
23 101 0.947916666666667;
23 102 -0.294736842105263;
23 103 -0.325;
24 80 0.946859903381642;
24 81 0.982367758186398;
24 82 0.970223325062035;
24 83 0.545226130653266;
24 87 0.975062344139651;
24 88 0.963525835866261;
24 92 0.968446601941748;
24 98 0.957345971563981;
24 101 0.969072164948454;
24 102 -0.28125;
24 103 -0.341463414634146;
25 26 0.8125;
25 27 0.787234042553192;
25 28 0.916129032258065;
25 29 0.809859154929577;
25 30 0.825242718446602;
25 31 0.824427480916031;
25 32 0.897959183673469;
25 33 0.813253012048193;
25 34 0.681034482758621;
25 35 0.642857142857143;
25 38 0.572289156626506;
25 40 0.615384615384615;
25 41 0.539877300613497;
25 43 0.67065868263473;
25 44 0.603658536585366;
25 46 0.591463414634146;
25 47 0.573333333333333;
25 48 0.571428571428571;
25 49 0.613861386138614;
25 51 0.671232876712329;
25 53 0.682432432432432;
25 57 0.587837837837838;
25 58 0.644628099173554;
25 59 0.539393939393939;
25 60 0.583850931677019;
25 61 0.687898089171974;
25 63 0.620481927710843;
25 64 0.557575757575758;
25 65 0.554838709677419;
25 67 0.551948051948052;
25 68 0.811320754716981;
25 69 0.836363636363636;
25 70 0.876811594202899;
25 74 0.579268292682927;
25 75 0.538961038961039;
25 96 0.559440559440559;
25 97 0.608695652173913;
25 99 0.64;
25 102 0.5625;
25 103 1;
26 27 0.8828125;
26 28 0.743169398907104;
26 29 0.870619946091644;
26 30 0.866242038216561;
26 31 0.768211920529801;
26 32 0.880407124681934;
26 33 0.87378640776699;
26 68 0.841432225063939;
26 69 0.878934624697337;
26 70 0.863768115942029;
26 100 -0.282608695652174;
26 102 0.566666666666667;
27 28 0.683923705722071;
27 29 0.925257731958763;
27 30 0.922839506172839;
27 31 0.86241610738255;
27 32 0.944723618090452;
27 33 0.949640287769784;
27 49 0.620253164556962;
27 68 0.885786802030457;
27 69 0.910843373493976;
27 70 0.942528735632184;
27 100 -0.210526315789474;
28 29 0.708215297450425;
28 30 0.693602693602694;
28 31 0.627760252365931;
28 32 0.698666666666667;
28 33 0.692893401015228;
28 49 0.578947368421053;
28 68 0.671122994652406;
28 69 0.735368956743003;
28 70 0.692737430167598;
28 103 1;
29 30 0.919354838709677;
29 31 0.832752613240418;
29 32 0.924281984334204;
29 33 0.940298507462687;
29 49 0.578313253012048;
29 68 0.930232558139535;
29 69 0.932330827067669;
29 70 0.922155688622755;
29 100 -0.229885057471264;
30 31 0.865612648221344;
30 32 0.914705882352941;
30 33 0.921052631578947;
30 49 0.686274509803922;
30 68 0.862385321100917;
30 69 0.885294117647059;
30 70 0.907849829351536;
30 77 0.592592592592593;
30 100 -0.211111111111111;
31 32 0.886363636363636;
31 33 0.846153846153846;
31 49 0.625;
31 68 0.807817589576547;
31 69 0.805555555555556;
31 70 0.88013698630137;
31 100 -0.196078431372549;
31 101 -0.3;
31 103 1;
32 33 0.943793911007026;
32 49 0.609756097560976;
32 68 0.886699507389163;
32 69 0.924882629107981;
32 70 0.93800539083558;
32 100 -0.214285714285714;
33 49 0.588235294117647;
33 68 0.903301886792453;
33 69 0.925675675675676;
33 70 0.938502673796791;
33 100 -0.195876288659794;
34 35 0.830827067669173;
34 36 0.836990595611285;
34 37 0.862258953168044;
34 38 0.831632653061224;
34 39 0.730978260869565;
34 40 0.831884057971015;
34 41 0.872395833333333;
34 42 0.784974093264249;
34 43 0.582697201017812;
34 44 0.901808785529716;
34 45 0.81769436997319;
34 46 0.612820512820513;
34 47 0.628205128205128;
34 48 0.845953002610966;
34 49 0.734939759036145;
34 50 0.834459459459459;
34 51 0.875338753387534;
34 52 0.891428571428571;
34 53 0.672086720867209;
34 54 0.817232375979112;
34 55 0.86737400530504;
34 56 0.845945945945946;
34 57 0.827493261455526;
34 58 0.9419795221843;
34 59 0.895287958115183;
34 60 0.714659685863874;
34 61 0.81074168797954;
34 62 0.878419452887538;
34 63 0.890625;
34 64 0.88974358974359;
34 65 0.842783505154639;
34 67 0.815426997245179;
34 74 0.623076923076923;
34 75 0.76657824933687;
34 76 0.898123324396783;
34 77 0.797619047619048;
34 89 0.774725274725275;
34 96 0.784090909090909;
34 97 0.860892388451444;
34 99 0.92057761732852;
34 102 0.883720930232558;
34 103 0.75609756097561;
35 36 0.885496183206107;
35 37 0.870307167235495;
35 38 0.793103448275862;
35 39 0.784053156146179;
35 40 0.797794117647059;
35 41 0.868589743589744;
35 42 0.799363057324841;
35 43 0.667711598746082;
35 44 0.881410256410256;
35 45 0.748366013071895;
35 46 0.790625;
35 47 0.656666666666667;
35 48 0.850993377483444;
35 49 0.847826086956522;
35 50 0.844;
35 51 0.873287671232877;
35 52 0.829787234042553;
35 53 0.834507042253521;
35 54 0.812297734627832;
35 55 0.818181818181818;
35 56 0.8;
35 57 0.838283828382838;
35 58 0.923404255319149;
35 59 0.834920634920635;
35 60 0.770967741935484;
35 61 0.86970684039088;
35 62 0.813868613138686;
35 63 0.905063291139241;
35 64 0.864779874213837;
35 65 0.833333333333333;
35 66 0.551839464882943;
35 67 0.833887043189369;
35 74 0.7;
35 75 0.766990291262136;
35 76 0.851351351351351;
35 77 0.757009345794392;
35 89 0.814189189189189;
35 96 0.821305841924399;
35 97 0.879746835443038;
35 99 0.88;
35 101 -0.197368421052632;
35 102 0.947368421052632;
35 103 0.891891891891892;
36 37 0.851190476190476;
36 38 0.814404432132964;
36 39 0.774193548387097;
36 40 0.809061488673139;
36 41 0.889830508474576;
36 42 0.784313725490196;
36 43 0.602209944751381;
36 44 0.884831460674157;
36 45 0.794797687861272;
36 46 0.714681440443213;
36 47 0.639296187683284;
36 48 0.839887640449438;
36 49 0.724137931034483;
36 50 0.855633802816901;
36 51 0.844776119402985;
36 52 0.852307692307692;
36 53 0.779411764705882;
36 54 0.845070422535211;
36 55 0.88;
36 56 0.891176470588235;
36 57 0.898255813953488;
36 58 0.920863309352518;
36 59 0.872881355932203;
36 60 0.730113636363636;
36 61 0.823361823361823;
36 62 0.855305466237942;
36 63 0.88135593220339;
36 64 0.863888888888889;
36 65 0.890756302521008;
36 66 0.540462427745665;
36 67 0.813056379821958;
36 74 0.673130193905817;
36 75 0.747851002865329;
36 76 0.882697947214076;
36 77 0.864197530864197;
36 89 0.827893175074184;
36 96 0.824404761904762;
36 97 0.883522727272727;
36 99 0.896;
36 100 -0.160919540229885;
36 101 -0.232558139534884;
36 102 0.976470588235294;
36 103 0.944444444444444;
37 38 0.79236276849642;
37 39 0.79746835443038;
37 40 0.806629834254144;
37 41 0.907542579075426;
37 42 0.893719806763285;
37 43 0.628571428571429;
37 44 0.88861985472155;
37 45 0.858942065491184;
37 46 0.673860911270983;
37 47 0.665;
37 48 0.859649122807018;
37 49 0.854368932038835;
37 50 0.845161290322581;
37 51 0.897435897435897;
37 52 0.860526315789474;
37 53 0.728682170542636;
37 54 0.818627450980392;
37 55 0.8825;
37 56 0.83375314861461;
37 57 0.837696335078534;
37 58 0.897515527950311;
37 59 0.875;
37 60 0.770171149144254;
37 61 0.874692874692875;
37 62 0.874651810584958;
37 63 0.905109489051095;
37 64 0.894230769230769;
37 65 0.847665847665848;
37 66 0.589420654911839;
37 67 0.853846153846154;
37 74 0.6810551558753;
37 75 0.802469135802469;
37 76 0.892344497607656;
37 77 0.846846846846847;
37 89 0.781021897810219;
37 96 0.805851063829787;
37 97 0.877450980392157;
37 99 0.882352941176471;
37 101 -0.236111111111111;
37 102 1;
37 103 1;
38 39 0.780660377358491;
38 40 0.766066838046273;
38 41 0.815489749430524;
38 42 0.757918552036199;
38 43 0.661469933184855;
38 44 0.819004524886878;
38 45 0.76056338028169;
38 46 0.679372197309417;
38 47 0.723653395784543;
38 48 0.759345794392523;
38 49 0.823529411764706;
38 50 0.804154302670623;
38 51 0.787951807228916;
38 52 0.82512315270936;
38 53 0.728813559322034;
38 54 0.887871853546911;
38 55 0.824355971896956;
38 56 0.828638497652582;
38 57 0.841849148418491;
38 58 0.882183908045977;
38 59 0.830275229357798;
38 60 0.727688787185355;
38 61 0.779816513761468;
38 62 0.825520833333333;
38 63 0.818181818181818;
38 64 0.817977528089888;
38 65 0.832568807339449;
38 66 0.56;
38 67 0.733812949640288;
38 74 0.704035874439462;
38 75 0.745958429561201;
38 76 0.84037558685446;
38 77 0.892857142857143;
38 89 0.854415274463007;
38 96 0.779156327543424;
38 97 0.805491990846682;
38 99 0.79933110367893;
38 100 -0.183673469387755;
38 101 -0.175257731958763;
38 102 0.864583333333333;
38 103 0.682926829268293;
39 40 0.73224043715847;
39 41 0.778313253012048;
39 42 0.741626794258373;
39 43 0.538823529411765;
39 44 0.784172661870504;
39 45 0.812345679012346;
39 46 0.577197149643705;
39 47 0.599502487562189;
39 48 0.762376237623762;
39 49 0.896907216494845;
39 50 0.816455696202532;
39 51 0.753846153846154;
39 52 0.777486910994764;
39 53 0.631443298969072;
39 54 0.813106796116505;
39 55 0.799007444168734;
39 56 0.776674937965261;
39 57 0.844961240310077;
39 58 0.814589665653495;
39 59 0.794188861985472;
39 60 0.669902912621359;
39 61 0.72992700729927;
39 62 0.762295081967213;
39 63 0.800480769230769;
39 64 0.814726840855107;
39 65 0.795620437956204;
39 66 0.625;
39 67 0.756345177664975;
39 74 0.586698337292161;
39 75 0.698529411764706;
39 76 0.84788029925187;
39 77 0.909090909090909;
39 89 0.83248730964467;
39 96 0.728232189973615;
39 97 0.800970873786408;
39 99 0.832142857142857;
39 102 0.553191489361702;
39 103 1;
40 41 0.864229765013055;
40 42 0.770833333333333;
40 43 0.58974358974359;
40 44 0.877284595300261;
40 45 0.784741144414169;
40 46 0.581395348837209;
40 47 0.590785907859079;
40 48 0.865951742627346;
40 49 0.802631578947368;
40 50 0.851351351351351;
40 51 0.830188679245283;
40 52 0.876056338028169;
40 53 0.661111111111111;
40 54 0.786842105263158;
40 55 0.850267379679144;
40 56 0.79639175257732;
40 57 0.837988826815642;
40 58 0.904918032786885;
40 59 0.858638743455497;
40 60 0.708333333333333;
40 61 0.81701030927835;
40 62 0.851190476190476;
40 63 0.874015748031496;
40 64 0.855297157622739;
40 65 0.819628647214854;
40 67 0.795580110497238;
40 74 0.640826873385013;
40 75 0.753246753246753;
40 76 0.863760217983651;
40 77 0.742574257425743;
40 89 0.772222222222222;
40 96 0.76657060518732;
40 97 0.857894736842105;
40 99 0.924187725631769;
40 101 -0.291666666666667;
40 102 0.802816901408451;
40 103 0.696969696969697;
41 42 0.884792626728111;
41 43 0.616780045351474;
41 44 0.907621247113164;
41 45 0.824940047961631;
41 46 0.675057208237986;
41 47 0.68019093078759;
41 48 0.881235154394299;
41 49 0.841584158415842;
41 50 0.891238670694864;
41 51 0.886699507389163;
41 52 0.92713567839196;
41 53 0.74009900990099;
41 54 0.874125874125874;
41 55 0.945107398568019;
41 56 0.852028639618138;
41 57 0.870646766169154;
41 58 0.955752212389381;
41 59 0.932558139534884;
41 60 0.752336448598131;
41 61 0.86214953271028;
41 62 0.923280423280423;
41 63 0.918981481481482;
41 64 0.940366972477064;
41 65 0.892271662763466;
41 66 0.558752997601918;
41 67 0.84841075794621;
41 74 0.681922196796339;
41 75 0.828235294117647;
41 76 0.916067146282974;
41 77 0.891891891891892;
41 89 0.804878048780488;
41 96 0.825757575757576;
41 97 0.906542056074766;
41 99 0.9419795221843;
41 100 -0.15625;
41 101 -0.221052631578947;
41 102 0.957446808510638;
41 103 0.897435897435897;
42 43 0.645598194130926;
42 44 0.825688073394495;
42 45 0.754761904761905;
42 46 0.622727272727273;
42 47 0.691211401425178;
42 48 0.848699763593381;
42 49 0.826923076923077;
42 50 0.808955223880597;
42 51 0.848780487804878;
42 52 0.863861386138614;
42 53 0.658476658476658;
42 54 0.805555555555556;
42 55 0.874407582938389;
42 56 0.785714285714286;
42 57 0.797530864197531;
42 58 0.857558139534884;
42 59 0.8584686774942;
42 60 0.77262180974478;
42 61 0.8584686774942;
42 62 0.860892388451444;
42 63 0.841013824884793;
42 64 0.863325740318907;
42 65 0.813953488372093;
42 66 0.585714285714286;
42 67 0.830508474576271;
42 74 0.693181818181818;
42 75 0.805620608899297;
42 76 0.85;
42 77 0.875;
42 89 0.748792270531401;
42 96 0.821158690176322;
42 97 0.832946635730858;
42 99 0.832191780821918;
42 101 -0.24468085106383;
42 102 0.978494623655914;
42 103 0.947368421052632;
43 44 0.650112866817156;
43 45 0.545667447306792;
43 46 0.662192393736018;
43 47 0.864485981308411;
43 48 0.588372093023256;
43 49 0.826923076923077;
43 51 0.617788461538462;
43 52 0.562653562653563;
43 53 0.6256038647343;
43 54 0.611872146118721;
43 55 0.598130841121495;
43 56 0.586448598130841;
43 57 0.62621359223301;
43 58 0.605187319884726;
43 59 0.608695652173913;
43 60 0.78310502283105;
43 61 0.65675057208238;
43 62 0.6;
43 63 0.642533936651584;
43 64 0.60762331838565;
43 65 0.617848970251716;
43 66 0.823943661971831;
43 67 0.610047846889952;
43 74 0.9082774049217;
43 75 0.640552995391705;
43 76 0.615925058548009;
43 77 0.725663716814159;
43 83 -0.163414634146341;
43 85 -0.156542056074766;
43 89 0.614285714285714;
43 96 0.673267326732673;
43 97 0.646118721461187;
43 99 0.546979865771812;
43 101 -0.25;
43 102 0.894736842105263;
43 103 0.95;
44 45 0.84047619047619;
44 46 0.672727272727273;
44 47 0.685579196217494;
44 48 0.905437352245863;
44 49 0.86;
44 50 0.864864864864865;
44 51 0.9;
44 52 0.910224438902743;
44 53 0.766584766584767;
44 54 0.842227378190255;
44 55 0.890995260663507;
44 56 0.864285714285714;
44 57 0.889434889434889;
44 58 0.944444444444444;
44 59 0.916279069767442;
44 60 0.781902552204176;
44 61 0.865116279069767;
44 62 0.881578947368421;
44 63 0.953917050691244;
44 64 0.917995444191344;
44 65 0.87906976744186;
44 66 0.589498806682578;
44 67 0.859903381642512;
44 74 0.697727272727273;
44 75 0.814988290398126;
44 76 0.947619047619048;
44 77 0.785714285714286;
44 89 0.811138014527845;
44 96 0.829573934837093;
44 97 0.939675174013921;
44 99 0.972881355932203;
44 101 -0.260416666666667;
44 102 1;
44 103 1;
45 46 0.587264150943396;
45 47 0.578817733990148;
45 48 0.800982800982801;
45 49 0.729166666666667;
45 50 0.802507836990596;
45 51 0.79746835443038;
45 52 0.823376623376623;
45 53 0.645408163265306;
45 54 0.786570743405276;
45 55 0.837037037037037;
45 56 0.819306930693069;
45 57 0.798469387755102;
45 58 0.863636363636364;
45 59 0.845410628019324;
45 60 0.661057692307692;
45 61 0.768115942028985;
45 62 0.808743169398907;
45 63 0.863961813842482;
45 64 0.860520094562648;
45 65 0.800959232613909;
45 67 0.776381909547739;
45 74 0.584905660377358;
45 75 0.717761557177616;
45 76 0.918316831683168;
45 77 0.815533980582524;
45 89 0.809045226130653;
45 96 0.7421875;
45 97 0.824096385542169;
45 99 0.86013986013986;
45 102 0.752688172043011;
45 103 0.95;
46 47 0.642352941176471;
46 48 0.613953488372093;
46 49 0.84;
46 50 0.591715976331361;
46 51 0.640287769784173;
46 52 0.606435643564356;
46 53 0.866180048661801;
46 54 0.673563218390805;
46 55 0.665105386416862;
46 56 0.660377358490566;
46 57 0.690072639225182;
46 58 0.663793103448276;
46 59 0.661290322580645;
46 60 0.68735632183908;
46 61 0.638248847926267;
46 62 0.651832460732984;
46 63 0.678082191780822;
46 64 0.657657657657658;
46 65 0.691244239631336;
46 66 0.569739952718676;
46 67 0.618138424821002;
46 74 0.716517857142857;
46 75 0.648275862068965;
46 76 0.639150943396226;
46 77 0.779816513761468;
46 89 0.66270783847981;
46 96 0.704714640198511;
46 97 0.667425968109339;
46 99 0.602006688963211;
46 101 -0.288659793814433;
46 102 0.979166666666667;
46 103 1;
47 48 0.641277641277641;
47 49 0.918604651162791;
47 50 0.61128526645768;
47 51 0.63727959697733;
47 52 0.651162790697674;
47 53 0.660714285714286;
47 54 0.691387559808612;
47 55 0.655256723716381;
47 56 0.659259259259259;
47 57 0.663265306122449;
47 58 0.678899082568807;
47 59 0.660240963855422;
47 60 0.779376498800959;
47 61 0.666666666666667;
47 62 0.673972602739726;
47 63 0.673031026252983;
47 64 0.665882352941176;
47 65 0.691566265060241;
47 66 0.772277227722772;
47 67 0.641414141414141;
47 74 0.868235294117647;
47 75 0.675544794188862;
47 76 0.657635467980296;
47 77 0.863636363636364;
47 89 0.661654135338346;
47 96 0.731770833333333;
47 97 0.673076923076923;
47 99 0.613559322033898;
47 100 -0.168421052631579;
47 101 -0.223404255319149;
47 102 0.957446808510638;
47 103 0.897435897435897;
48 49 0.854166666666667;
48 50 0.855855855855856;
48 51 0.854636591478697;
48 52 0.904145077720207;
48 53 0.715346534653465;
48 54 0.813397129186603;
48 55 0.895121951219512;
48 56 0.839024390243902;
48 57 0.857142857142857;
48 58 0.900302114803625;
48 59 0.885167464114832;
48 60 0.76555023923445;
48 61 0.86810551558753;
48 62 0.849315068493151;
48 63 0.907363420427553;
48 64 0.892018779342723;
48 65 0.849056603773585;
48 67 0.881773399014778;
48 74 0.634883720930233;
48 75 0.821428571428571;
48 76 0.889162561576355;
48 77 0.810526315789474;
48 89 0.796526054590571;
48 96 0.832904884318766;
48 97 0.904988123515439;
48 99 0.929530201342282;
48 101 -0.270833333333333;
48 102 1;
48 103 1;
49 50 0.869565217391304;
49 51 0.884210526315789;
49 52 0.843137254901961;
49 53 0.938144329896907;
49 54 0.854166666666667;
49 55 0.793814432989691;
49 56 0.771084337349398;
49 57 0.793814432989691;
49 58 0.984126984126984;
49 59 0.807692307692308;
49 60 0.898989898989899;
49 61 0.884615384615385;
49 62 0.801980198019802;
49 63 0.903846153846154;
49 64 0.900990099009901;
49 65 0.883495145631068;
49 66 0.804347826086957;
49 67 0.826086956521739;
49 68 0.568421052631579;
49 70 0.609756097560976;
49 74 0.82;
49 75 0.844444444444444;
49 76 0.823529411764706;
49 77 0.796875;
49 78 0.595238095238095;
49 79 0.708333333333333;
49 86 0.564356435643564;
49 89 0.898989898989899;
49 93 0.571428571428571;
49 95 0.625;
49 96 0.930232558139535;
49 97 0.897959183673469;
50 51 0.842767295597484;
50 52 0.901492537313433;
50 53 0.685897435897436;
50 54 0.842900302114804;
50 55 0.903726708074534;
50 56 0.901898734177215;
50 57 0.886904761904762;
50 58 0.927586206896552;
50 59 0.885542168674699;
50 60 0.706422018348624;
50 61 0.792682926829268;
50 62 0.875796178343949;
50 63 0.864457831325301;
50 64 0.904477611940299;
50 65 0.885542168674699;
50 67 0.828125;
50 74 0.588757396449704;
50 75 0.759146341463415;
50 76 0.882165605095541;
50 77 0.942528735632184;
50 89 0.80064308681672;
50 96 0.830564784053156;
50 97 0.866666666666667;
50 99 0.918454935622318;
50 100 -0.470588235294118;
50 101 -0.272727272727273;
50 102 1;
51 52 0.873684210526316;
51 53 0.6953125;
51 54 0.817283950617284;
51 55 0.879699248120301;
51 56 0.827848101265823;
51 57 0.850785340314136;
51 58 0.899390243902439;
51 59 0.870967741935484;
51 60 0.764127764127764;
51 61 0.886198547215496;
51 62 0.868347338935574;
51 63 0.897058823529412;
51 64 0.907990314769976;
51 65 0.851116625310174;
51 66 0.536895674300254;
51 67 0.825641025641026;
51 74 0.666666666666667;
51 75 0.780246913580247;
51 76 0.878172588832487;
51 77 0.854368932038835;
51 89 0.769820971867008;
51 96 0.819148936170213;
51 97 0.873170731707317;
51 99 0.909090909090909;
51 101 -0.320512820512821;
51 102 0.974025974025974;
51 103 1;
52 53 0.681940700808625;
52 54 0.870886075949367;
52 55 0.930591259640103;
52 56 0.893229166666667;
52 57 0.856368563685637;
52 58 0.936231884057971;
52 59 0.931818181818182;
52 60 0.755050505050505;
52 61 0.84010152284264;
52 62 0.909090909090909;
52 63 0.912718204488778;
52 64 0.943069306930693;
52 65 0.885786802030457;
52 67 0.832446808510638;
52 74 0.643564356435644;
52 75 0.811704834605598;
52 76 0.950520833333333;
52 77 0.927927927927928;
52 89 0.801587301587302;
52 96 0.831491712707182;
52 97 0.911392405063291;
52 99 0.972762645914397;
52 100 -0.224137931034483;
52 101 -0.210526315789474;
52 102 1;
52 103 1;
53 54 0.723880597014925;
53 55 0.720812182741117;
53 56 0.739240506329114;
53 57 0.782945736434108;
53 58 0.75;
53 59 0.721393034825871;
53 60 0.707616707616708;
53 61 0.70573566084788;
53 62 0.691428571428571;
53 63 0.748148148148148;
53 64 0.734146341463415;
53 65 0.778048780487805;
53 66 0.562659846547315;
53 67 0.707253886010363;
53 74 0.664233576642336;
53 75 0.693467336683417;
53 76 0.709923664122137;
53 77 0.794871794871795;
53 89 0.727272727272727;
53 96 0.75;
53 97 0.759305210918114;
53 99 0.684397163120567;
53 101 -0.28125;
53 102 1;
53 103 1;
54 55 0.891826923076923;
54 56 0.869879518072289;
54 57 0.87;
54 58 0.891812865497076;
54 59 0.870892018779343;
54 60 0.76056338028169;
54 61 0.786384976525822;
54 62 0.876675603217158;
54 63 0.843822843822844;
54 64 0.880184331797235;
54 65 0.892271662763466;
54 66 0.54066985645933;
54 67 0.778325123152709;
54 74 0.685057471264368;
54 75 0.791469194312796;
54 76 0.857831325301205;
54 77 0.923076923076923;
54 89 0.867647058823529;
54 96 0.8248730964467;
54 97 0.830985915492958;
54 99 0.861016949152542;
54 101 -0.21875;
54 102 0.936842105263158;
54 103 0.85;
55 56 0.87960687960688;
55 57 0.875318066157761;
55 58 0.933333333333333;
55 59 0.935251798561151;
55 60 0.752403846153846;
55 61 0.836930455635492;
55 62 0.912806539509537;
55 63 0.902612826603325;
55 64 0.936619718309859;
55 65 0.886746987951807;
55 66 0.538271604938272;
55 67 0.837905236907731;
55 74 0.676814988290398;
55 75 0.835748792270531;
55 76 0.91871921182266;
55 77 0.944444444444444;
55 89 0.828358208955224;
55 96 0.863049095607235;
55 97 0.88755980861244;
55 99 0.954385964912281;
55 101 -0.271739130434783;
55 102 0.978021978021978;
55 103 1;
56 57 0.910025706940874;
56 58 0.887537993920973;
56 59 0.871980676328502;
56 60 0.756563245823389;
56 61 0.811594202898551;
56 62 0.862637362637363;
56 63 0.844868735083532;
56 64 0.877068557919622;
56 65 0.908212560386473;
56 67 0.806532663316583;
56 74 0.658018867924528;
56 75 0.760095011876485;
56 76 0.883663366336634;
56 77 0.880733944954128;
56 89 0.83375314861461;
56 96 0.81151832460733;
56 97 0.850961538461538;
56 99 0.898648648648649;
56 101 -0.25;
56 102 0.978947368421053;
56 103 0.95;
57 58 0.914826498422713;
57 59 0.855721393034826;
57 60 0.775561097256858;
57 61 0.84788029925187;
57 62 0.859598853868195;
57 63 0.873449131513648;
57 64 0.872860635696821;
57 65 0.926289926289926;
57 66 0.6;
57 67 0.831202046035806;
57 74 0.677966101694915;
57 75 0.778054862842893;
57 76 0.868894601542416;
57 77 0.795698924731183;
57 89 0.83419689119171;
57 96 0.831550802139037;
57 97 0.886138613861386;
57 99 0.915824915824916;
57 101 -0.222222222222222;
57 102 1;
57 103 1;
58 59 0.949704142011834;
58 60 0.763157894736842;
58 61 0.859281437125748;
58 62 0.930599369085173;
58 63 0.95906432748538;
58 64 0.968299711815562;
58 65 0.913690476190476;
58 67 0.881987577639752;
58 74 0.655172413793103;
58 75 0.816568047337278;
58 76 0.95679012345679;
58 77 0.942857142857143;
58 89 0.860248447204969;
58 96 0.855345911949686;
58 97 0.950292397660819;
58 99 0.954545454545455;
58 100 -0.196428571428571;
58 101 -0.218181818181818;
58 102 1;
58 103 1;
59 60 0.734741784037559;
59 61 0.821176470588235;
59 62 0.909814323607427;
59 63 0.913551401869159;
59 64 0.933025404157044;
59 65 0.872641509433962;
59 66 0.549397590361446;
59 67 0.844827586206897;
59 74 0.663594470046083;
59 75 0.805687203791469;
59 76 0.944444444444444;
59 77 0.899082568807339;
59 89 0.835380835380835;
59 96 0.816793893129771;
59 97 0.908450704225352;
59 99 0.961937716262976;
59 101 -0.231578947368421;
59 102 0.978723404255319;
59 103 0.948717948717949;
60 61 0.795294117647059;
60 62 0.730666666666667;
60 63 0.773892773892774;
60 64 0.760919540229885;
60 65 0.792941176470588;
60 66 0.711538461538462;
60 67 0.734643734643735;
60 74 0.822988505747126;
60 75 0.741706161137441;
60 76 0.752403846153846;
60 77 0.831775700934579;
60 89 0.731707317073171;
60 96 0.794416243654822;
60 97 0.775700934579439;
60 99 0.738095238095238;
60 101 -0.252631578947368;
60 102 1;
60 103 1;
61 62 0.820375335120643;
61 63 0.883177570093458;
61 64 0.840646651270208;
61 65 0.827830188679245;
61 66 0.571428571428571;
61 67 0.854320987654321;
61 74 0.682027649769585;
61 75 0.828978622327791;
61 76 0.85024154589372;
61 77 0.781818181818182;
61 89 0.771498771498772;
61 96 0.820971867007673;
61 97 0.875294117647059;
61 99 0.846153846153846;
61 101 -0.264367816091954;
61 102 0.988372093023256;
61 103 0.975609756097561;
62 63 0.878947368421053;
62 64 0.918848167539267;
62 65 0.873994638069705;
62 67 0.8;
62 74 0.670157068062827;
62 75 0.778378378378378;
62 76 0.906077348066298;
62 77 0.872727272727273;
62 89 0.797183098591549;
62 96 0.826086956521739;
62 97 0.863636363636364;
62 99 0.949790794979079;
62 100 -0.196969696969697;
62 101 -0.184615384615385;
62 102 0.96875;
62 103 1;
63 64 0.929223744292237;
63 65 0.876168224299065;
63 66 0.572792362768496;
63 67 0.865525672371638;
63 74 0.689497716894977;
63 75 0.821176470588235;
63 76 0.944976076555024;
63 77 0.803571428571429;
63 89 0.832116788321168;
63 96 0.846347607052897;
63 97 0.946386946386946;
63 99 0.955017301038062;
63 101 -0.212765957446809;
63 102 0.956989247311828;
63 103 1;
64 65 0.893764434180139;
64 67 0.84578313253012;
64 74 0.664414414414414;
64 75 0.816705336426914;
64 76 0.936320754716981;
64 77 0.928571428571429;
64 89 0.832535885167464;
64 96 0.84788029925187;
64 97 0.908045977011494;
64 99 0.94949494949495;
64 101 -0.22680412371134;
64 102 0.958333333333333;
64 103 0.902439024390244;
65 66 0.550724637681159;
65 67 0.828009828009828;
65 74 0.684331797235023;
65 75 0.786223277909739;
65 76 0.867149758454106;
65 77 0.872549019607843;
65 89 0.837837837837838;
65 96 0.855329949238579;
65 97 0.877647058823529;
65 99 0.914965986394558;
65 101 -0.268041237113402;
65 102 1;
65 103 1;
66 67 0.546599496221662;
66 74 0.799054373522459;
66 75 0.581508515815085;
66 76 0.560794044665012;
66 77 0.721649484536082;
66 89 0.535353535353535;
66 96 0.584183673469388;
66 97 0.584541062801932;
66 99 0.537671232876712;
66 102 0.574468085106383;
66 103 1;
67 74 0.630071599045346;
67 75 0.843520782396088;
67 76 0.850632911392405;
67 77 0.730769230769231;
67 89 0.761421319796954;
67 96 0.795755968169761;
67 97 0.873170731707317;
67 99 0.878048780487805;
67 101 -0.217391304347826;
67 102 0.945054945054945;
67 103 0.975609756097561;
68 69 0.885985748218527;
68 70 0.878531073446328;
69 70 0.911764705882353;
69 100 -0.206185567010309;
70 101 -0.192982456140351;
70 102 0.578947368421053;
70 103 1;
71 72 0.589341692789969;
71 73 0.582582582582583;
71 83 0.565789473684211;
71 85 0.590909090909091;
72 73 0.858974358974359;
72 83 0.738903394255875;
72 84 0.764397905759162;
72 85 0.766584766584767;
72 100 0.965909090909091;
73 83 0.750656167979003;
73 84 0.763636363636364;
73 85 0.7725;
73 100 0.973333333333333;
73 102 -0.150684931506849;
74 75 0.685057471264368;
74 76 0.665094339622642;
74 77 0.798165137614679;
74 83 -0.14987714987715;
74 89 0.665083135391924;
74 96 0.727047146401985;
74 97 0.678815489749431;
74 99 0.618729096989967;
74 101 -0.288659793814433;
74 102 0.979166666666667;
74 103 1;
75 76 0.795620437956204;
75 77 0.796296296296296;
75 89 0.720588235294118;
75 96 0.785714285714286;
75 97 0.81924882629108;
75 99 0.828282828282828;
75 101 -0.252631578947368;
75 102 1;
75 103 1;
76 77 0.873873873873874;
76 89 0.844868735083532;
76 96 0.834645669291339;
76 97 0.934939759036145;
76 99 0.96028880866426;
76 101 -0.197368421052632;
76 102 0.973333333333333;
76 103 0.951219512195122;
77 89 0.81651376146789;
77 96 0.857142857142857;
77 97 0.794392523364486;
77 99 0.878787878787879;
77 100 1;
78 79 0.775725593667546;
78 86 0.86340206185567;
78 90 0.804232804232804;
78 91 0.777777777777778;
78 93 0.830687830687831;
78 94 0.853723404255319;
78 95 0.85792349726776;
78 103 0.743589743589744;
79 86 0.818840579710145;
79 90 0.812967581047382;
79 91 0.808252427184466;
79 93 0.814356435643564;
79 94 0.802005012531328;
79 95 0.723981900452489;
80 81 0.951030927835051;
80 82 0.947916666666667;
80 87 0.958549222797927;
80 88 0.937106918238994;
80 92 0.957816377171216;
80 98 0.942168674698795;
80 101 0.934210526315789;
80 102 -0.266666666666667;
80 103 -0.341463414634146;
81 82 0.975935828877005;
81 83 0.551075268817204;
81 87 0.980978260869565;
81 88 0.965625;
81 92 0.974424552429668;
81 98 0.957178841309824;
81 101 0.96875;
81 102 -0.291666666666667;
81 103 -0.365853658536585;
82 83 0.542234332425068;
82 87 0.978609625668449;
82 88 0.967105263157895;
82 92 0.971354166666667;
82 98 0.961636828644501;
82 101 0.967741935483871;
82 102 -0.271739130434783;
82 103 -0.325;
83 84 0.677333333333333;
83 85 0.862944162436548;
83 87 0.559895833333333;
83 88 0.580858085808581;
83 92 0.537128712871287;
83 100 0.916666666666667;
84 85 0.695652173913043;
84 100 0.96875;
85 100 0.931034482758621;
86 90 0.866180048661801;
86 91 0.879716981132076;
86 93 0.901442307692308;
86 94 0.926470588235294;
86 95 0.922727272727273;
86 103 0.631578947368421;
87 88 0.973244147157191;
87 92 0.977443609022556;
87 98 0.96969696969697;
87 101 0.966292134831461;
87 102 -0.269662921348315;
87 103 -0.341463414634146;
88 92 0.968847352024922;
88 98 0.951219512195122;
88 100 0.645161290322581;
88 101 0.983606557377049;
88 102 -0.15;
88 103 0.8;
89 96 0.813829787234043;
89 97 0.815533980582524;
89 99 0.776556776556777;
89 101 -0.197368421052632;
89 102 0.973333333333333;
89 103 0.951219512195122;
90 91 0.83252427184466;
90 93 0.8625;
90 94 0.875634517766497;
90 95 0.830985915492958;
90 103 0.7;
91 93 0.845410628019324;
91 94 0.874692874692875;
91 95 0.828828828828829;
91 100 0.622448979591837;
92 98 0.968446601941748;
92 101 0.96875;
92 102 -0.28125;
92 103 -0.341463414634146;
93 94 0.883084577114428;
93 95 0.904306220095694;
93 103 0.675675675675676;
94 95 0.933014354066986;
94 103 0.684210526315789;
95 100 0.547368421052632;
95 103 0.609756097560976;
96 97 0.835443037974684;
96 99 0.831541218637993;
96 101 -0.252631578947368;
96 102 1;
96 103 1;
97 99 0.941780821917808;
97 101 -0.247422680412371;
97 102 0.979166666666667;
97 103 1;
98 101 0.96875;
98 102 -0.273684210526316;
98 103 -0.341463414634146;
99 100 -0.173333333333333;
99 101 -0.310810810810811;
99 102 1;
99 103 1;
101 102 -0.28125;
101 103 -0.341463414634146;
102 103 1]
