n = 104
taille = 2562
Mat = [0 1 0.64797507788162;
0 71 0.693548387096774;
0 72 0.755747126436782;
0 73 0.743016759776536;
0 84 0.768996960486322;
0 100 0.712328767123288;
0 102 -0.19672131147541;
1 2 -0.176211453744493;
1 25 -0.244147157190635;
1 27 -0.164502164502165;
1 28 -0.235565819861432;
1 32 -0.187214611872146;
1 33 -0.19672131147541;
1 34 -0.208053691275168;
1 35 -0.188340807174888;
1 36 -0.162729658792651;
1 37 -0.178879310344828;
1 38 -0.16632860040568;
1 39 -0.190376569037657;
1 41 -0.203862660944206;
1 42 -0.183127572016461;
1 43 -0.187628865979381;
1 44 -0.162886597938144;
1 45 -0.182608695652174;
1 46 -0.187372708757637;
1 47 -0.217294900221729;
1 48 -0.190775681341719;
1 49 -0.287081339712919;
1 50 -0.172222222222222;
1 51 -0.17752808988764;
1 52 -0.185336048879837;
1 53 -0.194323144104804;
1 54 -0.186147186147186;
1 55 -0.198294243070362;
1 58 -0.213068181818182;
1 59 -0.184100418410042;
1 60 -0.193814432989691;
1 61 -0.212328767123288;
1 62 -0.188841201716738;
1 63 -0.168803418803419;
1 64 -0.205394190871369;
1 65 -0.180084745762712;
1 66 -0.1792656587473;
1 67 -0.165271966527197;
1 68 -0.164502164502165;
1 70 -0.184090909090909;
1 71 0.70253164556962;
1 72 0.665254237288136;
1 73 0.686192468619247;
1 74 -0.187755102040816;
1 75 -0.197396963123644;
1 83 0.702586206896552;
1 84 0.72234762979684;
1 85 0.695331695331695;
1 96 -0.216748768472906;
1 97 -0.194860813704497;
1 100 0.753731343283582;
1 102 -0.338582677165354;
1 103 -0.430769230769231;
2 25 0.75975975975976;
2 26 0.668903803131991;
2 27 0.807377049180328;
2 28 0.741127348643006;
2 29 0.745182012847966;
2 30 0.715210355987055;
2 31 0.737668161434978;
2 32 0.758771929824561;
2 33 0.736328125;
2 34 0.902286902286902;
2 35 0.897916666666667;
2 36 0.919902912621359;
2 37 0.897959183673469;
2 38 0.905038759689923;
2 39 0.901803607214429;
2 40 0.92836676217765;
2 41 0.934653465346535;
2 42 0.904761904761905;
2 43 0.891089108910891;
2 44 0.87819253438114;
2 45 0.896049896049896;
2 46 0.924271844660194;
2 47 0.940552016985138;
2 48 0.932135728542914;
2 49 0.900943396226415;
2 50 0.920595533498759;
2 51 0.908713692946058;
2 52 0.901162790697674;
2 53 0.916155419222904;
2 54 0.896907216494845;
2 55 0.921810699588477;
2 56 0.855263157894737;
2 57 0.920987654320988;
2 58 0.933161953727506;
2 59 0.908366533864542;
2 60 0.921414538310413;
2 61 0.918454935622318;
2 62 0.942973523421589;
2 63 0.873015873015873;
2 64 0.895049504950495;
2 65 0.910931174089069;
2 66 0.878099173553719;
2 67 0.907630522088353;
2 68 0.773388773388773;
2 69 0.746588693957115;
2 70 0.737556561085973;
2 74 0.938976377952756;
2 75 0.946502057613169;
2 76 0.906178489702517;
2 77 0.919354838709677;
2 83 -0.216386554621849;
2 85 -0.213963963963964;
2 89 0.879759519038076;
2 96 0.918918918918919;
2 97 0.916334661354582;
2 99 0.942982456140351;
2 100 -0.232;
2 102 0.973684210526316;
2 103 0.966666666666667;
3 4 0.967010309278351;
3 5 0.968190854870775;
3 6 0.953629032258065;
3 7 0.972850678733032;
3 8 0.929313929313929;
3 9 0.960662525879917;
3 10 0.949290060851927;
3 11 0.969924812030075;
3 12 0.956;
3 13 0.957115009746589;
3 14 0.93006993006993;
3 15 0.934673366834171;
3 16 0.958498023715415;
3 17 0.970119521912351;
3 18 0.778787878787879;
3 19 0.738609112709832;
3 20 0.776842105263158;
3 21 0.762278978388998;
3 22 0.737306843267108;
3 23 0.753424657534247;
3 24 0.722222222222222;
3 78 0.958250497017893;
3 79 0.954248366013072;
3 80 0.769565217391304;
3 81 0.749506903353057;
3 82 0.696821515892421;
3 86 0.953229398663697;
3 87 0.821339950372208;
3 88 0.758893280632411;
3 90 0.95475113122172;
3 91 0.938559322033898;
3 92 0.797413793103448;
3 93 0.953722334004024;
3 94 0.953846153846154;
3 95 0.954451345755694;
3 98 0.755060728744939;
3 101 0.71551724137931;
4 5 0.963562753036437;
4 6 0.951219512195122;
4 7 0.974770642201835;
4 8 0.924024640657084;
4 9 0.955974842767296;
4 10 0.944672131147541;
4 11 0.958230958230958;
4 12 0.95;
4 13 0.954635108481262;
4 14 0.923076923076923;
4 15 0.942708333333333;
4 16 0.957831325301205;
4 17 0.967078189300412;
4 18 0.748502994011976;
4 19 0.7409200968523;
4 20 0.768240343347639;
4 21 0.757396449704142;
4 22 0.737668161434978;
4 23 0.753479125248509;
4 24 0.721854304635762;
4 78 0.956087824351297;
4 79 0.945175438596491;
4 80 0.758389261744966;
4 81 0.755467196819085;
4 82 0.688725490196078;
4 86 0.959367945823928;
4 87 0.820448877805486;
4 88 0.755467196819085;
4 90 0.968181818181818;
4 91 0.943965517241379;
4 92 0.797385620915033;
4 93 0.945121951219512;
4 94 0.955456570155902;
4 95 0.95;
4 98 0.763374485596708;
4 101 0.775700934579439;
5 6 0.958661417322835;
5 7 0.977777777777778;
5 8 0.93516699410609;
5 9 0.96646942800789;
5 10 0.955339805825243;
5 11 0.961904761904762;
5 12 0.960861056751468;
5 13 0.960076045627376;
5 14 0.928802588996764;
5 15 0.935323383084577;
5 16 0.963740458015267;
5 17 0.972495088408644;
5 18 0.756756756756757;
5 19 0.729411764705882;
5 20 0.748478701825558;
5 21 0.74904214559387;
5 22 0.726293103448276;
5 23 0.739961759082218;
5 24 0.715481171548117;
5 78 0.964912280701754;
5 79 0.953156822810591;
5 80 0.755888650963597;
5 81 0.743243243243243;
5 82 0.671328671328671;
5 86 0.949781659388646;
5 87 0.789719626168224;
5 88 0.749518304431599;
5 90 0.955752212389381;
5 91 0.939958592132505;
5 92 0.781970649895178;
5 93 0.954813359528487;
5 94 0.955882352941177;
5 95 0.960707269155206;
5 98 0.746062992125984;
5 101 0.727272727272727;
6 7 0.963963963963964;
6 8 0.93469387755102;
6 9 0.94672131147541;
6 10 0.943887775551102;
6 11 0.945544554455445;
6 12 0.947265625;
6 13 0.946360153256705;
6 14 0.92483660130719;
6 15 0.9;
6 16 0.955165692007797;
6 17 0.958;
6 18 0.73121387283237;
6 19 0.708428246013667;
6 20 0.727848101265823;
6 21 0.722007722007722;
6 22 0.688741721854305;
6 23 0.72007722007722;
6 24 0.683870967741935;
6 78 0.956692913385827;
6 79 0.944325481798715;
6 80 0.72707423580786;
6 81 0.715399610136452;
6 82 0.665060240963855;
6 86 0.942857142857143;
6 87 0.776978417266187;
6 88 0.720754716981132;
6 90 0.948775055679287;
6 91 0.924050632911392;
6 92 0.752118644067797;
6 93 0.94047619047619;
6 94 0.950108459869848;
6 95 0.949698189134809;
6 98 0.722554890219561;
6 101 0.73109243697479;
7 8 0.948545861297539;
7 9 0.972602739726027;
7 10 0.968957871396896;
7 11 0.969613259668508;
7 12 0.962637362637363;
7 13 0.965738758029979;
7 14 0.94921875;
7 15 0.965317919075145;
7 16 0.964835164835165;
7 17 0.977426636568849;
7 18 0.726643598615917;
7 19 0.699208443271768;
7 20 0.730582524271845;
7 21 0.728260869565217;
7 22 0.698254364089776;
7 23 0.71948608137045;
7 24 0.693363844393593;
7 78 0.965665236051502;
7 79 0.963680387409201;
7 80 0.73134328358209;
7 81 0.721382289416847;
7 82 0.655080213903743;
7 86 0.969773299748111;
7 87 0.785714285714286;
7 88 0.722100656455142;
7 90 0.970223325062035;
7 91 0.965116279069767;
7 92 0.766109785202864;
7 93 0.964044943820225;
7 94 0.95933014354067;
7 95 0.972850678733032;
7 98 0.732142857142857;
7 101 0.739130434782609;
8 9 0.92827868852459;
8 10 0.925049309664694;
8 11 0.923076923076923;
8 12 0.936;
8 13 0.929549902152642;
8 14 0.939297124600639;
8 15 0.837696335078534;
8 16 0.93186372745491;
8 17 0.932377049180328;
8 18 0.720858895705521;
8 19 0.723970944309927;
8 20 0.721757322175732;
8 21 0.728155339805825;
8 22 0.705882352941177;
8 23 0.733201581027668;
8 24 0.729490022172949;
8 78 0.940828402366864;
8 79 0.936575052854123;
8 80 0.746636771300448;
8 81 0.73;
8 82 0.643867924528302;
8 86 0.920634920634921;
8 87 0.777777777777778;
8 88 0.734530938123752;
8 90 0.925170068027211;
8 91 0.909287257019438;
8 92 0.777292576419214;
8 93 0.922606924643585;
8 94 0.938559322033898;
8 95 0.937875751503006;
8 98 0.731707317073171;
8 101 0.725;
9 10 0.947791164658635;
9 11 0.953316953316953;
9 12 0.95112016293279;
9 13 0.952475247524752;
9 14 0.919191919191919;
9 15 0.942028985507246;
9 16 0.955911823647295;
9 17 0.965020576131687;
9 18 0.755882352941176;
9 19 0.740740740740741;
9 20 0.76545842217484;
9 21 0.763419483101392;
9 22 0.739819004524887;
9 23 0.752988047808765;
9 24 0.720620842572062;
9 78 0.95959595959596;
9 79 0.941908713692946;
9 80 0.754838709677419;
9 81 0.753479125248509;
9 82 0.692857142857143;
9 86 0.940639269406393;
9 87 0.807228915662651;
9 88 0.763052208835341;
9 90 0.94954128440367;
9 91 0.931182795698925;
9 92 0.798245614035088;
9 93 0.944672131147541;
9 94 0.952069716775599;
9 95 0.953252032520325;
9 98 0.761224489795918;
9 101 0.811881188118812;
10 11 0.959134615384615;
10 12 0.946215139442231;
10 13 0.941972920696325;
10 14 0.913183279742765;
10 15 0.931372549019608;
10 16 0.944773175542406;
10 17 0.953441295546559;
10 18 0.76219512195122;
10 19 0.719339622641509;
10 20 0.744282744282744;
10 21 0.741682974559687;
10 22 0.717105263157895;
10 23 0.732421875;
10 24 0.707158351409978;
10 78 0.953307392996109;
10 79 0.957894736842105;
10 80 0.74780701754386;
10 81 0.73385518590998;
10 82 0.658198614318707;
10 86 0.928251121076233;
10 87 0.772833723653396;
10 88 0.741617357001972;
10 90 0.940265486725664;
10 91 0.927966101694915;
10 92 0.774193548387097;
10 93 0.935613682092555;
10 94 0.949473684210526;
10 95 0.947265625;
10 98 0.742454728370221;
10 101 0.695652173913043;
11 12 0.943488943488944;
11 13 0.95;
11 14 0.916058394160584;
11 15 0.916666666666667;
11 16 0.953771289537713;
11 17 0.959798994974874;
11 18 0.764705882352941;
11 19 0.710843373493976;
11 20 0.742857142857143;
11 21 0.738095238095238;
11 22 0.713930348258706;
11 23 0.737980769230769;
11 24 0.68870523415978;
11 78 0.968446601941748;
11 79 0.950777202072539;
11 80 0.751243781094527;
11 81 0.731414868105516;
11 82 0.652941176470588;
11 86 0.937837837837838;
11 87 0.788519637462236;
11 88 0.734939759036145;
11 90 0.94320987654321;
11 91 0.930051813471503;
11 92 0.778378378378378;
11 93 0.944309927360775;
11 94 0.941919191919192;
11 95 0.952970297029703;
11 98 0.745049504950495;
11 101 0.654545454545455;
12 13 0.944761904761905;
12 14 0.925324675324675;
12 15 0.936842105263158;
12 16 0.951644100580271;
12 17 0.96031746031746;
12 18 0.729651162790698;
12 19 0.720183486238532;
12 20 0.74321503131524;
12 21 0.728136882129278;
12 22 0.705240174672489;
12 23 0.731800766283525;
12 24 0.697228144989339;
12 78 0.951456310679612;
12 79 0.946581196581197;
12 80 0.749460043196544;
12 81 0.730550284629981;
12 82 0.66824644549763;
12 86 0.945652173913043;
12 87 0.787951807228916;
12 88 0.733333333333333;
12 90 0.944812362030905;
12 91 0.936475409836066;
12 92 0.765199161425577;
12 93 0.94488188976378;
12 94 0.959139784946237;
12 95 0.945344129554656;
12 98 0.737154150197628;
12 101 0.723577235772358;
13 14 0.920634920634921;
13 15 0.925742574257426;
13 16 0.950943396226415;
13 17 0.965250965250965;
13 18 0.751445086705202;
13 19 0.729357798165138;
13 20 0.747433264887064;
13 21 0.742056074766355;
13 22 0.720338983050847;
13 23 0.731843575418994;
13 24 0.702083333333333;
13 78 0.950850661625709;
13 79 0.938144329896907;
13 80 0.741596638655462;
13 81 0.736346516007533;
13 82 0.672897196261682;
13 86 0.941299790356394;
13 87 0.784222737819026;
13 88 0.73921200750469;
13 90 0.950749464668094;
13 91 0.931313131313131;
13 92 0.768916155419223;
13 93 0.938579654510557;
13 94 0.946169772256729;
13 95 0.954813359528487;
13 98 0.737451737451737;
13 101 0.699186991869919;
14 15 0.859649122807018;
14 16 0.916666666666667;
14 17 0.937716262975779;
14 18 0.788659793814433;
14 19 0.805907172995781;
14 20 0.76056338028169;
14 21 0.766561514195584;
14 22 0.75;
14 23 0.760517799352751;
14 24 0.749019607843137;
14 26 0.597902097902098;
14 27 0.594059405940594;
14 34 0.600706713780919;
14 35 0.598039215686274;
14 36 0.637065637065637;
14 39 0.598039215686274;
14 40 0.677536231884058;
14 41 0.604575163398693;
14 43 0.599358974358974;
14 45 0.594059405940594;
14 51 0.642105263157895;
14 52 0.589905362776025;
14 56 0.599358974358974;
14 57 0.637735849056604;
14 59 0.591772151898734;
14 60 0.5814696485623;
14 61 0.636704119850187;
14 62 0.584459459459459;
14 63 0.629508196721312;
14 64 0.603225806451613;
14 70 0.58364312267658;
14 78 0.92483660130719;
14 79 0.953900709219858;
14 80 0.786941580756014;
14 81 0.776315789473684;
14 82 0.745318352059925;
14 86 0.926315789473684;
14 87 0.782894736842105;
14 88 0.784810126582278;
14 90 0.912891986062718;
14 91 0.893333333333333;
14 92 0.765822784810127;
14 93 0.922330097087379;
14 94 0.92226148409894;
14 95 0.915032679738562;
14 96 0.611111111111111;
14 98 0.760797342192691;
14 99 0.59375;
14 101 0.688311688311688;
14 103 0.608695652173913;
15 16 0.928571428571429;
15 17 0.942307692307692;
15 18 0.696774193548387;
15 19 0.618279569892473;
15 20 0.658291457286432;
15 21 0.66497461928934;
15 22 0.653061224489796;
15 23 0.651960784313726;
15 24 0.587939698492462;
15 78 0.925742574257426;
15 79 0.9375;
15 80 0.656862745098039;
15 81 0.653266331658292;
15 86 0.916256157635468;
15 87 0.782312925170068;
15 88 0.663316582914573;
15 90 0.919786096256685;
15 91 0.893401015228426;
15 92 0.753246753246753;
15 93 0.912621359223301;
15 94 0.927083333333333;
15 95 0.916256157635468;
15 98 0.661538461538462;
15 99 1;
15 101 1;
15 102 1;
15 103 1;
16 17 0.962671905697446;
16 18 0.727536231884058;
16 19 0.701388888888889;
16 20 0.736514522821577;
16 21 0.721280602636535;
16 22 0.693617021276596;
16 23 0.71780303030303;
16 24 0.68125;
16 78 0.957528957528958;
16 79 0.941908713692946;
16 80 0.73036093418259;
16 81 0.713740458015267;
16 82 0.655660377358491;
16 86 0.948275862068966;
16 87 0.777511961722488;
16 88 0.716190476190476;
16 90 0.945533769063181;
16 91 0.930184804928131;
16 92 0.752598752598753;
16 93 0.937743190661479;
16 94 0.965738758029979;
16 95 0.949899799599198;
16 98 0.72147001934236;
16 101 0.681034482758621;
17 18 0.744615384615385;
17 19 0.722095671981777;
17 20 0.750528541226216;
17 21 0.739299610894942;
17 22 0.712389380530973;
17 23 0.72972972972973;
17 24 0.697424892703863;
17 78 0.962376237623762;
17 79 0.959051724137931;
17 80 0.738562091503268;
17 81 0.728515625;
17 82 0.668304668304668;
17 86 0.953436807095344;
17 87 0.796068796068796;
17 88 0.73972602739726;
17 90 0.959459459459459;
17 91 0.94327731092437;
17 92 0.771367521367521;
17 93 0.958083832335329;
17 94 0.958241758241758;
17 95 0.963114754098361;
17 98 0.74;
17 101 0.715447154471545;
18 19 0.955631399317406;
18 20 0.97196261682243;
18 21 0.96875;
18 22 0.938837920489297;
18 23 0.947826086956522;
18 24 0.860068259385666;
18 78 0.73546511627907;
18 79 0.777070063694268;
18 80 0.960227272727273;
18 81 0.956896551724138;
18 82 0.912891986062718;
18 86 0.734982332155477;
18 87 0.972332015810277;
18 88 0.969101123595506;
18 90 0.726726726726727;
18 91 0.70926517571885;
18 92 0.969899665551839;
18 93 0.752906976744186;
18 94 0.780405405405405;
18 95 0.747720364741641;
18 98 0.946587537091988;
19 20 0.984575835475578;
19 21 0.979214780600462;
19 22 0.952380952380952;
19 23 0.967816091954023;
19 24 0.906493506493506;
19 30 0.590361445783133;
19 78 0.708045977011494;
19 79 0.774869109947644;
19 80 0.959677419354839;
19 81 0.977272727272727;
19 82 0.930434782608696;
19 86 0.726790450928382;
19 87 0.97953216374269;
19 88 0.975280898876404;
19 90 0.703504043126685;
19 91 0.705159705159705;
19 92 0.979381443298969;
19 93 0.741860465116279;
19 94 0.742268041237113;
19 95 0.719714964370546;
19 98 0.962174940898345;
19 101 0.989010989010989;
20 21 0.989775051124744;
20 22 0.961995249406176;
20 23 0.971134020618557;
20 24 0.912359550561798;
20 78 0.745341614906832;
20 79 0.778523489932886;
20 80 0.976798143851508;
20 81 0.977178423236514;
20 82 0.92713567839196;
20 86 0.747044917257683;
20 87 0.987244897959184;
20 88 0.985537190082645;
20 90 0.722488038277512;
20 91 0.732584269662921;
20 92 0.984018264840183;
20 93 0.760593220338983;
20 94 0.756818181818182;
20 95 0.733615221987315;
20 98 0.976793248945148;
20 101 0.971428571428571;
21 22 0.959401709401709;
21 23 0.971910112359551;
21 24 0.914405010438413;
21 78 0.732824427480916;
21 79 0.77962577962578;
21 80 0.972631578947368;
21 81 0.977272727272727;
21 82 0.93006993006993;
21 86 0.746268656716418;
21 87 0.983490566037736;
21 88 0.979206049149338;
21 90 0.720430107526882;
21 91 0.727087576374745;
21 92 0.981481481481482;
21 93 0.752895752895753;
21 94 0.758474576271186;
21 95 0.736633663366337;
21 98 0.972972972972973;
21 101 0.983193277310924;
22 23 0.942430703624733;
22 24 0.919724770642202;
22 78 0.702586206896552;
22 79 0.743529411764706;
22 80 0.947136563876652;
22 81 0.948608137044968;
22 82 0.89159891598916;
22 86 0.729665071770335;
22 87 0.972677595628415;
22 88 0.954741379310345;
22 90 0.694196428571429;
22 91 0.68677494199536;
22 92 0.97624703087886;
22 93 0.731868131868132;
22 94 0.734299516908213;
22 95 0.704954954954955;
22 98 0.947368421052632;
22 101 0.986486486486487;
23 24 0.915113871635611;
23 78 0.738549618320611;
23 79 0.769230769230769;
23 80 0.964135021097046;
23 81 0.962192816635161;
23 82 0.910798122065728;
23 86 0.742553191489362;
23 87 0.974056603773585;
23 88 0.962335216572505;
23 90 0.708423326133909;
23 91 0.714285714285714;
23 92 0.973305954825462;
23 93 0.742307692307692;
23 94 0.75635593220339;
23 95 0.731755424063116;
23 98 0.959381044487427;
23 101 0.983739837398374;
24 78 0.688559322033898;
24 79 0.761574074074074;
24 80 0.898345153664303;
24 81 0.905660377358491;
24 82 0.832446808510638;
24 86 0.696261682242991;
24 87 0.936170212765957;
24 88 0.905063291139241;
24 90 0.679518072289157;
24 91 0.680272108843537;
24 92 0.939814814814815;
24 93 0.704741379310345;
24 94 0.733333333333333;
24 95 0.692307692307692;
24 98 0.909871244635193;
24 101 0.983193277310924;
25 26 0.818471337579618;
25 27 0.908011869436202;
25 28 0.914893617021277;
25 29 0.937888198757764;
25 30 0.882926829268293;
25 31 0.904477611940299;
25 32 0.920382165605096;
25 33 0.935393258426966;
25 34 0.786144578313253;
25 35 0.756838905775076;
25 36 0.741818181818182;
25 37 0.768072289156627;
25 38 0.740112994350282;
25 39 0.734104046242775;
25 40 0.713675213675214;
25 41 0.73900293255132;
25 42 0.751572327044025;
25 43 0.716763005780347;
25 44 0.71264367816092;
25 45 0.719879518072289;
25 46 0.730659025787966;
25 47 0.75609756097561;
25 48 0.75;
25 49 0.767326732673267;
25 50 0.745398773006135;
25 51 0.774691358024691;
25 52 0.752112676056338;
25 53 0.741641337386018;
25 54 0.714714714714715;
25 55 0.75;
25 56 0.658783783783784;
25 57 0.735191637630662;
25 58 0.791946308724832;
25 59 0.747800586510264;
25 60 0.712676056338028;
25 61 0.748538011695906;
25 62 0.717201166180758;
25 63 0.71919770773639;
25 64 0.731428571428571;
25 65 0.740524781341108;
25 66 0.738461538461539;
25 67 0.708333333333333;
25 68 0.895705521472393;
25 69 0.906515580736544;
25 70 0.890728476821192;
25 71 -0.259124087591241;
25 74 0.734870317002882;
25 75 0.768072289156627;
25 76 0.763636363636364;
25 77 0.79144385026738;
25 83 -0.25;
25 85 -0.318885448916409;
25 89 0.708708708708709;
25 96 0.699186991869919;
25 97 0.758720930232558;
25 99 0.654135338345865;
25 103 1;
26 27 0.791666666666667;
26 28 0.765807962529274;
26 29 0.773333333333333;
26 30 0.899280575539568;
26 31 0.842995169082126;
26 32 0.757918552036199;
26 33 0.758403361344538;
26 34 0.664414414414414;
26 35 0.649885583524027;
26 36 0.673575129533679;
26 37 0.648590021691974;
26 38 0.62993762993763;
26 39 0.623931623931624;
26 40 0.756410256410256;
26 41 0.650549450549451;
26 42 0.613686534216336;
26 43 0.61063829787234;
26 44 0.608421052631579;
26 45 0.619047619047619;
26 46 0.66875;
26 47 0.679372197309417;
26 48 0.661670235546039;
26 49 0.755555555555556;
26 50 0.745257452574526;
26 51 0.66;
26 52 0.64033264033264;
26 53 0.638888888888889;
26 54 0.614879649890591;
26 55 0.665207877461707;
26 56 0.585308056872038;
26 57 0.751937984496124;
26 58 0.776536312849162;
26 59 0.640425531914894;
26 60 0.662473794549266;
26 61 0.697459584295612;
26 62 0.649237472766884;
26 63 0.652078774617068;
26 64 0.621338912133891;
26 65 0.652631578947368;
26 66 0.594713656387665;
26 67 0.626898047722343;
26 68 0.760089686098655;
26 69 0.741525423728814;
26 70 0.737745098039216;
26 74 0.673684210526316;
26 75 0.652838427947598;
26 76 0.618483412322275;
26 77 0.777777777777778;
26 89 0.59825327510917;
26 96 0.60377358490566;
26 97 0.621739130434783;
26 99 0.732758620689655;
27 28 0.943965517241379;
27 29 0.934826883910387;
27 30 0.915857605177994;
27 31 0.899343544857768;
27 32 0.959139784946237;
27 33 0.940613026819923;
27 34 0.825462012320329;
27 35 0.797894736842105;
27 36 0.839416058394161;
27 37 0.832;
27 38 0.791271347248577;
27 39 0.793036750483559;
27 40 0.826470588235294;
27 41 0.806387225548902;
27 42 0.790650406504065;
27 43 0.787644787644788;
27 44 0.784615384615385;
27 45 0.778455284552846;
27 46 0.808795411089866;
27 47 0.80241935483871;
27 48 0.813725490196078;
27 49 0.851162790697674;
27 50 0.810473815461347;
27 51 0.812108559498956;
27 52 0.817142857142857;
27 53 0.811359026369168;
27 54 0.774647887323944;
27 55 0.817269076305221;
27 56 0.780851063829787;
27 57 0.830882352941177;
27 58 0.828877005347594;
27 59 0.804305283757339;
27 60 0.803088803088803;
27 61 0.843683083511777;
27 62 0.798403193612774;
27 63 0.802371541501976;
27 64 0.799227799227799;
27 65 0.794466403162055;
27 66 0.771255060728745;
27 67 0.773809523809524;
27 68 0.942740286298569;
27 69 0.947162426614481;
27 70 0.9;
27 71 -0.176991150442478;
27 74 0.815028901734104;
27 75 0.812877263581489;
27 76 0.805369127516778;
27 77 0.811023622047244;
27 83 -0.192229038854806;
27 85 -0.196261682242991;
27 89 0.760736196319018;
27 96 0.770531400966184;
27 97 0.796407185628742;
27 99 0.75;
27 102 0.658333333333333;
27 103 0.852459016393443;
28 29 0.937219730941704;
28 30 0.926573426573427;
28 31 0.91016548463357;
28 32 0.952702702702703;
28 33 0.942622950819672;
28 34 0.797752808988764;
28 35 0.760869565217391;
28 36 0.801033591731266;
28 37 0.786177105831533;
28 38 0.753564154786151;
28 39 0.757894736842105;
28 40 0.76;
28 41 0.76875;
28 42 0.753275109170306;
28 43 0.744813278008299;
28 44 0.734989648033126;
28 45 0.725877192982456;
28 46 0.74949083503055;
28 47 0.78125;
28 48 0.762105263157895;
28 49 0.79126213592233;
28 50 0.775456919060052;
28 51 0.778270509977827;
28 52 0.767206477732793;
28 53 0.755364806866953;
28 54 0.733050847457627;
28 55 0.766738660907127;
28 56 0.722863741339492;
28 57 0.755102040816326;
28 58 0.776041666666667;
28 59 0.756756756756757;
28 60 0.751020408163265;
28 61 0.788018433179724;
28 62 0.751578947368421;
28 63 0.770833333333333;
28 64 0.751552795031056;
28 65 0.748427672955975;
28 66 0.722100656455142;
28 67 0.725158562367865;
28 68 0.942982456140351;
28 69 0.916326530612245;
28 70 0.90293453724605;
28 71 -0.223270440251572;
28 74 0.747412008281574;
28 75 0.754201680672269;
28 76 0.753026634382567;
28 77 0.792207792207792;
28 83 -0.252212389380531;
28 85 -0.254672897196262;
28 89 0.720338983050847;
28 96 0.6953125;
28 97 0.747433264887064;
28 99 0.706730769230769;
28 102 0.596638655462185;
28 103 0.766666666666667;
29 30 0.933993399339934;
29 31 0.897025171624714;
29 32 0.934497816593886;
29 33 0.956175298804781;
29 34 0.769556025369979;
29 35 0.748927038626609;
29 36 0.780193236714976;
29 37 0.778008298755187;
29 38 0.741617357001972;
29 39 0.741035856573705;
29 40 0.753125;
29 41 0.753593429158111;
29 42 0.751054852320675;
29 43 0.736111111111111;
29 44 0.725450901803607;
29 45 0.722222222222222;
29 46 0.751984126984127;
29 47 0.749478079331942;
29 48 0.760479041916168;
29 49 0.798029556650246;
29 50 0.754521963824289;
29 51 0.770562770562771;
29 52 0.764822134387352;
29 53 0.764462809917355;
29 54 0.727272727272727;
29 55 0.759916492693111;
29 56 0.719298245614035;
29 57 0.786069651741294;
29 58 0.762295081967213;
29 59 0.749498997995992;
29 60 0.750996015936255;
29 61 0.794183445190157;
29 62 0.75;
29 63 0.751515151515151;
29 64 0.747514910536779;
29 65 0.748979591836735;
29 66 0.710144927536232;
29 67 0.724696356275304;
29 68 0.939834024896266;
29 69 0.928861788617886;
29 70 0.89749430523918;
29 74 0.759443339960239;
29 75 0.752066115702479;
29 76 0.757437070938215;
29 77 0.748987854251012;
29 83 -0.1875;
29 85 -0.174757281553398;
29 89 0.721991701244813;
29 96 0.743589743589744;
29 97 0.752083333333333;
29 99 0.673728813559322;
29 102 0.626086956521739;
29 103 0.803571428571429;
30 31 0.898305084745763;
30 32 0.921428571428571;
30 33 0.93015873015873;
30 34 0.782006920415225;
30 35 0.739130434782609;
30 36 0.777777777777778;
30 37 0.769491525423729;
30 38 0.739130434782609;
30 39 0.700315457413249;
30 40 0.779850746268657;
30 41 0.729903536977492;
30 42 0.716129032258065;
30 43 0.721518987341772;
30 44 0.718354430379747;
30 45 0.683168316831683;
30 46 0.726984126984127;
30 47 0.740484429065744;
30 48 0.713826366559486;
30 49 0.746153846153846;
30 50 0.726591760299625;
30 51 0.75503355704698;
30 52 0.740506329113924;
30 53 0.721311475409836;
30 54 0.696969696969697;
30 55 0.737373737373737;
30 56 0.738317757009346;
30 57 0.723636363636364;
30 58 0.725190839694656;
30 59 0.709779179810726;
30 60 0.722044728434505;
30 61 0.785185185185185;
30 62 0.705685618729097;
30 63 0.726708074534162;
30 64 0.70096463022508;
30 65 0.711111111111111;
30 66 0.670967741935484;
30 67 0.69281045751634;
30 68 0.898026315789474;
30 69 0.9;
30 70 0.899280575539568;
30 74 0.729903536977492;
30 75 0.717171717171717;
30 76 0.723636363636364;
30 77 0.797029702970297;
30 79 0.609318996415771;
30 89 0.691318327974277;
30 96 0.656;
30 97 0.711920529801324;
30 99 0.677018633540373;
30 101 0.648148148148148;
30 103 1;
31 32 0.897619047619048;
31 33 0.903966597077244;
31 34 0.784403669724771;
31 35 0.769585253456221;
31 36 0.761154855643045;
31 37 0.763676148796499;
31 38 0.732919254658385;
31 39 0.740976645435244;
31 40 0.745664739884393;
31 41 0.7527352297593;
31 42 0.751648351648352;
31 43 0.732776617954071;
31 44 0.726890756302521;
31 45 0.711409395973154;
31 46 0.738493723849372;
31 47 0.753393665158371;
31 48 0.751082251082251;
31 49 0.751173708920188;
31 50 0.738693467336683;
31 51 0.764044943820225;
31 52 0.764948453608247;
31 53 0.742152466367713;
31 54 0.720620842572062;
31 55 0.758771929824561;
31 56 0.715962441314554;
31 57 0.76865671641791;
31 58 0.768229166666667;
31 59 0.754273504273504;
31 60 0.736842105263158;
31 61 0.776744186046512;
31 62 0.730021598272138;
31 63 0.75764192139738;
31 64 0.753715498938429;
31 65 0.733766233766234;
31 66 0.711409395973154;
31 67 0.713062098501071;
31 68 0.883408071748879;
31 69 0.892177589852008;
31 70 0.895883777239709;
31 71 -0.196531791907514;
31 74 0.741596638655462;
31 75 0.745575221238938;
31 76 0.753056234718826;
31 77 0.76;
31 83 -0.168888888888889;
31 85 -0.232018561484919;
31 89 0.722222222222222;
31 96 0.707650273224044;
31 97 0.741150442477876;
31 99 0.729166666666667;
31 102 0.594202898550725;
31 103 1;
32 33 0.942268041237113;
32 34 0.793258426966292;
32 35 0.749435665914221;
32 36 0.787179487179487;
32 37 0.78372591006424;
32 38 0.740816326530612;
32 39 0.743697478991597;
32 40 0.742765273311897;
32 41 0.758620689655172;
32 42 0.750537634408602;
32 43 0.738493723849372;
32 44 0.725206611570248;
32 45 0.715217391304348;
32 46 0.759753593429158;
32 47 0.776548672566372;
32 48 0.762605042016807;
32 49 0.778947368421053;
32 50 0.761517615176152;
32 51 0.761692650334076;
32 52 0.764826175869121;
32 53 0.760683760683761;
32 54 0.719827586206897;
32 55 0.767590618336887;
32 56 0.717592592592593;
32 57 0.777493606138107;
32 58 0.763848396501458;
32 59 0.751578947368421;
32 60 0.749482401656315;
32 61 0.785046728971963;
32 62 0.742004264392324;
32 63 0.757510729613734;
32 64 0.74639175257732;
32 65 0.746861924686193;
32 66 0.706140350877193;
32 67 0.718220338983051;
32 68 0.938325991189427;
32 69 0.937369519832985;
32 70 0.89838337182448;
32 71 -0.165109034267913;
32 74 0.759834368530021;
32 75 0.752711496746204;
32 76 0.753588516746411;
32 77 0.774891774891775;
32 83 -0.224622030237581;
32 85 -0.2275;
32 89 0.716129032258065;
32 96 0.708955223880597;
32 97 0.756813417190776;
32 99 0.694323144104803;
32 102 0.638655462184874;
32 103 0.819672131147541;
33 34 0.779324055666004;
33 35 0.74749498997996;
33 36 0.770833333333333;
33 37 0.772466539196941;
33 38 0.737793851717902;
33 39 0.740671641791045;
33 40 0.750692520775623;
33 41 0.745247148288973;
33 42 0.748549323017408;
33 43 0.737037037037037;
33 44 0.719266055045872;
33 45 0.714007782101167;
33 46 0.740875912408759;
33 47 0.764822134387352;
33 48 0.753759398496241;
33 49 0.759259259259259;
33 50 0.733812949640288;
33 51 0.756;
33 52 0.756805807622504;
33 53 0.744186046511628;
33 54 0.725;
33 55 0.757225433526012;
33 56 0.714867617107943;
33 57 0.762237762237762;
33 58 0.754430379746835;
33 59 0.742056074766355;
33 60 0.740331491712707;
33 61 0.774193548387097;
33 62 0.731939163498099;
33 63 0.750476190476191;
33 64 0.738888888888889;
33 65 0.732580037664783;
33 66 0.710679611650485;
33 67 0.709981167608286;
33 68 0.93359375;
33 69 0.927374301675978;
33 70 0.887234042553191;
33 71 -0.197222222222222;
33 74 0.748613678373383;
33 75 0.749518304431599;
33 76 0.753715498938429;
33 77 0.765384615384615;
33 83 -0.196531791907514;
33 85 -0.224175824175824;
33 89 0.712621359223301;
33 96 0.724373576309795;
33 97 0.737547892720307;
33 99 0.688715953307393;
33 102 0.642857142857143;
33 103 0.830769230769231;
34 35 0.978165938864629;
34 36 0.954314720812183;
34 37 0.958847736625514;
34 38 0.974409448818898;
34 39 0.967413441955194;
34 40 0.954819277108434;
34 41 0.943983402489627;
34 42 0.968421052631579;
34 43 0.957661290322581;
34 44 0.962;
34 45 0.9581589958159;
34 46 0.934653465346535;
34 47 0.910416666666667;
34 48 0.936991869918699;
34 49 0.948356807511737;
34 50 0.959183673469388;
34 51 0.970338983050847;
34 52 0.974358974358974;
34 53 0.962264150943396;
34 54 0.951882845188284;
34 55 0.920502092050209;
34 56 0.946547884187082;
34 57 0.966921119592875;
34 58 0.972375690607735;
34 59 0.963488843813387;
34 60 0.930555555555556;
34 61 0.93816631130064;
34 62 0.910973084886128;
34 63 0.93801652892562;
34 64 0.970059880239521;
34 65 0.924489795918367;
34 66 0.941299790356394;
34 67 0.914285714285714;
34 68 0.789915966386555;
34 69 0.777327935222672;
34 70 0.75990675990676;
34 71 -0.182926829268293;
34 74 0.942115768463074;
34 75 0.949790794979079;
34 76 0.974537037037037;
34 77 0.967611336032389;
34 83 -0.230932203389831;
34 85 -0.247641509433962;
34 89 0.949473684210526;
34 96 0.905612244897959;
34 97 0.975308641975309;
34 99 0.956140350877193;
34 100 -0.223140495867769;
34 102 0.842105263157895;
34 103 0.672131147540984;
35 36 0.9559902200489;
35 37 0.947698744769874;
35 38 0.94831013916501;
35 39 0.953156822810591;
35 40 0.945244956772334;
35 41 0.957230142566191;
35 42 0.961538461538462;
35 43 0.941649899396378;
35 44 0.941295546558704;
35 45 0.937106918238994;
35 46 0.942115768463074;
35 47 0.91991341991342;
35 48 0.949698189134809;
35 49 0.95609756097561;
35 50 0.962216624685139;
35 51 0.961206896551724;
35 52 0.962075848303393;
35 53 0.95531914893617;
35 54 0.935817805383023;
35 55 0.920833333333333;
35 56 0.929864253393665;
35 57 0.971576227390181;
35 58 0.956410256410256;
35 59 0.947895791583166;
35 60 0.933867735470942;
35 61 0.945054945054945;
35 62 0.911949685534591;
35 63 0.920892494929006;
35 64 0.953722334004024;
35 65 0.931958762886598;
35 66 0.916142557651992;
35 67 0.888888888888889;
35 68 0.758985200845666;
35 69 0.752;
35 70 0.759433962264151;
35 74 0.944223107569721;
35 75 0.948132780082988;
35 76 0.96127562642369;
35 77 0.952586206896552;
35 83 -0.219354838709677;
35 85 -0.214452214452214;
35 89 0.94478527607362;
35 96 0.917525773195876;
35 97 0.958071278825996;
35 99 0.956331877729258;
35 100 -0.228813559322034;
35 102 0.879310344827586;
35 103 0.75;
36 37 0.940191387559809;
36 38 0.928899082568807;
36 39 0.941724941724942;
36 40 0.956666666666667;
36 41 0.966981132075472;
36 42 0.928217821782178;
36 43 0.92018779342723;
36 44 0.925058548009368;
36 45 0.920863309352518;
36 46 0.944444444444444;
36 47 0.945945945945946;
36 48 0.957647058823529;
36 49 0.942528735632184;
36 50 0.956521739130435;
36 51 0.953545232273839;
36 52 0.953917050691244;
36 53 0.956310679611651;
36 54 0.928571428571429;
36 55 0.951219512195122;
36 56 0.944444444444444;
36 57 0.983098591549296;
36 58 0.95166163141994;
36 59 0.936619718309859;
36 60 0.957647058823529;
36 61 0.968;
36 62 0.944578313253012;
36 63 0.937062937062937;
36 64 0.948837209302326;
36 65 0.957142857142857;
36 66 0.882903981264637;
36 67 0.898104265402844;
36 68 0.785888077858881;
36 69 0.786206896551724;
36 70 0.791891891891892;
36 74 0.955503512880562;
36 75 0.942028985507246;
36 76 0.932249322493225;
36 77 0.957894736842105;
36 83 -0.22463768115942;
36 85 -0.198924731182796;
36 89 0.922352941176471;
36 96 0.947674418604651;
36 97 0.931372549019608;
36 99 0.960975609756098;
36 100 -0.306930693069307;
36 102 0.958333333333333;
36 103 0.957446808510638;
37 38 0.941287878787879;
37 39 0.953125;
37 40 0.930635838150289;
37 41 0.930278884462151;
37 42 0.955645161290323;
37 43 0.947674418604651;
37 44 0.948176583493282;
37 45 0.936;
37 46 0.922053231939164;
37 47 0.91468253968254;
37 48 0.931237721021611;
37 49 0.940639269406393;
37 50 0.949880668257757;
37 51 0.958762886597938;
37 52 0.967741935483871;
37 53 0.953629032258065;
37 54 0.952286282306163;
37 55 0.912175648702595;
37 56 0.933760683760684;
37 57 0.948780487804878;
37 58 0.957894736842105;
37 59 0.955165692007797;
37 60 0.917307692307692;
37 61 0.925690021231423;
37 62 0.899009900990099;
37 63 0.916167664670659;
37 64 0.963461538461538;
37 65 0.915354330708661;
37 66 0.929577464788732;
37 67 0.891518737672584;
37 68 0.801635991820041;
37 69 0.778640776699029;
37 70 0.74496644295302;
37 71 -0.166666666666667;
37 74 0.919075144508671;
37 75 0.928429423459245;
37 76 0.963597430406852;
37 77 0.957854406130268;
37 83 -0.207317073170732;
37 85 -0.209195402298851;
37 89 0.939148073022312;
37 96 0.891566265060241;
37 97 0.968127490039841;
37 99 0.974683544303797;
37 100 -0.21551724137931;
37 102 0.80952380952381;
37 103 0.682539682539683;
38 39 0.957486136783734;
38 40 0.950819672131147;
38 41 0.933962264150943;
38 42 0.950191570881226;
38 43 0.941176470588235;
38 44 0.943636363636364;
38 45 0.94990366088632;
38 46 0.920433996383363;
38 47 0.904109589041096;
38 48 0.916201117318436;
38 49 0.932432432432432;
38 50 0.950118764845606;
38 51 0.964356435643564;
38 52 0.956834532374101;
38 53 0.946257197696737;
38 54 0.942857142857143;
38 55 0.912380952380952;
38 56 0.93158953722334;
38 57 0.947004608294931;
38 58 0.9375;
38 59 0.951851851851852;
38 60 0.910583941605839;
38 61 0.925101214574899;
38 62 0.909604519774011;
38 63 0.916824196597353;
38 64 0.943119266055046;
38 65 0.91214953271028;
38 66 0.928846153846154;
38 67 0.904850746268657;
38 68 0.768932038834951;
38 69 0.733826247689464;
38 70 0.722105263157895;
38 74 0.921389396709324;
38 75 0.940839694656489;
38 76 0.964285714285714;
38 77 0.9812734082397;
38 83 -0.18568665377176;
38 85 -0.197826086956522;
38 89 0.938461538461538;
38 96 0.892448512585812;
38 97 0.969639468690702;
38 99 0.953125;
38 100 -0.198529411764706;
38 102 0.80952380952381;
38 103 0.661538461538462;
39 40 0.937677053824363;
39 41 0.92485549132948;
39 42 0.95069033530572;
39 43 0.949626865671642;
39 44 0.943714821763602;
39 45 0.964426877470356;
39 46 0.921641791044776;
39 47 0.918326693227092;
39 48 0.933078393881453;
39 49 0.935779816513762;
39 50 0.952038369304556;
39 51 0.977687626774848;
39 52 0.960966542750929;
39 53 0.946428571428571;
39 54 0.968871595330739;
39 55 0.908023483365949;
39 56 0.924335378323108;
39 57 0.947743467933492;
39 58 0.951530612244898;
39 59 0.973333333333333;
39 60 0.915413533834586;
39 61 0.918580375782881;
39 62 0.91812865497076;
39 63 0.91412213740458;
39 64 0.977443609022556;
39 65 0.909090909090909;
39 66 0.932938856015779;
39 67 0.914893617021277;
39 68 0.767395626242545;
39 69 0.74236641221374;
39 70 0.722222222222222;
39 74 0.923076923076923;
39 75 0.940944881889764;
39 76 0.96969696969697;
39 77 0.958333333333333;
39 83 -0.202380952380952;
39 85 -0.21123595505618;
39 89 0.958333333333333;
39 96 0.917647058823529;
39 97 0.970588235294118;
39 99 0.963114754098361;
39 100 -0.256;
39 102 0.842105263157895;
39 103 0.636363636363636;
40 41 0.951704545454545;
40 42 0.922155688622755;
40 43 0.952513966480447;
40 44 0.947513812154696;
40 45 0.92463768115942;
40 46 0.925414364640884;
40 47 0.926380368098159;
40 48 0.933908045977011;
40 49 0.949152542372881;
40 50 0.956521739130435;
40 51 0.943019943019943;
40 52 0.96969696969697;
40 53 0.954819277108434;
40 54 0.943502824858757;
40 55 0.937321937321937;
40 56 0.957983193277311;
40 57 0.979933110367893;
40 58 0.942567567567568;
40 59 0.943820224719101;
40 60 0.958217270194986;
40 61 0.9875;
40 62 0.931428571428571;
40 63 0.96045197740113;
40 64 0.935933147632312;
40 65 0.917613636363636;
40 66 0.885386819484241;
40 67 0.917142857142857;
40 68 0.782089552238806;
40 69 0.763586956521739;
40 70 0.748299319727891;
40 74 0.950276243093923;
40 75 0.951428571428571;
40 76 0.938775510204082;
40 77 0.954081632653061;
40 89 0.930635838150289;
40 96 0.938848920863309;
40 97 0.955621301775148;
40 99 0.944954128440367;
40 102 1;
40 103 1;
41 42 0.93158953722334;
41 43 0.918095238095238;
41 44 0.925287356321839;
41 45 0.914807302231237;
41 46 0.963946869070209;
41 47 0.946502057613169;
41 48 0.968688845401174;
41 49 0.948598130841122;
41 50 0.973557692307692;
41 51 0.943632567849687;
41 52 0.945179584120983;
41 53 0.961616161616162;
41 54 0.911823647294589;
41 55 0.962;
41 56 0.913865546218487;
41 57 0.97051597051597;
41 58 0.969309462915601;
41 59 0.929961089494163;
41 60 0.96551724137931;
41 61 0.961538461538462;
41 62 0.95427435387674;
41 63 0.931297709923664;
41 64 0.936416184971098;
41 65 0.968503937007874;
41 66 0.888663967611336;
41 67 0.911417322834646;
41 68 0.773469387755102;
41 69 0.746666666666667;
41 70 0.74835886214442;
41 71 -0.171091445427729;
41 74 0.969230769230769;
41 75 0.963855421686747;
41 76 0.926829268292683;
41 77 0.962962962962963;
41 83 -0.246435845213849;
41 85 -0.228187919463087;
41 89 0.913385826771654;
41 96 0.951219512195122;
41 97 0.932135728542914;
41 99 0.98326359832636;
41 100 -0.255639097744361;
41 102 1;
41 103 0.966101694915254;
42 43 0.941176470588235;
42 44 0.945736434108527;
42 45 0.938398357289528;
42 46 0.930635838150289;
42 47 0.908141962421712;
42 48 0.924752475247525;
42 49 0.941176470588235;
42 50 0.961240310077519;
42 51 0.959915611814346;
42 52 0.961612284069098;
42 53 0.950920245398773;
42 54 0.941176470588235;
42 55 0.908722109533469;
42 56 0.926565874730022;
42 57 0.95;
42 58 0.939890710382514;
42 59 0.952662721893491;
42 60 0.906614785992218;
42 61 0.917391304347826;
42 62 0.919517102615694;
42 63 0.921212121212121;
42 64 0.94921875;
42 65 0.912;
42 66 0.917695473251029;
42 67 0.88622754491018;
42 68 0.761316872427984;
42 69 0.733727810650888;
42 70 0.726495726495726;
42 74 0.91796875;
42 75 0.930894308943089;
42 76 0.955223880597015;
42 77 0.957692307692308;
42 83 -0.199186991869919;
42 85 -0.208430913348946;
42 89 0.940329218106996;
42 96 0.895104895104895;
42 97 0.959514170040486;
42 99 0.965217391304348;
42 100 -0.226277372262774;
42 102 0.826771653543307;
42 103 0.661538461538462;
43 44 0.927374301675978;
43 45 0.928994082840237;
43 46 0.913123844731978;
43 47 0.906560636182903;
43 48 0.92952380952381;
43 49 0.903669724770642;
43 50 0.926190476190476;
43 51 0.95959595959596;
43 52 0.957642725598527;
43 53 0.950884086444008;
43 54 0.939453125;
43 55 0.895752895752896;
43 56 0.937246963562753;
43 57 0.945368171021378;
43 58 0.947103274559194;
43 59 0.939508506616257;
43 60 0.908752327746741;
43 61 0.920081967213115;
43 62 0.887814313346228;
43 63 0.910815939278937;
43 64 0.949343339587242;
43 65 0.898467432950192;
43 66 0.925049309664694;
43 67 0.895635673624288;
43 68 0.757455268389662;
43 69 0.732075471698113;
43 70 0.703389830508475;
43 74 0.910946196660482;
43 75 0.923976608187134;
43 76 0.951063829787234;
43 77 0.950570342205323;
43 83 -0.216269841269841;
43 85 -0.232142857142857;
43 89 0.927875243664717;
43 96 0.882352941176471;
43 97 0.957281553398058;
43 99 0.959839357429719;
43 100 -0.2265625;
43 102 0.829059829059829;
43 103 0.642857142857143;
44 45 0.931640625;
44 46 0.910091743119266;
44 47 0.902777777777778;
44 48 0.911320754716981;
44 49 0.972477064220184;
44 50 0.946987951807229;
44 51 0.947791164658635;
44 52 0.961678832116788;
44 53 0.94541910331384;
44 54 0.941972920696325;
44 55 0.903474903474903;
44 56 0.941056910569106;
44 57 0.946009389671362;
44 58 0.931122448979592;
44 59 0.949438202247191;
44 60 0.924214417744917;
44 61 0.919753086419753;
44 62 0.91412213740458;
44 63 0.915547024952015;
44 64 0.942379182156134;
44 65 0.9146110056926;
44 66 0.923828125;
44 67 0.882575757575758;
44 68 0.753937007874016;
44 69 0.718574108818011;
44 70 0.707264957264957;
44 74 0.91635687732342;
44 75 0.924710424710425;
44 76 0.951063829787234;
44 77 0.977358490566038;
44 83 -0.190196078431373;
44 85 -0.186666666666667;
44 89 0.937377690802348;
44 96 0.89838337182448;
44 97 0.959537572254335;
44 99 0.96078431372549;
44 100 -0.233082706766917;
44 102 0.853658536585366;
44 103 0.6875;
45 46 0.903288201160542;
45 47 0.91340206185567;
45 48 0.915851272015656;
45 49 0.931372549019608;
45 50 0.946428571428571;
45 51 0.960662525879917;
45 52 0.94980694980695;
45 53 0.939024390243902;
45 54 0.961923847695391;
45 55 0.888438133874239;
45 56 0.908496732026144;
45 57 0.941176470588235;
45 58 0.932642487046632;
45 59 0.962890625;
45 60 0.894324853228963;
45 61 0.908496732026144;
45 62 0.913654618473896;
45 63 0.897590361445783;
45 64 0.955339805825243;
45 65 0.899799599198397;
45 66 0.924151696606786;
45 67 0.903353057199211;
45 68 0.741935483870968;
45 69 0.715415019762846;
45 70 0.694760820045558;
45 74 0.910331384015595;
45 75 0.947895791583166;
45 76 0.961968680089485;
45 77 0.930612244897959;
45 83 -0.192946058091286;
45 85 -0.186480186480186;
45 89 0.95850622406639;
45 96 0.904878048780488;
45 97 0.96734693877551;
45 99 0.93574297188755;
45 100 -0.262295081967213;
45 102 0.852459016393443;
45 103 0.682539682539683;
46 47 0.943025540275049;
46 48 0.960893854748603;
46 49 0.936073059360731;
46 50 0.945497630331754;
46 51 0.928853754940711;
46 52 0.933092224231465;
46 53 0.94015444015444;
46 54 0.910133843212237;
46 55 0.94263862332696;
46 56 0.904665314401623;
46 57 0.956221198156682;
46 58 0.9525;
46 59 0.916201117318436;
46 60 0.946788990825688;
46 61 0.940936863543788;
46 62 0.931558935361217;
46 63 0.903041825095057;
46 64 0.920810313075506;
46 65 0.956766917293233;
46 66 0.895752895752896;
46 67 0.900749063670412;
46 68 0.763671875;
46 69 0.747211895910781;
46 70 0.733615221987315;
46 74 0.974405850091408;
46 75 0.958095238095238;
46 76 0.926160337552743;
46 77 0.942965779467681;
46 83 -0.233463035019455;
46 85 -0.210065645514223;
46 89 0.915057915057915;
46 96 0.940503432494279;
46 97 0.927893738140417;
46 99 0.953307392996109;
46 100 -0.264705882352941;
46 102 0.984126984126984;
46 103 0.938461538461538;
47 48 0.965656565656566;
47 49 0.930555555555556;
47 50 0.928746928746929;
47 51 0.920770877944325;
47 52 0.919607843137255;
47 53 0.931392931392931;
47 54 0.923553719008264;
47 55 0.927536231884058;
47 56 0.883516483516483;
47 57 0.944444444444444;
47 58 0.945054945054945;
47 59 0.911468812877264;
47 60 0.944333996023857;
47 61 0.920704845814978;
47 62 0.94020618556701;
47 63 0.894736842105263;
47 64 0.91501976284585;
47 65 0.935091277890467;
47 66 0.910602910602911;
47 67 0.910569105691057;
47 68 0.780082987551867;
47 69 0.756048387096774;
47 70 0.743181818181818;
47 71 -0.194202898550725;
47 74 0.944554455445545;
47 75 0.958333333333333;
47 76 0.926339285714286;
47 77 0.933852140077821;
47 83 -0.251585623678647;
47 85 -0.233173076923077;
47 89 0.911392405063291;
47 96 0.949367088607595;
47 97 0.929606625258799;
47 99 0.963800904977376;
47 100 -0.279279279279279;
47 102 1;
47 103 0.967213114754098;
48 49 0.94954128440367;
48 50 0.953658536585366;
48 51 0.932926829268293;
48 52 0.938432835820896;
48 53 0.946428571428571;
48 54 0.92156862745098;
48 55 0.93503937007874;
48 56 0.888888888888889;
48 57 0.957345971563981;
48 58 0.953846153846154;
48 59 0.920604914933837;
48 60 0.954631379962193;
48 61 0.94327731092437;
48 62 0.935420743639922;
48 63 0.908382066276803;
48 64 0.937853107344633;
48 65 0.953398058252427;
48 66 0.904109589041096;
48 67 0.908571428571429;
48 68 0.769230769230769;
48 69 0.758620689655172;
48 70 0.73202614379085;
48 74 0.954887218045113;
48 75 0.962890625;
48 76 0.934182590233546;
48 77 0.938461538461538;
48 83 -0.228915662650602;
48 85 -0.214932126696833;
48 89 0.920477137176938;
48 96 0.942857142857143;
48 97 0.937254901960784;
48 99 0.952191235059761;
48 100 -0.248;
48 102 0.983739837398374;
48 103 0.938461538461538;
49 50 0.944954128440367;
49 51 0.95049504950495;
49 52 0.95067264573991;
49 53 0.942105263157895;
49 54 0.946078431372549;
49 55 0.905940594059406;
49 56 0.917159763313609;
49 57 0.963636363636364;
49 58 0.92;
49 59 0.927272727272727;
49 60 0.95045045045045;
49 61 0.947619047619048;
49 62 0.94392523364486;
49 63 0.932735426008969;
49 64 0.936073059360731;
49 65 0.930555555555556;
49 66 0.960591133004926;
49 67 0.892523364485981;
49 68 0.790697674418605;
49 69 0.768181818181818;
49 70 0.757009345794392;
49 71 -0.287735849056604;
49 72 -0.237209302325581;
49 73 -0.256880733944954;
49 74 0.934883720930233;
49 75 0.942583732057416;
49 76 0.943589743589744;
49 77 0.960526315789474;
49 83 -0.293814432989691;
49 84 -0.321428571428571;
49 85 -0.360189573459716;
49 89 0.935960591133005;
49 96 0.9;
49 97 0.95260663507109;
50 51 0.969465648854962;
50 52 0.969339622641509;
50 53 0.966836734693878;
50 54 0.941919191919192;
50 55 0.942065491183879;
50 56 0.924528301886792;
50 57 0.957865168539326;
50 58 0.951566951566952;
50 59 0.961070559610706;
50 60 0.954761904761905;
50 61 0.960106382978723;
50 62 0.950248756218905;
50 63 0.950118764845606;
50 64 0.956834532374101;
50 65 0.948655256723716;
50 66 0.926395939086294;
50 67 0.918114143920596;
50 68 0.765463917525773;
50 69 0.754137115839243;
50 70 0.737430167597765;
50 71 -0.165137614678899;
50 74 0.952038369304556;
50 75 0.959798994974874;
50 76 0.955555555555556;
50 77 0.949579831932773;
50 83 -0.20671834625323;
50 85 -0.246113989637306;
50 89 0.940740740740741;
50 96 0.941176470588235;
50 97 0.955223880597015;
50 99 0.968253968253968;
50 102 1;
51 52 0.976331360946746;
51 53 0.962105263157895;
51 54 0.965163934426229;
51 55 0.929313929313929;
51 56 0.941834451901566;
51 57 0.954773869346734;
51 58 0.957333333333333;
51 59 0.977777777777778;
51 60 0.918326693227092;
51 61 0.928571428571429;
51 62 0.930184804928131;
51 63 0.927385892116183;
51 64 0.976;
51 65 0.922290388548057;
51 66 0.921649484536082;
51 67 0.905930470347648;
51 68 0.771670190274841;
51 69 0.76056338028169;
51 70 0.755244755244755;
51 74 0.92814371257485;
51 75 0.942857142857143;
51 76 0.962529274004684;
51 77 0.959677419354839;
51 83 -0.197002141327623;
51 85 -0.215777262180974;
51 89 0.961945031712474;
51 96 0.921518987341772;
51 97 0.968879668049793;
51 99 0.97008547008547;
51 100 -0.211009174311927;
51 102 0.814432989690722;
51 103 0.647058823529412;
52 53 0.967307692307692;
52 54 0.952198852772467;
52 55 0.927342256214149;
52 56 0.94949494949495;
52 57 0.969907407407407;
52 58 0.95273631840796;
52 59 0.966604823747681;
52 60 0.928832116788321;
52 61 0.945344129554656;
52 62 0.924953095684803;
52 63 0.945075757575758;
52 64 0.968807339449541;
52 65 0.923220973782772;
52 66 0.930635838150289;
52 67 0.902621722846442;
52 68 0.780155642023346;
52 69 0.755555555555556;
52 70 0.732217573221757;
52 71 -0.162534435261708;
52 74 0.93394495412844;
52 75 0.944550669216061;
52 76 0.968421052631579;
52 77 0.966292134831461;
52 83 -0.211650485436893;
52 85 -0.216630196936543;
52 89 0.947876447876448;
52 96 0.912844036697248;
52 97 0.973434535104364;
52 99 0.976470588235294;
52 100 -0.225563909774436;
52 102 0.853658536585366;
52 103 0.672131147540984;
53 54 0.93265306122449;
53 55 0.938775510204082;
53 56 0.932754880694143;
53 57 0.964285714285714;
53 58 0.966145833333333;
53 59 0.958498023715415;
53 60 0.935672514619883;
53 61 0.928104575163399;
53 62 0.933198380566802;
53 63 0.941295546558704;
53 64 0.953216374269006;
53 65 0.94234592445328;
53 66 0.925773195876289;
53 67 0.912;
53 68 0.773858921161826;
53 69 0.748031496062992;
53 70 0.729545454545454;
53 74 0.949119373776908;
53 75 0.946830265848671;
53 76 0.948660714285714;
53 77 0.970833333333333;
53 83 -0.239350912778905;
53 85 -0.205607476635514;
53 89 0.933601609657948;
53 96 0.926829268292683;
53 97 0.956;
53 99 0.976470588235294;
53 100 -0.244444444444444;
53 102 0.904;
53 103 0.784615384615385;
54 55 0.898;
54 56 0.920258620689655;
54 57 0.949152542372881;
54 58 0.937823834196891;
54 59 0.960707269155206;
54 60 0.89922480620155;
54 61 0.90343347639485;
54 62 0.907114624505929;
54 63 0.894211576846307;
54 64 0.961612284069098;
54 65 0.893069306930693;
54 66 0.928;
54 67 0.902390438247012;
54 68 0.760736196319018;
54 69 0.726027397260274;
54 70 0.704845814977974;
54 74 0.911196911196911;
54 75 0.933723196881092;
54 76 0.964044943820225;
54 77 0.950207468879668;
54 83 -0.190184049079755;
54 85 -0.189931350114416;
54 89 0.973360655737705;
54 96 0.91747572815534;
54 97 0.973947895791583;
54 99 0.950819672131147;
54 100 -0.24812030075188;
54 102 0.83739837398374;
54 103 0.723076923076923;
55 56 0.896995708154506;
55 57 0.95343137254902;
55 58 0.94973544973545;
55 59 0.91796875;
55 60 0.936046511627907;
55 61 0.937901498929336;
55 62 0.940357852882704;
55 63 0.907815631262525;
55 64 0.906976744186046;
55 65 0.954545454545455;
55 66 0.878787878787879;
55 67 0.889763779527559;
55 68 0.782340862422998;
55 69 0.754420432220039;
55 70 0.741573033707865;
55 74 0.948176583493282;
55 75 0.94234592445328;
55 76 0.902869757174393;
55 77 0.959183673469388;
55 83 -0.232989690721649;
55 85 -0.20979020979021;
55 89 0.896969696969697;
55 96 0.940047961630695;
55 97 0.913480885311871;
55 99 0.963562753036437;
55 100 -0.272727272727273;
55 102 0.967213114754098;
55 103 1;
56 57 0.957104557640751;
56 58 0.927113702623907;
56 59 0.925311203319502;
56 60 0.909836065573771;
56 61 0.914746543778802;
56 62 0.889830508474576;
56 63 0.924843423799583;
56 64 0.923711340206186;
56 65 0.892177589852008;
56 66 0.904347826086957;
56 67 0.869198312236287;
56 68 0.74398249452954;
56 69 0.717255717255717;
56 70 0.703962703962704;
56 74 0.909465020576132;
56 75 0.905172413793103;
56 76 0.921052631578947;
56 77 0.9182156133829;
56 89 0.917211328976035;
56 96 0.889763779527559;
56 97 0.931623931623932;
56 99 0.967871485943775;
56 100 -0.230769230769231;
56 102 0.840336134453782;
56 103 0.660714285714286;
57 58 0.943181818181818;
57 59 0.95;
57 60 0.967136150234742;
57 61 0.989389920424403;
57 62 0.953771289537713;
57 63 0.963325183374083;
57 64 0.950934579439252;
57 65 0.957244655581948;
57 66 0.91421568627451;
57 67 0.91304347826087;
57 68 0.79950495049505;
57 69 0.771764705882353;
57 70 0.732782369146005;
57 71 -0.170731707317073;
57 74 0.965116279069767;
57 75 0.961259079903148;
57 76 0.960674157303371;
57 77 0.939698492462312;
57 83 -0.204819277108434;
57 85 -0.2075;
57 89 0.934466019417476;
57 96 0.94413407821229;
57 97 0.96144578313253;
57 99 0.949790794979079;
57 102 1;
57 103 1;
58 59 0.949748743718593;
58 60 0.944584382871537;
58 61 0.949152542372881;
58 62 0.928759894459103;
58 63 0.92051282051282;
58 64 0.946700507614213;
58 65 0.948453608247423;
58 66 0.903394255874674;
58 67 0.923664122137405;
58 68 0.796791443850267;
58 69 0.76865671641791;
58 70 0.782738095238095;
58 71 -0.210714285714286;
58 74 0.959697732997481;
58 75 0.956410256410256;
58 76 0.958333333333333;
58 77 0.98;
58 83 -0.253369272237197;
58 85 -0.251282051282051;
58 89 0.930591259640103;
58 96 0.927152317880795;
58 97 0.953488372093023;
58 99 0.97979797979798;
58 100 -0.166666666666667;
58 102 0.934426229508197;
58 103 1;
59 60 0.914179104477612;
59 61 0.917184265010352;
59 62 0.937984496124031;
59 63 0.916179337231969;
59 64 0.971698113207547;
59 65 0.907869481765835;
59 66 0.92578125;
59 67 0.901140684410646;
59 68 0.771653543307087;
59 69 0.744761904761905;
59 70 0.73695652173913;
59 74 0.926415094339623;
59 75 0.940269749518304;
59 76 0.959488272921109;
59 77 0.958490566037736;
59 83 -0.197211155378486;
59 85 -0.193763919821826;
59 89 0.956262425447316;
59 96 0.92688679245283;
59 97 0.96875;
59 99 0.968253968253968;
59 100 -0.24390243902439;
59 102 0.851239669421488;
59 103 0.692307692307692;
60 61 0.971602434077079;
60 62 0.940613026819923;
60 63 0.923224568138196;
60 64 0.916201117318436;
60 65 0.958412098298677;
60 66 0.892367906066536;
60 67 0.901140684410646;
60 68 0.767258382642998;
60 69 0.737335834896811;
60 70 0.729211087420043;
60 74 0.959334565619224;
60 75 0.946153846153846;
60 76 0.916666666666667;
60 77 0.958174904942966;
60 83 -0.240157480314961;
60 85 -0.215859030837004;
60 89 0.8984375;
60 96 0.953379953379953;
60 97 0.919230769230769;
60 99 0.943775100401606;
60 100 -0.259541984732824;
60 102 0.983471074380165;
60 103 0.968253968253968;
61 62 0.942796610169492;
61 63 0.931477516059957;
61 64 0.923868312757202;
61 65 0.941422594142259;
61 66 0.889370932754881;
61 67 0.889352818371608;
61 68 0.795652173913043;
61 69 0.768267223382046;
61 70 0.750599520383693;
61 71 -0.18125;
61 74 0.950920245398773;
61 75 0.948936170212766;
61 76 0.923809523809524;
61 77 0.95;
61 83 -0.257510729613734;
61 85 -0.260340632603406;
61 89 0.892241379310345;
61 96 0.932114882506527;
61 97 0.927813163481953;
61 99 0.943396226415094;
61 100 -0.218487394957983;
61 102 0.963302752293578;
61 103 0.9;
62 63 0.902777777777778;
62 64 0.917624521072797;
62 65 0.93909626719057;
62 66 0.875502008032129;
62 67 0.9;
62 68 0.758130081300813;
62 69 0.729571984435798;
62 70 0.720779220779221;
62 74 0.942307692307692;
62 75 0.942687747035573;
62 76 0.9;
62 77 0.921875;
62 83 -0.224032586558045;
62 85 -0.2;
62 89 0.904471544715447;
62 96 0.958937198067633;
62 97 0.914851485148515;
62 99 0.941908713692946;
62 100 -0.25;
62 102 1;
62 103 0.966666666666667;
63 64 0.915547024952015;
63 65 0.90138067061144;
63 66 0.875;
63 67 0.883858267716535;
63 68 0.783838383838384;
63 69 0.74236641221374;
63 70 0.743478260869565;
63 74 0.919540229885057;
63 75 0.905432595573441;
63 76 0.911111111111111;
63 77 0.940944881889764;
63 83 -0.202453987730061;
63 85 -0.208520179372197;
63 89 0.903353057199211;
63 96 0.887530562347188;
63 97 0.918;
63 99 0.93859649122807;
63 100 -0.245901639344262;
63 102 0.853448275862069;
63 103 0.696428571428571;
64 65 0.91047619047619;
64 66 0.923679060665362;
64 67 0.908221797323136;
64 68 0.757874015748031;
64 69 0.743879472693032;
64 70 0.723175965665236;
64 71 -0.163841807909605;
64 74 0.920074349442379;
64 75 0.932170542635659;
64 76 0.963597430406852;
64 77 0.945945945945946;
64 83 -0.227272727272727;
64 85 -0.222222222222222;
64 89 0.948818897637795;
64 96 0.916279069767442;
64 97 0.963391136801541;
64 99 0.968;
64 100 -0.24812030075188;
64 102 0.853658536585366;
64 103 0.692307692307692;
65 66 0.877755511022044;
65 67 0.888888888888889;
65 68 0.754563894523327;
65 69 0.727799227799228;
65 70 0.720264317180617;
65 74 0.952198852772467;
65 75 0.948616600790514;
65 76 0.905077262693157;
65 77 0.948616600790514;
65 83 -0.241035856573705;
65 85 -0.203579418344519;
65 89 0.896414342629482;
65 96 0.932853717026379;
65 97 0.91304347826087;
65 99 0.95850622406639;
65 100 -0.24031007751938;
65 102 0.966386554621849;
65 103 0.96875;
66 67 0.875494071146245;
66 68 0.73630831643002;
66 69 0.71031746031746;
66 70 0.685649202733485;
66 74 0.889105058365759;
66 75 0.915831663326653;
66 76 0.946666666666667;
66 77 0.947791164658635;
66 83 -0.203285420944559;
66 85 -0.209302325581395;
66 89 0.923868312757202;
66 96 0.861985472154964;
66 97 0.943434343434343;
66 99 0.894736842105263;
66 100 -0.305785123966942;
66 102 0.747899159663866;
66 103 0.60655737704918;
67 68 0.751491053677932;
67 69 0.71868978805395;
67 70 0.707692307692308;
67 74 0.915413533834586;
67 75 0.919291338582677;
67 76 0.906183368869936;
67 77 0.953667953667954;
67 83 -0.19758064516129;
67 85 -0.191343963553531;
67 89 0.892857142857143;
67 96 0.892086330935252;
67 97 0.923379174852652;
67 99 0.920634920634921;
67 100 -0.241935483870968;
67 102 0.934959349593496;
67 103 0.846153846153846;
68 69 0.914;
68 70 0.891891891891892;
68 71 -0.163265306122449;
68 74 0.773622047244094;
68 75 0.775510204081633;
68 76 0.766292134831461;
68 77 0.782101167315175;
68 83 -0.185416666666667;
68 85 -0.195754716981132;
68 89 0.74321503131524;
68 96 0.742014742014742;
68 97 0.787755102040816;
68 99 0.725738396624473;
68 102 0.683333333333333;
68 103 0.815384615384615;
69 70 0.894168466522678;
69 71 -0.179487179487179;
69 74 0.753295668549906;
69 75 0.746561886051081;
69 76 0.751619870410367;
69 77 0.76078431372549;
69 83 -0.171656686626747;
69 85 -0.181818181818182;
69 89 0.721789883268482;
69 96 0.713947990543735;
69 97 0.740234375;
69 99 0.688;
69 102 0.603305785123967;
69 103 0.827586206896552;
70 71 -0.16403785488959;
70 74 0.737634408602151;
70 75 0.727272727272727;
70 76 0.729857819905213;
70 77 0.755102040816326;
70 83 -0.207289293849658;
70 85 -0.207161125319693;
70 89 0.693181818181818;
70 96 0.71025641025641;
70 97 0.72234273318872;
70 99 0.672043010752688;
70 102 0.633928571428571;
70 103 0.788461538461538;
71 72 0.734285714285714;
71 73 0.721448467966574;
71 83 0.642201834862385;
71 84 0.756329113924051;
71 85 0.65;
72 73 0.734615384615385;
72 83 0.58433734939759;
72 84 0.759061833688699;
72 85 0.613839285714286;
72 100 0.6171875;
73 83 0.614770459081836;
73 84 0.793319415448852;
73 85 0.617117117117117;
73 100 0.706349206349206;
73 102 -0.310344827586207;
73 103 -0.353846153846154;
74 75 0.965116279069767;
74 76 0.925847457627119;
74 77 0.961089494163424;
74 83 -0.244094488188976;
74 85 -0.213333333333333;
74 89 0.912790697674419;
74 96 0.951048951048951;
74 97 0.932562620423892;
74 99 0.964426877470356;
74 100 -0.26865671641791;
74 102 1;
74 103 0.969230769230769;
75 76 0.950892857142857;
75 77 0.975308641975309;
75 83 -0.225872689938398;
75 85 -0.188636363636364;
75 89 0.924335378323108;
75 96 0.949275362318841;
75 97 0.957915831663327;
75 99 0.971311475409836;
75 100 -0.255813953488372;
75 102 0.975609756097561;
75 103 0.923076923076923;
76 77 0.970588235294118;
76 83 -0.175;
76 85 -0.171428571428571;
76 89 0.95067264573991;
76 96 0.901041666666667;
76 97 0.988839285714286;
76 99 0.966824644549763;
76 100 -0.211009174311927;
76 102 0.831775700934579;
76 103 0.6875;
77 89 0.931034482758621;
77 96 0.927461139896373;
77 97 0.980916030534351;
77 99 1;
78 79 0.949152542372881;
78 80 0.739224137931034;
78 81 0.724665391969407;
78 82 0.666666666666667;
78 86 0.95;
78 87 0.786223277909739;
78 88 0.728846153846154;
78 90 0.945533769063181;
78 91 0.931818181818182;
78 92 0.773584905660377;
78 93 0.941060903732809;
78 94 0.957894736842105;
78 95 0.956521739130435;
78 98 0.732283464566929;
78 101 0.720720720720721;
79 80 0.763636363636364;
79 81 0.763102725366876;
79 82 0.705882352941177;
79 86 0.9375;
79 87 0.801007556675063;
79 88 0.779411764705882;
79 90 0.940047961630695;
79 91 0.927272727272727;
79 92 0.788154897494305;
79 93 0.944206008583691;
79 94 0.943946188340807;
79 95 0.942430703624733;
79 98 0.772340425531915;
79 101 0.79047619047619;
80 81 0.963983050847458;
80 82 0.908847184986595;
80 86 0.742718446601942;
80 87 0.986486486486487;
80 88 0.963829787234043;
80 90 0.720982142857143;
80 91 0.71889400921659;
80 92 0.97906976744186;
80 93 0.743478260869565;
80 94 0.771634615384615;
80 95 0.740492170022371;
80 98 0.960698689956332;
80 101 0.983050847457627;
81 82 0.913145539906103;
81 86 0.73661670235546;
81 87 0.978823529411765;
81 88 0.96958174904943;
81 90 0.708423326133909;
81 91 0.716297786720322;
81 92 0.977225672877847;
81 93 0.745631067961165;
81 94 0.754273504273504;
81 95 0.728174603174603;
81 98 0.963035019455253;
81 101 0.956896551724138;
82 86 0.688144329896907;
82 87 0.945355191256831;
82 88 0.935714285714286;
82 90 0.642857142857143;
82 91 0.665071770334928;
82 92 0.947368421052632;
82 93 0.682926829268293;
82 94 0.676092544987147;
82 95 0.652582159624413;
82 98 0.910628019323672;
82 101 0.964285714285714;
83 84 0.634573304157549;
83 85 0.753488372093023;
83 89 -0.187372708757637;
83 96 -0.230769230769231;
83 97 -0.218367346938776;
83 100 0.666666666666667;
83 102 -0.3671875;
83 103 -0.461538461538462;
84 85 0.6256038647343;
84 100 0.738095238095238;
84 102 -0.342105263157895;
84 103 -0.362068965517241;
85 89 -0.180365296803653;
85 96 -0.191977077363897;
85 97 -0.230232558139535;
85 100 0.647058823529412;
86 87 0.821705426356589;
86 88 0.73773987206823;
86 90 0.947761194029851;
86 91 0.932017543859649;
86 92 0.781176470588235;
86 93 0.944444444444444;
86 94 0.94392523364486;
86 95 0.934090909090909;
86 98 0.74617067833698;
86 101 0.743801652892562;
87 88 0.985714285714286;
87 90 0.777472527472527;
87 91 0.788834951456311;
87 92 0.981609195402299;
87 93 0.805352798053528;
87 94 0.799479166666667;
87 95 0.772511848341232;
87 98 0.965936739659367;
87 101 0.982608695652174;
88 90 0.714596949891068;
88 91 0.718685831622177;
88 92 0.973084886128364;
88 93 0.749034749034749;
88 94 0.756929637526652;
88 95 0.736526946107784;
88 98 0.963178294573643;
88 101 0.983193277310924;
89 96 0.9125;
89 97 0.961538461538462;
89 99 0.941422594142259;
89 100 -0.238805970149254;
89 102 0.838709677419355;
89 103 0.714285714285714;
90 91 0.941037735849057;
90 92 0.753588516746411;
90 93 0.946784922394678;
90 94 0.941463414634146;
90 95 0.943181818181818;
90 98 0.71840354767184;
90 101 0.641791044776119;
91 92 0.755605381165919;
91 93 0.937369519832985;
91 94 0.925754060324826;
91 95 0.924242424242424;
91 98 0.722689075630252;
91 101 0.745762711864407;
92 93 0.780126849894292;
92 94 0.800936768149883;
92 95 0.77292576419214;
92 98 0.966029723991507;
92 101 0.983333333333333;
93 94 0.931034482758621;
93 95 0.941056910569106;
93 98 0.748015873015873;
93 101 0.715596330275229;
94 95 0.944325481798715;
94 98 0.751633986928105;
94 101 0.719298245614035;
95 98 0.733197556008147;
95 101 0.717948717948718;
96 97 0.907142857142857;
96 99 0.937777777777778;
96 100 -0.259259259259259;
96 102 1;
96 103 0.969230769230769;
97 99 0.975;
97 100 -0.253731343283582;
97 102 0.854838709677419;
97 103 0.672131147540984;
98 101 0.983050847457627;
99 102 0.945945945945946;
99 103 0.909090909090909;
100 102 -0.288;
100 103 -0.370967741935484;
102 103 0.969230769230769]
