n = 103
taille = 2587
Mat = [0 1 0.949238578680203;
0 3 0.782122905027933;
0 4 0.805714285714286;
0 5 0.793103448275862;
0 6 0.747524752475248;
0 7 0.764397905759162;
0 8 0.761658031088083;
0 9 0.843023255813954;
0 10 0.748768472906404;
0 11 0.72316384180791;
0 12 0.796610169491525;
0 13 0.771144278606965;
0 14 0.713375796178344;
0 15 0.796875;
0 16 0.794736842105263;
0 17 0.784530386740331;
0 18 0.852173913043478;
0 19 0.792682926829268;
0 20 0.751633986928105;
0 21 0.740932642487047;
0 22 0.756345177664975;
0 23 0.776119402985075;
0 24 0.730569948186529;
0 26 0.520833333333333;
0 28 0.582010582010582;
0 30 0.605555555555556;
0 32 0.536723163841808;
0 38 -0.132352941176471;
0 45 -0.13903743315508;
0 56 -0.0995024875621891;
0 66 -0.176165803108808;
0 67 -0.101010101010101;
0 69 0.551020408163265;
0 71 0.949640287769784;
0 72 0.900990099009901;
0 73 0.956989247311828;
0 78 0.734042553191489;
0 79 0.831460674157303;
0 80 0.844827586206897;
0 81 0.811688311688312;
0 82 0.686746987951807;
0 83 0.9;
0 84 0.927083333333333;
0 85 0.893401015228426;
0 86 0.782352941176471;
0 87 0.826086956521739;
0 88 0.74;
0 90 0.771276595744681;
0 91 0.729591836734694;
0 92 0.729591836734694;
0 93 0.770408163265306;
0 94 0.809248554913295;
0 95 0.709677419354839;
0 98 0.75;
0 100 0.912280701754386;
1 3 0.8;
1 4 0.824468085106383;
1 5 0.809090909090909;
1 6 0.76605504587156;
1 7 0.777777777777778;
1 8 0.778846153846154;
1 9 0.846560846560847;
1 10 0.767123287671233;
1 11 0.753926701570681;
1 12 0.844559585492228;
1 13 0.788018433179724;
1 14 0.748538011695906;
1 15 0.819672131147541;
1 16 0.800970873786408;
1 17 0.803030303030303;
1 18 0.824074074074074;
1 19 0.808641975308642;
1 20 0.770588235294118;
1 21 0.779904306220096;
1 22 0.76056338028169;
1 23 0.774193548387097;
1 24 0.751196172248804;
1 26 0.569620253164557;
1 28 0.622549019607843;
1 30 0.666666666666667;
1 32 0.558974358974359;
1 38 -0.0863636363636364;
1 45 -0.12807881773399;
1 66 -0.148325358851675;
1 69 0.582938388625592;
1 70 0.49740932642487;
1 71 0.956834532374101;
1 72 0.906976744186046;
1 73 0.95;
1 78 0.769607843137255;
1 79 0.855670103092783;
1 80 0.852631578947368;
1 81 0.807017543859649;
1 82 0.708791208791209;
1 83 0.915492957746479;
1 84 0.91304347826087;
1 85 0.906542056074766;
1 86 0.810810810810811;
1 87 0.844827586206897;
1 88 0.768518518518518;
1 90 0.787128712871287;
1 91 0.748815165876777;
1 92 0.730964467005076;
1 93 0.786729857819905;
1 94 0.825396825396825;
1 95 0.736318407960199;
1 98 0.789473684210526;
1 100 0.972602739726027;
1 101 0.645161290322581;
2 34 0.729166666666667;
2 35 0.778894472361809;
2 36 0.559440559440559;
2 37 0.656084656084656;
2 38 0.767441860465116;
2 39 0.779904306220096;
2 40 0.554347826086957;
2 41 0.67487684729064;
2 42 0.599033816425121;
2 43 0.705607476635514;
2 44 0.754716981132076;
2 45 0.656410256410256;
2 46 0.697674418604651;
2 47 0.679347826086957;
2 48 0.679425837320574;
2 49 0.666666666666667;
2 50 0.74375;
2 51 0.740196078431373;
2 52 0.684210526315789;
2 53 0.707182320441989;
2 54 0.788732394366197;
2 55 0.66824644549763;
2 56 0.599056603773585;
2 57 0.702970297029703;
2 58 0.633802816901408;
2 59 0.760765550239234;
2 60 0.696517412935323;
2 61 0.660377358490566;
2 62 0.702970297029703;
2 63 0.764150943396226;
2 64 0.726775956284153;
2 65 0.719047619047619;
2 66 0.617647058823529;
2 67 0.688995215311005;
2 74 0.734883720930233;
2 75 0.731707317073171;
2 76 0.736559139784946;
2 77 0.725806451612903;
2 89 0.723809523809524;
2 96 0.6625;
2 97 0.738095238095238;
2 99 0.764705882352941;
2 100 -0.107692307692308;
2 102 0.653846153846154;
3 4 0.977011494252874;
3 5 0.97;
3 6 0.974874371859296;
3 7 0.978494623655914;
3 8 0.942105263157895;
3 9 0.983240223463687;
3 10 0.974874371859296;
3 11 0.98314606741573;
3 12 0.948863636363636;
3 13 0.969849246231156;
3 14 0.917721518987342;
3 15 0.9;
3 16 0.941489361702128;
3 17 0.960893854748603;
3 18 0.88785046728972;
3 19 0.958620689655172;
3 20 0.890322580645161;
3 21 0.926315789473684;
3 22 0.860824742268041;
3 23 0.904040404040404;
3 24 0.915343915343915;
3 25 0.567567567567568;
3 26 0.703448275862069;
3 28 0.744791666666667;
3 29 0.544943820224719;
3 30 0.708571428571429;
3 31 0.529069767441861;
3 32 0.677777777777778;
3 36 0.583941605839416;
3 69 0.696969696969697;
3 70 0.614525139664804;
3 71 0.835820895522388;
3 72 0.801020408163265;
3 73 0.806629834254144;
3 78 0.951351351351351;
3 79 0.989071038251366;
3 80 0.932960893854749;
3 81 0.974025974025974;
3 82 0.88953488372093;
3 83 0.794871794871795;
3 84 0.796791443850267;
3 85 0.784615384615385;
3 86 0.936416184971098;
3 87 0.91358024691358;
3 88 0.883838383838384;
3 90 0.93010752688172;
3 91 0.973821989528796;
3 92 0.904494382022472;
3 93 0.994818652849741;
3 94 0.972067039106145;
3 95 0.922222222222222;
3 98 0.931216931216931;
3 99 0.5;
3 100 0.694915254237288;
3 101 0.777777777777778;
4 5 0.95360824742268;
4 6 0.968911917098446;
4 7 0.955555555555556;
4 8 0.934426229508197;
4 9 0.977272727272727;
4 10 0.968911917098446;
4 11 0.964285714285714;
4 12 0.964285714285714;
4 13 0.942408376963351;
4 14 0.95364238410596;
4 15 0.875;
4 16 0.917582417582418;
4 17 0.930232558139535;
4 18 0.888888888888889;
4 19 0.970802919708029;
4 20 0.887417218543046;
4 21 0.909090909090909;
4 22 0.872340425531915;
4 23 0.890625;
4 24 0.907103825136612;
4 25 0.544776119402985;
4 26 0.746575342465753;
4 28 0.758241758241758;
4 29 0.582857142857143;
4 30 0.744186046511628;
4 31 0.528301886792453;
4 32 0.680473372781065;
4 36 0.5703125;
4 69 0.695187165775401;
4 70 0.610778443113772;
4 71 0.824817518248175;
4 72 0.838541666666667;
4 73 0.833333333333333;
4 78 0.955801104972376;
4 79 0.994475138121547;
4 80 0.921348314606742;
4 81 0.951724137931034;
4 82 0.858974358974359;
4 83 0.821052631578947;
4 84 0.815217391304348;
4 85 0.808510638297872;
4 86 0.925;
4 87 0.91358024691358;
4 88 0.884816753926702;
4 90 0.93854748603352;
4 91 0.967567567567568;
4 92 0.89010989010989;
4 93 0.978723404255319;
4 94 0.965909090909091;
4 95 0.914772727272727;
4 98 0.91304347826087;
4 100 0.8;
4 101 0.692307692307692;
5 6 0.941964285714286;
5 7 0.928909952606635;
5 8 0.911214953271028;
5 9 0.958762886597938;
5 10 0.942222222222222;
5 11 0.944162436548223;
5 12 0.899497487437186;
5 13 0.977477477477477;
5 14 0.858757062146893;
5 15 0.923076923076923;
5 16 0.938679245283019;
5 17 0.950980392156863;
5 18 0.885964912280702;
5 19 0.952095808383233;
5 20 0.869318181818182;
5 21 0.916279069767442;
5 22 0.835616438356164;
5 23 0.896860986547085;
5 24 0.906976744186046;
5 25 0.549382716049383;
5 26 0.682926829268293;
5 28 0.719047619047619;
5 29 0.54679802955665;
5 30 0.653266331658292;
5 31 0.557894736842105;
5 32 0.663316582914573;
5 69 0.658986175115207;
5 70 0.592964824120603;
5 71 0.867132867132867;
5 72 0.809954751131222;
5 73 0.825242718446602;
5 78 0.919047619047619;
5 79 0.964824120603015;
5 80 0.928571428571429;
5 81 0.96045197740113;
5 82 0.877005347593583;
5 83 0.799086757990868;
5 84 0.807511737089202;
5 85 0.790909090909091;
5 86 0.869109947643979;
5 87 0.916666666666667;
5 88 0.864864864864865;
5 90 0.923076923076923;
5 91 0.930875576036866;
5 92 0.896551724137931;
5 93 0.95852534562212;
5 94 0.958974358974359;
5 95 0.892682926829268;
5 98 0.893023255813953;
5 100 0.706666666666667;
5 101 0.661290322580645;
6 7 0.971428571428571;
6 8 0.953051643192488;
6 9 0.963541666666667;
6 10 0.982062780269058;
6 11 0.979591836734694;
6 12 0.868686868686869;
6 13 0.959276018099548;
6 14 0.897727272727273;
6 15 0.873015873015873;
6 16 0.938967136150235;
6 17 0.95049504950495;
6 18 0.878260869565217;
6 19 0.951515151515152;
6 20 0.885057471264368;
6 21 0.939252336448598;
6 22 0.821100917431193;
6 23 0.905405405405405;
6 24 0.910798122065728;
6 25 0.602484472049689;
6 26 0.748466257668712;
6 27 0.515837104072398;
6 28 0.770334928229665;
6 29 0.597014925373134;
6 30 0.686868686868687;
6 31 0.563829787234043;
6 32 0.707070707070707;
6 33 0.517857142857143;
6 36 0.490196078431373;
6 68 0.495098039215686;
6 69 0.689814814814815;
6 70 0.634517766497462;
6 71 0.816901408450704;
6 72 0.777272727272727;
6 73 0.780487804878049;
6 78 0.933333333333333;
6 79 0.984848484848485;
6 80 0.917948717948718;
6 81 0.971428571428571;
6 82 0.89247311827957;
6 83 0.759090909090909;
6 84 0.76303317535545;
6 85 0.747706422018349;
6 86 0.831578947368421;
6 87 0.910112359550562;
6 88 0.877828054298643;
6 90 0.922705314009662;
6 91 0.953488372093023;
6 92 0.910891089108911;
6 93 0.990740740740741;
6 94 0.974093264248705;
6 95 0.936274509803922;
6 98 0.896713615023474;
6 100 0.653333333333333;
6 101 0.661290322580645;
7 8 0.960199004975124;
7 9 0.961748633879781;
7 10 0.990476190476191;
7 11 0.978260869565217;
7 12 0.859459459459459;
7 13 0.956937799043062;
7 14 0.91566265060241;
7 15 0.836065573770492;
7 16 0.929292929292929;
7 17 0.936842105263158;
7 18 0.88785046728972;
7 19 0.961783439490446;
7 20 0.901234567901235;
7 21 0.935323383084577;
7 22 0.830097087378641;
7 23 0.904306220095694;
7 24 0.90547263681592;
7 25 0.644736842105263;
7 26 0.758169934640523;
7 27 0.526315789473684;
7 28 0.767676767676768;
7 29 0.586387434554974;
7 30 0.689839572192513;
7 31 0.571428571428571;
7 32 0.714285714285714;
7 33 0.516587677725118;
7 68 0.492146596858639;
7 69 0.699507389162562;
7 70 0.659574468085106;
7 71 0.808823529411765;
7 72 0.772946859903382;
7 73 0.786458333333333;
7 78 0.928571428571429;
7 79 1;
7 80 0.93010752688172;
7 81 0.969325153374233;
7 82 0.897142857142857;
7 83 0.760975609756098;
7 84 0.777777777777778;
7 85 0.751219512195122;
7 86 0.82122905027933;
7 87 0.917647058823529;
7 88 0.879807692307692;
7 90 0.907216494845361;
7 91 0.940594059405941;
7 92 0.91578947368421;
7 93 0.990196078431373;
7 94 0.96195652173913;
7 95 0.942408376963351;
7 98 0.9;
7 100 0.666666666666667;
7 101 0.696428571428571;
8 9 0.92896174863388;
8 10 0.97196261682243;
8 11 0.957219251336898;
8 12 0.86734693877551;
8 13 0.928909952606635;
8 14 0.875;
8 15 0.789473684210526;
8 16 0.930348258706468;
8 17 0.932291666666667;
8 18 0.867924528301887;
8 19 0.951515151515152;
8 20 0.873493975903614;
8 21 0.926470588235294;
8 22 0.807692307692308;
8 23 0.910377358490566;
8 24 0.906862745098039;
8 25 0.629139072847682;
8 26 0.77124183006536;
8 27 0.549763033175355;
8 28 0.778894472361809;
8 29 0.609375;
8 30 0.694736842105263;
8 31 0.581005586592179;
8 32 0.746031746031746;
8 33 0.542056074766355;
8 36 0.490196078431373;
8 68 0.523076923076923;
8 69 0.713592233009709;
8 70 0.648936170212766;
8 71 0.843283582089552;
8 72 0.786729857819905;
8 73 0.794871794871795;
8 78 0.919597989949749;
8 79 0.968586387434555;
8 80 0.909090909090909;
8 81 0.971098265895954;
8 82 0.892655367231638;
8 83 0.76555023923445;
8 84 0.776119402985075;
8 85 0.754807692307692;
8 86 0.802197802197802;
8 87 0.905325443786982;
8 88 0.872037914691943;
8 90 0.903553299492386;
8 91 0.921951219512195;
8 92 0.90625;
8 93 0.980582524271845;
8 94 0.940217391304348;
8 95 0.963917525773196;
8 98 0.882352941176471;
8 100 0.675675675675676;
8 101 0.688524590163934;
9 10 0.963730569948187;
9 11 0.969879518072289;
9 12 0.982035928143713;
9 13 0.958115183246073;
9 14 0.945945945945946;
9 15 0.904761904761905;
9 16 0.93048128342246;
9 17 0.947674418604651;
9 18 0.892857142857143;
9 19 0.971631205673759;
9 20 0.898648648648649;
9 21 0.915343915343915;
9 22 0.925133689839572;
9 23 0.921465968586387;
9 24 0.923497267759563;
9 25 0.522727272727273;
9 26 0.714285714285714;
9 28 0.737430167597765;
9 29 0.565714285714286;
9 30 0.757396449704142;
9 31 0.50314465408805;
9 32 0.68452380952381;
9 36 0.496124031007752;
9 66 -0.0983606557377049;
9 69 0.698924731182796;
9 70 0.622754491017964;
9 71 0.828571428571429;
9 72 0.846560846560847;
9 73 0.868571428571429;
9 78 0.949720670391061;
9 79 0.973684210526316;
9 80 0.932291666666667;
9 81 0.986206896551724;
9 82 0.890322580645161;
9 83 0.845744680851064;
9 84 0.857142857142857;
9 85 0.835978835978836;
9 86 0.95625;
9 87 0.911764705882353;
9 88 0.921052631578947;
9 90 0.949438202247191;
9 91 0.983783783783784;
9 92 0.906432748538012;
9 93 0.984126984126984;
9 94 0.956521739130435;
9 95 0.913793103448276;
9 98 0.934782608695652;
9 100 0.869565217391304;
9 101 0.971428571428571;
10 11 0.989847715736041;
10 12 0.878787878787879;
10 13 0.959276018099548;
10 14 0.909604519774011;
10 15 0.846153846153846;
10 16 0.943127962085308;
10 17 0.950738916256158;
10 18 0.912280701754386;
10 19 0.964071856287425;
10 20 0.897142857142857;
10 21 0.948598130841122;
10 22 0.830275229357798;
10 23 0.918918918918919;
10 24 0.92093023255814;
10 25 0.627329192546584;
10 26 0.760736196319018;
10 27 0.536036036036036;
10 28 0.779904306220096;
10 29 0.608910891089109;
10 30 0.698492462311558;
10 31 0.582010582010582;
10 32 0.727272727272727;
10 33 0.528888888888889;
10 68 0.509708737864078;
10 69 0.708333333333333;
10 70 0.656565656565657;
10 71 0.816901408450704;
10 72 0.777272727272727;
10 73 0.780487804878049;
10 78 0.942583732057416;
10 79 1;
10 80 0.933333333333333;
10 81 0.982954545454545;
10 82 0.913978494623656;
10 83 0.756880733944954;
10 84 0.764150943396226;
10 85 0.748858447488584;
10 86 0.832460732984293;
10 87 0.932960893854749;
10 88 0.895927601809955;
10 90 0.922705314009662;
10 91 0.953703703703704;
10 92 0.930693069306931;
10 93 1;
10 94 0.974226804123711;
10 95 0.955882352941177;
10 98 0.906542056074766;
10 100 0.653333333333333;
10 101 0.661290322580645;
11 12 0.859649122807018;
11 13 0.964102564102564;
11 14 0.880794701986755;
11 15 0.849056603773585;
11 16 0.940860215053763;
11 17 0.954285714285714;
11 18 0.881188118811881;
11 19 0.957142857142857;
11 20 0.87012987012987;
11 21 0.93048128342246;
11 22 0.81151832460733;
11 23 0.902564102564103;
11 24 0.911458333333333;
11 25 0.619047619047619;
11 26 0.763513513513513;
11 27 0.530927835051546;
11 28 0.788359788359788;
11 29 0.607954545454545;
11 30 0.691489361702128;
11 31 0.595628415300546;
11 32 0.734042553191489;
11 33 0.522842639593909;
11 69 0.723076923076923;
11 70 0.689839572192513;
11 71 0.806451612903226;
11 72 0.766839378238342;
11 73 0.770491803278688;
11 78 0.945945945945946;
11 79 0.994219653179191;
11 80 0.917647058823529;
11 81 0.97972972972973;
11 82 0.903614457831325;
11 83 0.738219895287958;
11 84 0.74869109947644;
11 85 0.73469387755102;
11 86 0.83625730994152;
11 87 0.91812865497076;
11 88 0.871794871794872;
11 90 0.924324324324324;
11 91 0.958549222797927;
11 92 0.909604519774011;
11 93 1;
11 94 0.970059880239521;
11 95 0.941489361702128;
11 98 0.893617021276596;
11 100 0.606060606060606;
11 101 0.677966101694915;
11 102 -0.0943396226415094;
12 13 0.877551020408163;
12 14 0.887417218543046;
12 15 1;
12 16 0.86096256684492;
12 17 0.864406779661017;
12 18 0.97752808988764;
12 19 0.856287425149701;
12 20 0.827814569536424;
12 21 0.878306878306878;
12 22 0.860103626943005;
12 23 0.868020304568528;
12 24 0.841269841269841;
12 25 0.544117647058823;
12 26 0.705035971223022;
12 28 0.728260869565217;
12 29 0.573863636363636;
12 30 0.84971098265896;
12 31 0.521212121212121;
12 32 0.676300578034682;
12 36 0.490196078431373;
12 69 0.701570680628272;
12 70 0.583815028901734;
12 71 0.941666666666667;
12 72 0.815384615384615;
12 73 0.833333333333333;
12 78 0.891304347826087;
12 79 1;
12 80 0.976470588235294;
12 81 0.847457627118644;
12 82 0.791411042944785;
12 83 0.83419689119171;
12 84 0.811827956989247;
12 85 0.823834196891192;
12 86 0.963636363636364;
12 87 0.973856209150327;
12 88 0.872448979591837;
12 90 0.901098901098901;
12 91 0.884210526315789;
12 92 0.830508474576271;
12 93 0.88659793814433;
12 94 0.965317919075145;
12 95 0.866666666666667;
12 98 0.880208333333333;
12 100 0.706666666666667;
12 101 0.629032258064516;
13 14 0.868571428571429;
13 15 0.921875;
13 16 0.956937799043062;
13 17 0.97;
13 18 0.883928571428571;
13 19 0.963636363636364;
13 20 0.884393063583815;
13 21 0.933962264150943;
13 22 0.833333333333333;
13 23 0.913636363636364;
13 24 0.924170616113744;
13 25 0.574074074074074;
13 26 0.717791411042945;
13 27 0.497716894977169;
13 28 0.743961352657005;
13 29 0.57;
13 30 0.65989847715736;
13 31 0.572192513368984;
13 32 0.690355329949239;
13 33 0.490990990990991;
13 69 0.677570093457944;
13 70 0.627551020408163;
13 71 0.865248226950355;
13 72 0.798165137614679;
13 73 0.802955665024631;
13 78 0.917874396135266;
13 79 0.964467005076142;
13 80 0.932642487046632;
13 81 0.982658959537572;
13 82 0.896739130434783;
13 83 0.777777777777778;
13 84 0.784688995215311;
13 85 0.768518518518518;
13 86 0.845744680851064;
13 87 0.915254237288136;
13 88 0.881818181818182;
13 90 0.941463414634146;
13 91 0.948356807511737;
13 92 0.915422885572139;
13 93 0.976635514018692;
13 94 0.958333333333333;
13 95 0.911330049261084;
13 98 0.909952606635071;
13 100 0.648648648648649;
13 101 0.655737704918033;
13 102 -0.0909090909090909;
14 15 0.765957446808511;
14 16 0.831325301204819;
14 17 0.853107344632768;
14 18 0.86734693877551;
14 19 0.918032786885246;
14 20 0.815286624203822;
14 21 0.848837209302326;
14 22 0.793103448275862;
14 23 0.828571428571429;
14 24 0.81437125748503;
14 25 0.51937984496124;
14 26 0.69281045751634;
14 28 0.736526946107784;
14 29 0.540372670807453;
14 30 0.67948717948718;
14 31 0.493243243243243;
14 32 0.631578947368421;
14 36 0.556390977443609;
14 69 0.641176470588235;
14 70 0.572368421052632;
14 71 0.77;
14 72 0.754285714285714;
14 73 0.757763975155279;
14 78 0.890909090909091;
14 79 0.993548387096774;
14 80 0.913907284768212;
14 81 0.886666666666667;
14 82 0.809815950920245;
14 83 0.709302325581395;
14 84 0.695121951219512;
14 85 0.695906432748538;
14 86 0.841463414634146;
14 87 0.902985074626866;
14 88 0.835227272727273;
14 90 0.890243902439024;
14 91 0.905325443786982;
14 92 0.819354838709677;
14 93 0.929411764705882;
14 94 0.934640522875817;
14 95 0.854430379746835;
14 98 0.839285714285714;
14 100 0.671428571428571;
14 101 0.620689655172414;
15 16 0.967213114754098;
15 17 0.980769230769231;
15 18 0.846153846153846;
15 19 1;
15 20 0.863636363636364;
15 21 0.904761904761905;
15 22 0.936507936507937;
15 23 0.892307692307692;
15 24 0.915254237288136;
15 28 0.492063492063492;
15 38 -0.0923076923076923;
15 58 -0.111111111111111;
15 67 -0.1875;
15 71 0.783333333333333;
15 72 0.828125;
15 73 0.783333333333333;
15 78 0.868852459016393;
15 79 0.873015873015873;
15 80 0.904761904761905;
15 81 1;
15 82 0.854166666666667;
15 83 0.82258064516129;
15 84 0.779661016949153;
15 85 0.816666666666667;
15 86 0.962962962962963;
15 87 0.867924528301887;
15 88 0.888888888888889;
15 90 0.983050847457627;
15 91 0.9;
15 92 0.892307692307692;
15 93 0.901639344262295;
15 94 0.807017543859649;
15 95 0.654545454545455;
15 98 0.948275862068966;
15 99 -0.142857142857143;
15 100 1;
16 17 0.968421052631579;
16 18 0.927927927927928;
16 19 0.961038961038961;
16 20 0.914110429447853;
16 21 0.947115384615385;
16 22 0.839805825242718;
16 23 0.933333333333333;
16 24 0.945544554455445;
16 25 0.543046357615894;
16 26 0.683870967741935;
16 28 0.715736040609137;
16 29 0.552631578947368;
16 30 0.617021276595745;
16 31 0.556179775280899;
16 32 0.661375661375661;
16 45 -0.123076923076923;
16 66 -0.118811881188119;
16 69 0.632352941176471;
16 70 0.585106382978723;
16 71 0.898550724637681;
16 72 0.822115384615385;
16 73 0.829896907216495;
16 78 0.904522613065327;
16 79 0.936170212765957;
16 80 0.942105263157895;
16 81 0.969512195121951;
16 82 0.942857142857143;
16 83 0.793269230769231;
16 84 0.798994974874372;
16 85 0.781553398058252;
16 86 0.831460674157303;
16 87 0.928994082840237;
16 88 0.899521531100478;
16 90 0.938461538461538;
16 91 0.921182266009852;
16 92 0.947368421052632;
16 93 0.951219512195122;
16 94 0.929347826086957;
16 95 0.891752577319588;
16 98 0.910891089108911;
16 100 0.611940298507463;
16 101 0.611111111111111;
16 102 -0.25;
17 18 0.912280701754386;
17 19 0.958620689655172;
17 20 0.903409090909091;
17 21 0.94300518134715;
17 22 0.83248730964467;
17 23 0.925373134328358;
17 24 0.932642487046632;
17 25 0.571428571428571;
17 26 0.713414634146341;
17 28 0.75531914893617;
17 29 0.56353591160221;
17 30 0.649717514124294;
17 31 0.568965517241379;
17 32 0.694915254237288;
17 66 -0.106598984771574;
17 69 0.678571428571429;
17 70 0.612359550561798;
17 71 0.892561983471074;
17 72 0.815;
17 73 0.820652173913043;
17 78 0.914893617021277;
17 79 0.954802259887006;
17 80 0.936781609195402;
17 81 0.983050847457627;
17 82 0.903743315508021;
17 83 0.791878172588833;
17 84 0.801047120418848;
17 85 0.782828282828283;
17 86 0.86096256684492;
17 87 0.924050632911392;
17 88 0.885;
17 90 0.957894736842105;
17 91 0.938461538461538;
17 92 0.922651933701657;
17 93 0.969230769230769;
17 94 0.936416184971098;
17 95 0.896174863387978;
17 98 0.917525773195876;
17 100 0.653333333333333;
17 101 0.661290322580645;
18 19 0.976190476190476;
18 20 0.971428571428571;
18 21 0.982142857142857;
18 22 0.981981981981982;
18 23 0.964285714285714;
18 24 0.954128440366973;
18 26 0.63953488372093;
18 28 0.700934579439252;
18 30 0.670103092783505;
18 32 0.625;
18 36 0.61038961038961;
18 45 -0.121212121212121;
18 66 -0.176991150442478;
18 69 0.68695652173913;
18 70 0.536842105263158;
18 71 0.822429906542056;
18 72 0.852173913043478;
18 73 0.850877192982456;
18 78 0.860869565217391;
18 79 0.911504424778761;
18 80 0.982608695652174;
18 81 1;
18 82 0.962962962962963;
18 83 0.843478260869565;
18 84 0.853211009174312;
18 85 0.833333333333333;
18 86 0.907407407407407;
18 87 1;
18 88 1;
18 90 0.909090909090909;
18 91 0.875;
18 92 0.982456140350877;
18 93 0.909090909090909;
18 94 0.897196261682243;
18 95 0.81;
18 98 0.962962962962963;
18 99 0.529411764705882;
18 100 1;
19 20 0.926229508196721;
19 21 0.974683544303797;
19 22 0.865853658536585;
19 23 0.951219512195122;
19 24 0.949685534591195;
19 25 0.656;
19 26 0.839622641509434;
19 27 0.5;
19 28 0.789473684210526;
19 29 0.606666666666667;
19 30 0.710344827586207;
19 31 0.597014925373134;
19 32 0.753521126760563;
19 33 0.491017964071856;
19 56 -0.108433734939759;
19 69 0.75;
19 70 0.640845070422535;
19 71 0.945454545454545;
19 72 0.815950920245399;
19 73 0.825503355704698;
19 78 0.927631578947368;
19 79 0.97972972972973;
19 80 0.97887323943662;
19 81 0.944827586206897;
19 82 0.916666666666667;
19 83 0.801242236024845;
19 84 0.779220779220779;
19 85 0.795031055900621;
19 86 0.807407407407407;
19 87 0.961832061068702;
19 88 0.94478527607362;
19 90 0.947019867549669;
19 91 0.95;
19 92 0.961783439490446;
19 93 0.975155279503106;
19 94 0.965986394557823;
19 95 0.96;
19 98 0.932098765432099;
19 100 0.547169811320755;
19 101 0.682926829268293;
19 102 -0.0952380952380952;
20 21 0.94047619047619;
20 22 0.835294117647059;
20 23 0.913294797687861;
20 24 0.911764705882353;
20 25 0.515384615384615;
20 26 0.690140845070423;
20 28 0.731707317073171;
20 29 0.569620253164557;
20 30 0.666666666666667;
20 32 0.655629139072848;
20 66 -0.131428571428571;
20 69 0.654761904761905;
20 70 0.607843137254902;
20 71 0.824074074074074;
20 72 0.767441860465116;
20 73 0.775862068965517;
20 78 0.862857142857143;
20 79 0.934210526315789;
20 80 0.966442953020134;
20 81 0.920529801324503;
20 82 0.905660377358491;
20 83 0.769230769230769;
20 84 0.794117647058823;
20 85 0.765714285714286;
20 86 0.8;
20 87 0.956834532374101;
20 88 0.896551724137931;
20 90 0.872727272727273;
20 91 0.848837209302326;
20 92 0.928104575163399;
20 93 0.892215568862275;
20 94 0.906040268456376;
20 95 0.829113924050633;
20 98 0.88622754491018;
20 100 0.655737704918033;
20 101 0.74;
21 22 0.867298578199052;
21 23 0.948356807511737;
21 24 0.950980392156863;
21 25 0.546052631578947;
21 26 0.681528662420382;
21 28 0.719211822660099;
21 29 0.548223350253807;
21 30 0.651041666666667;
21 31 0.525139664804469;
21 32 0.657894736842105;
21 36 0.493055555555556;
21 45 -0.11734693877551;
21 66 -0.0922330097087379;
21 69 0.642512077294686;
21 70 0.585106382978723;
21 71 0.841726618705036;
21 72 0.772511848341232;
21 73 0.780612244897959;
21 78 0.89;
21 79 0.952380952380952;
21 80 0.973958333333333;
21 81 0.969879518072289;
21 82 0.966292134831461;
21 83 0.770334928229665;
21 84 0.757425742574257;
21 85 0.760765550239234;
21 86 0.81767955801105;
21 87 0.982248520710059;
21 88 0.952830188679245;
21 90 0.914141414141414;
21 91 0.898058252427185;
21 92 0.984455958549223;
21 93 0.946859903381642;
21 94 0.924731182795699;
21 95 0.897435897435897;
21 98 0.951219512195122;
21 100 0.63768115942029;
21 101 0.678571428571429;
21 102 -0.1;
22 23 0.852534562211982;
22 24 0.839622641509434;
22 26 0.569620253164557;
22 28 0.629807692307692;
22 29 0.5;
22 30 0.639175257731959;
22 32 0.578680203045685;
22 66 -0.119617224880383;
22 69 0.592417061611374;
22 70 0.520408163265306;
22 71 0.838028169014085;
22 72 0.762790697674419;
22 73 0.786069651741294;
22 78 0.809756097560976;
22 79 0.927461139896373;
22 80 0.968421052631579;
22 81 0.858823529411765;
22 82 0.796703296703297;
22 83 0.779342723004695;
22 84 0.766990291262136;
22 85 0.769953051643192;
22 86 0.830687830687831;
22 87 0.982658959537572;
22 88 0.87037037037037;
22 90 0.846534653465347;
22 91 0.823809523809524;
22 92 0.83756345177665;
22 93 0.848341232227488;
22 94 0.905263157894737;
22 95 0.773869346733668;
22 98 0.866028708133971;
22 100 0.608108108108108;
22 101 0.596774193548387;
23 24 0.952830188679245;
23 25 0.525;
23 26 0.660493827160494;
23 28 0.701923076923077;
23 29 0.555;
23 30 0.634517766497462;
23 31 0.521276595744681;
23 32 0.685279187817259;
23 45 -0.122549019607843;
23 66 -0.122065727699531;
23 69 0.651162790697674;
23 70 0.586734693877551;
23 71 0.865248226950355;
23 72 0.785388127853881;
23 73 0.803921568627451;
23 78 0.870192307692308;
23 79 0.918781725888325;
23 80 0.969072164948454;
23 81 0.971264367816092;
23 82 0.913513513513514;
23 83 0.755760368663594;
23 84 0.785714285714286;
23 85 0.746543778801843;
23 86 0.80952380952381;
23 87 0.954802259887006;
23 88 0.940909090909091;
23 90 0.907766990291262;
23 91 0.878504672897196;
23 92 0.940298507462687;
23 93 0.92093023255814;
23 94 0.90625;
23 95 0.866995073891626;
23 98 0.900943396226415;
23 100 0.653333333333333;
23 101 0.693548387096774;
24 25 0.53125;
24 26 0.699346405228758;
24 28 0.730392156862745;
24 29 0.552083333333333;
24 30 0.605128205128205;
24 31 0.527173913043478;
24 32 0.692708333333333;
24 45 -0.0918367346938776;
24 66 -0.100478468899522;
24 69 0.640776699029126;
24 70 0.609375;
24 71 0.875;
24 72 0.761904761904762;
24 73 0.77;
24 78 0.866336633663366;
24 79 0.921052631578947;
24 80 0.951612903225806;
24 81 0.946107784431138;
24 82 0.914772727272727;
24 83 0.745192307692308;
24 84 0.753623188405797;
24 85 0.742990654205608;
24 86 0.8;
24 87 0.936781609195402;
24 88 0.905660377358491;
24 90 0.905;
24 91 0.890995260663507;
24 92 0.953125;
24 93 0.922705314009662;
24 94 0.908108108108108;
24 95 0.876288659793814;
24 98 0.912621359223301;
24 100 0.573333333333333;
24 101 0.629032258064516;
24 102 -0.107142857142857;
25 26 0.780701754385965;
25 27 0.792452830188679;
25 28 0.810126582278481;
25 29 0.76551724137931;
25 30 0.641379310344828;
25 31 0.782608695652174;
25 32 0.801369863013699;
25 33 0.759259259259259;
25 68 0.703947368421053;
25 69 0.770186335403727;
25 70 0.863013698630137;
25 78 0.604938271604938;
25 79 0.594202898550725;
25 80 0.5;
25 81 0.699115044247788;
25 82 0.53030303030303;
25 87 0.511811023622047;
25 88 0.5;
25 90 0.546666666666667;
25 91 0.565217391304348;
25 92 0.529411764705882;
25 93 0.61038961038961;
25 94 0.567164179104478;
25 95 0.61744966442953;
25 98 0.509803921568627;
25 100 0.512820512820513;
25 102 -0.166666666666667;
26 27 0.656441717791411;
26 28 0.940789473684211;
26 29 0.775510204081633;
26 30 0.809210526315789;
26 31 0.732876712328767;
26 32 0.899328859060403;
26 33 0.658536585365854;
26 36 0.512396694214876;
26 68 0.610738255033557;
26 69 0.878980891719745;
26 70 0.821192052980132;
26 71 0.537634408602151;
26 72 0.570552147239264;
26 73 0.574324324324324;
26 78 0.726666666666667;
26 79 0.76978417266187;
26 80 0.669117647058823;
26 81 0.840579710144927;
26 82 0.646666666666667;
26 83 0.54375;
26 84 0.554838709677419;
26 85 0.550632911392405;
26 86 0.550335570469799;
26 87 0.717557251908397;
26 88 0.644171779141104;
26 90 0.690789473684211;
26 91 0.737179487179487;
26 92 0.664473684210526;
26 93 0.764331210191083;
26 94 0.746376811594203;
26 95 0.769230769230769;
26 98 0.690322580645161;
26 100 0.59375;
26 101 0.549019607843137;
26 102 -0.108695652173913;
27 28 0.714975845410628;
27 29 0.8;
27 30 0.586734693877551;
27 31 0.775401069518717;
27 32 0.739795918367347;
27 33 0.94170403587444;
27 68 0.921182266009852;
27 69 0.728971962616822;
27 70 0.771573604060914;
27 78 0.51207729468599;
27 79 0.48989898989899;
27 81 0.574712643678161;
27 91 0.5;
27 93 0.52803738317757;
27 95 0.524752475247525;
27 100 0.671232876712329;
27 101 0.566666666666667;
27 102 -0.148148148148148;
28 29 0.805263157894737;
28 30 0.831578947368421;
28 31 0.707182320441989;
28 32 0.907216494845361;
28 33 0.70952380952381;
28 68 0.661458333333333;
28 69 0.879807692307692;
28 70 0.845360824742268;
28 71 0.608695652173913;
28 72 0.606796116504854;
28 73 0.630208333333333;
28 78 0.755102040816326;
28 79 0.782608695652174;
28 80 0.707182320441989;
28 81 0.84472049689441;
28 82 0.696629213483146;
28 83 0.598039215686274;
28 84 0.595959595959596;
28 85 0.609756097560976;
28 86 0.645161290322581;
28 87 0.733333333333333;
28 88 0.666666666666667;
28 90 0.72020725388601;
28 91 0.742574257425743;
28 92 0.691489361702128;
28 93 0.773399014778325;
28 94 0.761111111111111;
28 95 0.752631578947368;
28 98 0.683417085427136;
28 100 0.652173913043478;
28 101 0.564516129032258;
28 102 -0.107142857142857;
29 30 0.744565217391304;
29 31 0.732142857142857;
29 32 0.819209039548023;
29 33 0.807881773399015;
29 68 0.806451612903226;
29 69 0.809278350515464;
29 70 0.808988764044944;
29 73 0.5;
29 78 0.617021276595745;
29 79 0.605555555555556;
29 80 0.553672316384181;
29 81 0.668831168831169;
29 82 0.5;
29 85 0.49238578680203;
29 87 0.591463414634146;
29 88 0.537688442211055;
29 90 0.593582887700535;
29 91 0.592783505154639;
29 92 0.505555555555556;
29 93 0.594871794871795;
29 94 0.58659217877095;
29 95 0.598930481283422;
29 98 0.544041450777202;
29 100 0.617647058823529;
29 101 0.543859649122807;
30 31 0.603351955307263;
30 32 0.795698924731183;
30 33 0.577889447236181;
30 68 0.547872340425532;
30 69 0.832460732984293;
30 70 0.728260869565217;
30 71 0.619834710743802;
30 72 0.620512820512821;
30 73 0.618279569892473;
30 78 0.689839572192513;
30 79 0.805714285714286;
30 80 0.726744186046512;
30 81 0.74;
30 82 0.582822085889571;
30 83 0.647668393782383;
30 84 0.616580310880829;
30 85 0.646464646464647;
30 86 0.736526946107784;
30 87 0.744186046511628;
30 88 0.649746192893401;
30 90 0.666666666666667;
30 91 0.661538461538462;
30 92 0.595505617977528;
30 93 0.697916666666667;
30 94 0.770588235294118;
30 95 0.694300518134715;
30 98 0.666666666666667;
30 100 0.722222222222222;
30 101 0.688524590163934;
31 32 0.705555555555556;
31 33 0.768421052631579;
31 68 0.743016759776536;
31 69 0.700534759358289;
31 70 0.761111111111111;
31 78 0.581920903954802;
31 79 0.542682926829268;
31 81 0.644295302013423;
31 82 0.530487804878049;
31 87 0.527950310559006;
31 88 0.50531914893617;
31 90 0.553672316384181;
31 91 0.553763440860215;
31 93 0.576923076923077;
31 94 0.51875;
31 95 0.583333333333333;
31 98 0.541436464088398;
31 100 0.558823529411765;
31 101 0.557377049180328;
31 102 -0.0909090909090909;
32 33 0.733668341708543;
32 68 0.685082872928177;
32 69 0.898477157360406;
32 70 0.860103626943005;
32 71 0.5625;
32 72 0.540816326530612;
32 73 0.591160220994475;
32 78 0.706521739130435;
32 79 0.71264367816092;
32 80 0.668604651162791;
32 81 0.846666666666667;
32 82 0.650887573964497;
32 83 0.530927835051546;
32 84 0.590425531914894;
32 85 0.538860103626943;
32 86 0.556818181818182;
32 87 0.690909090909091;
32 88 0.637755102040816;
32 90 0.677595628415301;
32 91 0.684210526315789;
32 92 0.629213483146067;
32 93 0.717277486910995;
32 94 0.68452380952381;
32 95 0.726315789473684;
32 98 0.638297872340426;
32 100 0.602941176470588;
32 101 0.557377049180328;
32 102 -0.127272727272727;
33 68 0.902912621359223;
33 69 0.714285714285714;
33 70 0.753768844221106;
33 78 0.504761904761905;
33 81 0.564971751412429;
33 91 0.493087557603687;
33 93 0.516129032258065;
33 95 0.517073170731707;
33 100 0.64;
33 101 0.532258064516129;
33 102 -0.178571428571429;
34 35 0.850515463917526;
34 36 0.661764705882353;
34 37 0.728323699421965;
34 38 0.704433497536946;
34 39 0.813131313131313;
34 40 0.662857142857143;
34 41 0.790575916230366;
34 42 0.729591836734694;
34 43 0.812807881773399;
34 44 0.810945273631841;
34 45 0.637837837837838;
34 46 0.83743842364532;
34 47 0.8;
34 48 0.777777777777778;
34 49 0.73394495412844;
34 50 0.804054054054054;
34 51 0.854922279792746;
34 52 0.797752808988764;
34 53 0.745562130177515;
34 54 0.777227722772277;
34 55 0.78;
34 56 0.587064676616915;
34 57 0.886138613861386;
34 58 0.741496598639456;
34 59 0.82741116751269;
34 60 0.785714285714286;
34 61 0.78;
34 62 0.78125;
34 63 0.767326732673267;
34 64 0.813559322033898;
34 65 0.78894472361809;
34 66 0.5;
34 67 0.676767676767677;
34 74 0.83743842364532;
34 75 0.813131313131313;
34 76 0.801169590643275;
34 77 0.775;
34 89 0.78974358974359;
34 96 0.796296296296296;
34 97 0.792929292929293;
34 99 0.850746268656716;
34 102 0.75;
35 36 0.673611111111111;
35 37 0.771739130434783;
35 38 0.71563981042654;
35 39 0.825242718446602;
35 40 0.674033149171271;
35 41 0.844221105527638;
35 42 0.774509803921569;
35 43 0.828571428571429;
35 44 0.84688995215311;
35 45 0.625;
35 46 0.753554502369668;
35 47 0.802197802197802;
35 48 0.796116504854369;
35 49 0.747826086956522;
35 50 0.857142857142857;
35 51 0.835820895522388;
35 52 0.857142857142857;
35 53 0.788888888888889;
35 54 0.8;
35 55 0.859903381642512;
35 56 0.62200956937799;
35 57 0.865;
35 58 0.790540540540541;
35 59 0.844660194174757;
35 60 0.801980198019802;
35 61 0.778846153846154;
35 62 0.781094527363184;
35 63 0.788461538461538;
35 64 0.813186813186813;
35 65 0.816425120772947;
35 66 0.560975609756098;
35 67 0.694174757281553;
35 74 0.753554502369668;
35 75 0.849514563106796;
35 76 0.796703296703297;
35 77 0.781512605042017;
35 89 0.771144278606965;
35 96 0.791139240506329;
35 97 0.839805825242718;
35 99 0.852941176470588;
35 102 0.703703703703704;
36 37 0.580152671755725;
36 39 0.564935064935065;
36 40 0.550335570469799;
36 41 0.699300699300699;
36 42 0.653333333333333;
36 43 0.668831168831169;
36 44 0.664473684210526;
36 46 0.612903225806452;
36 47 0.707692307692308;
36 48 0.743421052631579;
36 49 0.632352941176471;
36 50 0.55045871559633;
36 51 0.68;
36 52 0.671052631578947;
36 53 0.5;
36 54 0.655844155844156;
36 55 0.708609271523179;
36 57 0.729166666666667;
36 58 0.630630630630631;
36 59 0.585526315789474;
36 60 0.72027972027972;
36 61 0.671052631578947;
36 62 0.555555555555556;
36 63 0.620915032679739;
36 64 0.606666666666667;
36 65 0.647058823529412;
36 67 0.589403973509934;
36 69 0.5;
36 71 0.535714285714286;
36 74 0.625806451612903;
36 75 0.72108843537415;
36 76 0.684615384615385;
36 77 0.722222222222222;
36 78 0.496402877697842;
36 79 0.532846715328467;
36 86 0.517730496453901;
36 89 0.598639455782313;
36 90 0.552447552447552;
36 91 0.537414965986395;
36 93 0.503355704697987;
36 94 0.496296296296296;
36 96 0.694656488549618;
36 97 0.644736842105263;
36 98 0.54;
36 99 0.734375;
37 38 0.634517766497462;
37 39 0.790575916230366;
37 40 0.581818181818182;
37 41 0.714285714285714;
37 42 0.652849740932642;
37 43 0.719387755102041;
37 44 0.717948717948718;
37 45 0.570621468926554;
37 46 0.65989847715736;
37 47 0.728723404255319;
37 48 0.6875;
37 49 0.80327868852459;
37 50 0.8;
37 51 0.747311827956989;
37 52 0.747126436781609;
37 53 0.724324324324324;
37 54 0.748717948717949;
37 55 0.699481865284974;
37 56 0.551546391752577;
37 57 0.739130434782609;
37 58 0.752;
37 59 0.802083333333333;
37 60 0.717391304347826;
37 61 0.651282051282051;
37 62 0.67027027027027;
37 63 0.742268041237113;
37 64 0.696969696969697;
37 65 0.765625;
37 66 0.521505376344086;
37 67 0.692708333333333;
37 74 0.710659898477157;
37 75 0.722513089005236;
37 76 0.725388601036269;
37 77 0.792307692307692;
37 89 0.756476683937824;
37 96 0.655172413793103;
37 97 0.791666666666667;
37 99 0.851063829787234;
37 102 0.5;
38 39 0.751131221719457;
38 40 0.548717948717949;
38 41 0.621495327102804;
38 42 0.557077625570776;
38 43 0.68141592920354;
38 44 0.754464285714286;
38 45 0.70048309178744;
38 46 0.66079295154185;
38 47 0.622448979591837;
38 48 0.624434389140271;
38 49 0.647540983606557;
38 50 0.703488372093023;
38 51 0.694444444444444;
38 52 0.658415841584158;
38 53 0.678756476683938;
38 54 0.737777777777778;
38 55 0.62780269058296;
38 56 0.584821428571429;
38 57 0.654205607476635;
38 58 0.627450980392157;
38 59 0.742081447963801;
38 60 0.632075471698113;
38 61 0.59375;
38 62 0.728971962616822;
38 63 0.709821428571429;
38 64 0.692307692307692;
38 65 0.671171171171171;
38 66 0.601851851851852;
38 67 0.660633484162896;
38 71 -0.138888888888889;
38 72 -0.0945945945945946;
38 73 -0.130434782608696;
38 74 0.709251101321586;
38 75 0.67741935483871;
38 76 0.675257731958763;
38 77 0.656488549618321;
38 83 -0.0909090909090909;
38 84 -0.0938967136150235;
38 87 -0.0888888888888889;
38 89 0.71889400921659;
38 96 0.614035087719298;
38 97 0.720720720720721;
38 99 0.74025974025974;
38 102 0.607142857142857;
39 40 0.617801047120419;
39 41 0.764423076923077;
39 42 0.714953271028037;
39 43 0.786363636363636;
39 44 0.839449541284404;
39 45 0.688118811881188;
39 46 0.751131221719457;
39 47 0.778947368421053;
39 48 0.75;
39 49 0.78448275862069;
39 50 0.879518072289157;
39 51 0.844339622641509;
39 52 0.771573604060914;
39 53 0.781914893617021;
39 54 0.845454545454545;
39 55 0.755760368663594;
39 56 0.645454545454546;
39 57 0.779904306220096;
39 58 0.8;
39 59 0.874418604651163;
39 60 0.758454106280193;
39 61 0.73394495412844;
39 62 0.8;
39 63 0.811926605504587;
39 64 0.84375;
39 65 0.84331797235023;
39 66 0.649289099526066;
39 67 0.717592592592593;
39 74 0.819004524886878;
39 75 0.786729857819905;
39 76 0.772486772486772;
39 77 0.8;
39 89 0.811320754716981;
39 96 0.75;
39 97 0.852534562211982;
39 99 0.753246753246753;
39 102 0.785714285714286;
40 41 0.73224043715847;
40 42 0.654255319148936;
40 43 0.723076923076923;
40 44 0.616580310880829;
40 45 0.50561797752809;
40 46 0.635897435897436;
40 47 0.695121951219512;
40 48 0.617801047120419;
40 49 0.565217391304348;
40 50 0.592857142857143;
40 51 0.661375661375661;
40 52 0.682291666666667;
40 53 0.648148148148148;
40 54 0.601036269430052;
40 55 0.697916666666667;
40 57 0.668478260869565;
40 58 0.666666666666667;
40 59 0.678947368421053;
40 60 0.664835164835165;
40 61 0.65625;
40 62 0.579234972677596;
40 63 0.632124352331606;
40 64 0.627027027027027;
40 65 0.649214659685864;
40 67 0.573684210526316;
40 74 0.635897435897436;
40 75 0.698924731182796;
40 76 0.660493827160494;
40 77 0.53921568627451;
40 89 0.679144385026738;
40 96 0.625766871165644;
40 97 0.664921465968586;
40 99 0.84;
40 102 0.607142857142857;
41 42 0.85024154589372;
41 43 0.84037558685446;
41 44 0.777251184834123;
41 45 0.576530612244898;
41 46 0.757009345794392;
41 47 0.803191489361702;
41 48 0.808612440191388;
41 49 0.756302521008403;
41 50 0.801204819277108;
41 51 0.84390243902439;
41 52 0.830687830687831;
41 53 0.736559139784946;
41 54 0.727699530516432;
41 55 0.890995260663507;
41 56 0.535545023696682;
41 57 0.831683168316832;
41 58 0.8125;
41 59 0.813397129186603;
41 60 0.815;
41 61 0.796208530805687;
41 62 0.733990147783251;
41 63 0.744075829383886;
41 64 0.71978021978022;
41 65 0.789473684210526;
41 66 0.517241379310345;
41 67 0.650717703349282;
41 74 0.747663551401869;
41 75 0.84390243902439;
41 76 0.838709677419355;
41 77 0.75;
41 89 0.769607843137255;
41 96 0.767295597484277;
41 97 0.799043062200957;
41 99 0.942857142857143;
41 102 0.591836734693878;
42 43 0.756880733944954;
42 44 0.740740740740741;
42 45 0.542713567839196;
42 46 0.698630136986301;
42 47 0.703125;
42 48 0.737089201877934;
42 49 0.663865546218487;
42 50 0.763313609467456;
42 51 0.779904306220096;
42 52 0.805128205128205;
42 53 0.698412698412698;
42 54 0.697247706422018;
42 55 0.753488372093023;
42 56 0.506912442396313;
42 57 0.768115942028985;
42 58 0.831081081081081;
42 59 0.751173708920188;
42 60 0.733009708737864;
42 61 0.728110599078341;
42 62 0.677884615384615;
42 63 0.685185185185185;
42 64 0.708994708994709;
42 65 0.772093023255814;
42 67 0.574766355140187;
42 69 0.495238095238095;
42 74 0.698630136986301;
42 75 0.765258215962441;
42 76 0.759162303664921;
42 77 0.6484375;
42 89 0.712918660287081;
42 96 0.684848484848485;
42 97 0.738317757009346;
42 99 0.819444444444444;
42 102 0.686274509803922;
43 44 0.807174887892377;
43 45 0.62621359223301;
43 46 0.814159292035398;
43 47 0.851282051282051;
43 48 0.745454545454545;
43 49 0.702479338842975;
43 50 0.789473684210526;
43 51 0.865116279069767;
43 52 0.82089552238806;
43 53 0.765625;
43 54 0.758928571428571;
43 55 0.837837837837838;
43 56 0.551569506726457;
43 57 0.841121495327103;
43 58 0.784313725490196;
43 59 0.840909090909091;
43 60 0.796208530805687;
43 61 0.798206278026906;
43 62 0.746478873239437;
43 63 0.762331838565022;
43 64 0.77319587628866;
43 65 0.796380090497738;
43 66 0.52093023255814;
43 67 0.663636363636364;
43 74 0.769911504424779;
43 75 0.824074074074074;
43 76 0.829015544041451;
43 77 0.732824427480916;
43 89 0.768518518518518;
43 96 0.795321637426901;
43 97 0.796380090497738;
43 99 0.883116883116883;
43 102 0.732142857142857;
44 45 0.67156862745098;
44 46 0.776785714285714;
44 47 0.735751295336788;
44 48 0.779816513761468;
44 49 0.768595041322314;
44 50 0.875739644970414;
44 51 0.854460093896714;
44 52 0.798994974874372;
44 53 0.763157894736842;
44 54 0.837837837837838;
44 55 0.786363636363636;
44 56 0.624434389140271;
44 57 0.800947867298578;
44 58 0.796052631578947;
44 59 0.830275229357798;
44 60 0.752380952380952;
44 61 0.733031674208145;
44 62 0.800947867298578;
44 63 0.778280542986425;
44 64 0.817708333333333;
44 65 0.757990867579909;
44 66 0.621495327102804;
44 67 0.701834862385321;
44 74 0.803571428571429;
44 75 0.86046511627907;
44 76 0.769633507853403;
44 77 0.790697674418605;
44 89 0.766355140186916;
44 96 0.791666666666667;
44 97 0.817351598173516;
44 99 0.853333333333333;
44 102 0.678571428571429;
45 46 0.618357487922705;
45 47 0.584269662921348;
45 48 0.567164179104478;
45 49 0.592592592592593;
45 50 0.649350649350649;
45 51 0.634517766497462;
45 52 0.53551912568306;
45 53 0.643243243243243;
45 54 0.668292682926829;
45 55 0.563725490196078;
45 56 0.549019607843137;
45 57 0.618556701030928;
45 58 0.651006711409396;
45 59 0.671641791044776;
45 60 0.61139896373057;
45 61 0.495098039215686;
45 62 0.627551020408163;
45 63 0.635922330097087;
45 64 0.632768361581921;
45 65 0.613861386138614;
45 66 0.510204081632653;
45 67 0.628712871287129;
45 71 -0.149606299212598;
45 72 -0.138613861386139;
45 73 -0.176470588235294;
45 74 0.671497584541063;
45 75 0.649746192893401;
45 76 0.603448275862069;
45 77 0.637931034482759;
45 80 -0.112994350282486;
45 83 -0.115;
45 84 -0.124352331606218;
45 85 -0.095;
45 87 -0.128834355828221;
45 88 -0.0878048780487805;
45 89 0.604060913705584;
45 92 -0.0972972972972973;
45 96 0.549019607843137;
45 97 0.648514851485149;
45 99 0.652777777777778;
45 100 -0.166666666666667;
45 102 0.535714285714286;
46 47 0.724489795918367;
46 48 0.728506787330317;
46 49 0.672131147540984;
46 50 0.715116279069767;
46 51 0.833333333333333;
46 52 0.747524752475248;
46 53 0.797927461139896;
46 54 0.777777777777778;
46 55 0.73542600896861;
46 56 0.535714285714286;
46 57 0.841121495327103;
46 58 0.705882352941177;
46 59 0.764705882352941;
46 60 0.726415094339623;
46 61 0.758928571428571;
46 62 0.742990654205608;
46 63 0.732142857142857;
46 64 0.769230769230769;
46 65 0.761261261261261;
46 66 0.518518518518518;
46 67 0.647058823529412;
46 74 0.885462555066079;
46 75 0.792626728110599;
46 76 0.788659793814433;
46 77 0.725190839694656;
46 89 0.764976958525346;
46 96 0.690058479532164;
46 97 0.752252252252252;
46 99 0.844155844155844;
46 102 0.75;
47 48 0.791666666666667;
47 49 0.768595041322314;
47 50 0.759036144578313;
47 51 0.848648648648649;
47 52 0.791907514450867;
47 53 0.690217391304348;
47 54 0.752577319587629;
47 55 0.796875;
47 56 0.50259067357513;
47 57 0.836065573770492;
47 58 0.706349206349206;
47 59 0.802083333333333;
47 60 0.881720430107527;
47 61 0.81025641025641;
47 62 0.701086956521739;
47 63 0.712820512820513;
47 64 0.757575757575758;
47 65 0.81151832460733;
47 66 0.494623655913978;
47 67 0.638743455497382;
47 74 0.714285714285714;
47 75 0.773684210526316;
47 76 0.848648648648649;
47 77 0.816;
47 89 0.764705882352941;
47 96 0.736111111111111;
47 97 0.81151832460733;
47 99 0.854166666666667;
47 102 0.823529411764706;
48 49 0.739495798319328;
48 50 0.760479041916168;
48 51 0.815165876777251;
48 52 0.781725888324873;
48 53 0.712765957446808;
48 54 0.794520547945205;
48 55 0.76036866359447;
48 56 0.600917431192661;
48 57 0.822966507177033;
48 58 0.758389261744966;
48 59 0.746543778801843;
48 60 0.802884615384615;
48 61 0.752293577981651;
48 62 0.698564593301435;
48 63 0.706422018348624;
48 64 0.747368421052632;
48 65 0.764976958525346;
48 66 0.519047619047619;
48 67 0.646511627906977;
48 74 0.746606334841629;
48 75 0.815165876777251;
48 76 0.783068783068783;
48 77 0.736434108527132;
48 89 0.726415094339623;
48 96 0.751479289940828;
48 97 0.788018433179724;
48 99 0.810810810810811;
48 102 0.672727272727273;
49 50 0.769230769230769;
49 51 0.736842105263158;
49 52 0.717171717171717;
49 53 0.684684684684685;
49 54 0.84297520661157;
49 55 0.725;
49 56 0.529411764705882;
49 57 0.709090909090909;
49 58 0.653333333333333;
49 59 0.825;
49 60 0.73728813559322;
49 61 0.669421487603306;
49 62 0.643478260869565;
49 63 0.727272727272727;
49 64 0.690721649484536;
49 65 0.743801652892562;
49 66 0.58974358974359;
49 67 0.697478991596639;
49 74 0.745901639344262;
49 75 0.729508196721312;
49 76 0.775;
49 77 0.807339449541284;
49 89 0.915966386554622;
49 96 0.717948717948718;
49 97 0.793388429752066;
50 51 0.839506172839506;
50 52 0.785234899328859;
50 53 0.75625;
50 54 0.795321637426901;
50 55 0.794117647058823;
50 56 0.615384615384615;
50 57 0.8;
50 58 0.847619047619048;
50 59 0.862275449101796;
50 60 0.773006134969325;
50 61 0.652941176470588;
50 62 0.810975609756098;
50 63 0.798816568047337;
50 64 0.76056338028169;
50 65 0.80952380952381;
50 66 0.598765432098765;
50 67 0.738095238095238;
50 74 0.767441860465116;
50 75 0.849397590361446;
50 76 0.783950617283951;
50 77 0.743801652892562;
50 89 0.771604938271605;
50 96 0.775;
50 97 0.833333333333333;
50 99 0.804347826086957;
50 101 0.5;
50 102 0.75;
51 52 0.856410256410256;
51 53 0.758241758241758;
51 54 0.827906976744186;
51 55 0.834905660377358;
51 56 0.602803738317757;
51 57 0.897058823529412;
51 58 0.832214765100671;
51 59 0.843601895734597;
51 60 0.801980198019802;
51 61 0.854460093896714;
51 62 0.75609756097561;
51 63 0.769953051643192;
51 64 0.830687830687831;
51 65 0.825471698113208;
51 66 0.541463414634146;
51 67 0.654028436018957;
51 74 0.833333333333333;
51 75 0.825242718446602;
51 76 0.885869565217391;
51 77 0.796747967479675;
51 89 0.782608695652174;
51 96 0.778443113772455;
51 97 0.839622641509434;
51 99 0.906666666666667;
51 102 0.767857142857143;
52 53 0.717647058823529;
52 54 0.795;
52 55 0.848484848484849;
52 56 0.587939698492462;
52 57 0.867724867724868;
52 58 0.84;
52 59 0.802030456852792;
52 60 0.802139037433155;
52 61 0.839195979899497;
52 62 0.752631578947368;
52 63 0.76;
52 64 0.755208333333333;
52 65 0.82741116751269;
52 67 0.690355329949239;
52 74 0.737623762376238;
52 75 0.776041666666667;
52 76 0.818713450292398;
52 77 0.712962962962963;
52 89 0.791666666666667;
52 96 0.726190476190476;
52 97 0.83756345177665;
52 99 0.933333333333333;
52 102 0.740740740740741;
53 54 0.759162303664921;
53 55 0.710526315789474;
53 56 0.626315789473684;
53 57 0.755555555555556;
53 58 0.763358778625954;
53 59 0.797872340425532;
53 60 0.701657458563536;
53 61 0.654450261780105;
53 62 0.723756906077348;
53 63 0.778947368421053;
53 64 0.734567901234568;
53 65 0.792553191489362;
53 66 0.527472527472527;
53 67 0.686170212765957;
53 74 0.766839378238342;
53 75 0.780748663101604;
53 76 0.736263736263736;
53 77 0.705882352941177;
53 89 0.759562841530055;
53 96 0.678571428571429;
53 97 0.803191489361702;
53 99 0.781818181818182;
53 102 0.882352941176471;
54 55 0.746606334841629;
54 56 0.654708520179372;
54 57 0.784037558685446;
54 58 0.776315789473684;
54 59 0.82648401826484;
54 60 0.777251184834123;
54 61 0.747747747747748;
54 62 0.746478873239437;
54 63 0.792792792792793;
54 64 0.798969072164949;
54 65 0.8;
54 66 0.602803738317757;
54 67 0.686363636363636;
54 74 0.831111111111111;
54 75 0.734883720930233;
54 76 0.787564766839378;
54 77 0.846153846153846;
54 89 0.841860465116279;
54 96 0.698224852071006;
54 97 0.831818181818182;
54 99 0.805194805194805;
54 102 0.709090909090909;
55 56 0.55;
55 57 0.819905213270142;
55 58 0.781456953642384;
55 59 0.806451612903226;
55 60 0.793269230769231;
55 61 0.795454545454545;
55 62 0.742857142857143;
55 63 0.722727272727273;
55 64 0.691099476439791;
55 65 0.770642201834862;
55 66 0.514150943396226;
55 67 0.63594470046083;
55 74 0.726457399103139;
55 75 0.802816901408451;
55 76 0.826315789473684;
55 77 0.746153846153846;
55 89 0.755868544600939;
55 96 0.761904761904762;
55 97 0.788990825688073;
55 99 0.907894736842105;
55 102 0.62962962962963;
56 57 0.575471698113208;
56 58 0.576158940397351;
56 59 0.619266055045872;
56 60 0.509523809523809;
56 62 0.580188679245283;
56 63 0.619909502262443;
56 64 0.549222797927461;
56 65 0.602739726027397;
56 66 0.544600938967136;
56 67 0.552511415525114;
56 71 -0.141843971631206;
56 74 0.589285714285714;
56 75 0.58411214953271;
56 76 0.546875;
56 77 0.546875;
56 89 0.602803738317757;
56 96 0.538461538461538;
56 97 0.643835616438356;
56 99 0.61038961038961;
56 102 0.714285714285714;
57 58 0.802631578947368;
57 59 0.793269230769231;
57 60 0.830845771144279;
57 61 0.838862559241706;
57 62 0.748768472906404;
57 63 0.744075829383886;
57 64 0.814207650273224;
57 65 0.822966507177033;
57 67 0.655502392344498;
57 74 0.803738317757009;
57 75 0.838235294117647;
57 76 0.857142857142857;
57 77 0.761538461538461;
57 89 0.759803921568627;
57 96 0.804733727810651;
57 97 0.784688995215311;
57 99 0.935064935064935;
57 102 0.727272727272727;
58 59 0.818791946308725;
58 60 0.746666666666667;
58 61 0.695364238410596;
58 62 0.719178082191781;
58 63 0.748344370860927;
58 64 0.73972602739726;
58 65 0.766666666666667;
58 66 0.503267973856209;
58 67 0.691275167785235;
58 74 0.738562091503268;
58 75 0.790540540540541;
58 76 0.745901639344262;
58 77 0.678571428571429;
58 89 0.791666666666667;
58 96 0.736434108527132;
58 97 0.844594594594595;
58 99 0.901960784313726;
58 100 -0.0967741935483871;
58 102 0.627450980392157;
59 60 0.762135922330097;
59 61 0.729357798165138;
59 62 0.783653846153846;
59 63 0.811926605504587;
59 64 0.794736842105263;
59 65 0.805555555555556;
59 66 0.642857142857143;
59 67 0.720930232558139;
59 74 0.796380090497738;
59 75 0.811320754716981;
59 76 0.825396825396825;
59 77 0.813953488372093;
59 89 0.829383886255924;
59 96 0.754491017964072;
59 97 0.861111111111111;
59 99 0.743243243243243;
59 102 0.727272727272727;
60 61 0.804761904761905;
60 62 0.715;
60 63 0.708133971291866;
60 64 0.730769230769231;
60 65 0.801932367149758;
60 66 0.507246376811594;
60 67 0.657004830917874;
60 74 0.764150943396226;
60 75 0.783653846153846;
60 76 0.824175824175824;
60 77 0.747899159663866;
60 89 0.733990147783251;
60 96 0.700636942675159;
60 97 0.782608695652174;
60 99 0.880597014925373;
60 102 0.611111111111111;
61 62 0.644549763033175;
61 63 0.678733031674208;
61 64 0.75;
61 65 0.789954337899543;
61 67 0.545871559633027;
61 74 0.732142857142857;
61 75 0.725581395348837;
61 76 0.848958333333333;
61 77 0.728682170542636;
61 89 0.734883720930233;
61 96 0.68452380952381;
61 97 0.776255707762557;
61 99 0.853333333333333;
61 102 0.745454545454545;
62 63 0.76303317535545;
62 64 0.737704918032787;
62 65 0.745283018867924;
62 66 0.566502463054187;
62 67 0.679425837320574;
62 74 0.766355140186916;
62 75 0.764705882352941;
62 76 0.693989071038251;
62 77 0.712;
62 89 0.726829268292683;
62 96 0.714285714285714;
62 97 0.757142857142857;
62 99 0.819444444444444;
62 102 0.641509433962264;
63 64 0.756476683937824;
63 65 0.780821917808219;
63 66 0.582159624413146;
63 67 0.715596330275229;
63 74 0.794642857142857;
63 75 0.785046728971963;
63 76 0.774869109947644;
63 77 0.769230769230769;
63 89 0.766355140186916;
63 96 0.662721893491124;
63 97 0.808219178082192;
63 99 0.786666666666667;
63 100 -0.0958904109589041;
63 102 0.553571428571429;
64 65 0.780104712041885;
64 66 0.53968253968254;
64 67 0.680628272251309;
64 74 0.779487179487179;
64 75 0.779569892473118;
64 76 0.754601226993865;
64 77 0.752475247524752;
64 89 0.752688172043011;
64 96 0.695121951219512;
64 97 0.778947368421053;
64 99 0.767123287671233;
64 102 0.759259259259259;
65 66 0.587677725118483;
65 67 0.662037037037037;
65 74 0.806306306306306;
65 75 0.787735849056604;
65 76 0.80952380952381;
65 77 0.7734375;
65 89 0.788732394366197;
65 96 0.720238095238095;
65 97 0.830275229357798;
65 99 0.810810810810811;
65 102 0.745454545454545;
66 67 0.528571428571429;
66 71 -0.195488721804511;
66 72 -0.161137440758294;
66 73 -0.17910447761194;
66 74 0.583333333333333;
66 75 0.545023696682464;
66 76 0.530054644808743;
66 77 0.553719008264463;
66 80 -0.13903743315508;
66 81 -0.0882352941176471;
66 82 -0.0939226519337017;
66 83 -0.172248803827751;
66 84 -0.188405797101449;
66 85 -0.14018691588785;
66 86 -0.104972375690608;
66 87 -0.148571428571429;
66 88 -0.0892018779342723;
66 89 0.611650485436893;
66 97 0.630331753554502;
66 99 0.549295774647887;
66 100 -0.133333333333333;
66 102 0.553571428571429;
67 73 -0.0891089108910891;
67 74 0.692307692307692;
67 75 0.729857819905213;
67 76 0.652631578947368;
67 77 0.7109375;
67 89 0.691943127962085;
67 96 0.646706586826347;
67 97 0.699074074074074;
67 99 0.693333333333333;
68 69 0.665;
68 70 0.697802197802198;
68 81 0.549382716049383;
68 93 0.5;
68 95 0.502645502645503;
68 100 0.6;
68 101 0.491803278688525;
68 102 -0.111111111111111;
69 70 0.862944162436548;
69 71 0.559440559440559;
69 72 0.568075117370892;
69 73 0.601010101010101;
69 78 0.688118811881188;
69 79 0.723958333333333;
69 80 0.682539682539683;
69 81 0.798816568047337;
69 82 0.634408602150538;
69 83 0.554502369668246;
69 84 0.588235294117647;
69 85 0.57345971563981;
69 86 0.592592592592593;
69 87 0.715116279069767;
69 88 0.663551401869159;
69 90 0.685;
69 91 0.697115384615385;
69 92 0.61734693877551;
69 93 0.708133971291866;
69 94 0.695187165775401;
69 95 0.705583756345178;
69 98 0.673076923076923;
69 100 0.597014925373134;
69 101 0.616666666666667;
70 73 0.533333333333333;
70 78 0.641304347826087;
70 79 0.645348837209302;
70 80 0.597633136094675;
70 81 0.736842105263158;
70 82 0.571428571428571;
70 84 0.51063829787234;
70 86 0.494252873563218;
70 87 0.634146341463415;
70 88 0.57948717948718;
70 90 0.604395604395604;
70 91 0.621052631578947;
70 92 0.553672316384181;
70 93 0.642105263157895;
70 94 0.609467455621302;
70 95 0.650793650793651;
70 98 0.587301587301587;
70 100 0.558823529411765;
70 101 0.524590163934426;
71 72 0.971830985915493;
71 73 0.927536231884058;
71 78 0.814285714285714;
71 79 0.828571428571429;
71 80 0.823943661971831;
71 81 0.948453608247423;
71 82 0.823008849557522;
71 83 0.964285714285714;
71 84 0.932330827067669;
71 85 0.949275362318841;
71 86 0.884297520661157;
71 87 0.8;
71 88 0.822695035460993;
71 90 0.871212121212121;
71 91 0.838235294117647;
71 92 0.839160839160839;
71 93 0.840579710144927;
71 94 0.798507462686567;
71 95 0.78125;
71 98 0.858208955223881;
72 73 0.901960784313726;
72 78 0.757281553398058;
72 79 0.857142857142857;
72 80 0.849740932642487;
72 81 0.820809248554913;
72 82 0.722826086956522;
72 83 0.894495412844037;
72 84 0.880952380952381;
72 85 0.883720930232558;
72 86 0.804232804232804;
72 87 0.834285714285714;
72 88 0.761467889908257;
72 90 0.799019607843137;
72 91 0.768867924528302;
72 92 0.752475247524752;
72 93 0.802816901408451;
72 94 0.836842105263158;
72 95 0.746268656716418;
72 98 0.776190476190476;
72 100 0.777777777777778;
72 101 0.542372881355932;
73 78 0.771844660194175;
73 79 0.856353591160221;
73 80 0.870786516853933;
73 81 0.859872611464968;
73 82 0.732142857142857;
73 83 0.876237623762376;
73 84 0.925373134328358;
73 85 0.868292682926829;
73 86 0.797687861271676;
73 87 0.873493975903614;
73 88 0.779411764705882;
73 90 0.807291666666667;
73 91 0.767326732673267;
73 92 0.752688172043011;
73 93 0.803030303030303;
73 94 0.835227272727273;
73 95 0.75;
73 98 0.76530612244898;
73 100 0.934426229508197;
73 101 0.56;
74 75 0.792626728110599;
74 76 0.77319587628866;
74 77 0.748091603053435;
74 89 0.80184331797235;
74 96 0.701754385964912;
74 97 0.788288288288288;
74 99 0.831168831168831;
74 102 0.75;
75 76 0.819148936170213;
75 77 0.761904761904762;
75 89 0.729468599033816;
75 96 0.795031055900621;
75 97 0.80188679245283;
75 99 0.823529411764706;
75 102 0.653846153846154;
76 77 0.8359375;
76 89 0.784210526315789;
76 96 0.732394366197183;
76 97 0.825396825396825;
76 99 0.891304347826087;
76 102 0.892857142857143;
77 89 0.826771653543307;
77 96 0.631578947368421;
77 97 0.815384615384615;
77 99 0.647058823529412;
77 100 -0.4;
78 79 0.972972972972973;
78 80 0.901098901098901;
78 81 0.937888198757764;
78 82 0.843023255813954;
78 83 0.760975609756098;
78 84 0.751243781094527;
78 85 0.753623188405797;
78 86 0.819209039548023;
78 87 0.910179640718563;
78 88 0.836538461538462;
78 90 0.917948717948718;
78 91 0.950980392156863;
78 92 0.867021276595745;
78 93 0.95049504950495;
78 94 0.95;
78 95 0.890625;
78 98 0.87;
78 100 0.634920634920635;
78 101 0.519230769230769;
79 80 0.937823834196891;
79 81 0.980132450331126;
79 82 0.900621118012422;
79 83 0.856410256410256;
79 84 0.844086021505376;
79 85 0.845360824742268;
79 86 0.964285714285714;
79 87 0.931428571428571;
79 88 0.928571428571429;
79 90 0.956521739130435;
79 91 0.989473684210526;
79 92 0.92090395480226;
79 93 1;
79 94 0.973544973544973;
79 95 0.949720670391061;
79 98 0.947368421052632;
79 100 0.903846153846154;
79 101 0.95;
80 81 0.979591836734694;
80 82 0.949367088607595;
80 83 0.848958333333333;
80 84 0.858695652173913;
80 85 0.838541666666667;
80 86 0.932926829268293;
80 87 0.976878612716763;
80 88 0.979381443298969;
80 90 0.93956043956044;
80 91 0.920212765957447;
80 92 0.96551724137931;
80 93 0.93717277486911;
80 94 0.924324324324324;
80 95 0.875;
80 98 0.973262032085562;
80 100 0.893617021276596;
80 101 1;
81 82 0.925925925925926;
81 83 0.794117647058823;
81 84 0.829268292682927;
81 85 0.783625730994152;
81 86 0.83125;
81 87 0.984732824427481;
81 88 0.92485549132948;
81 90 0.94478527607362;
81 91 0.946428571428571;
81 92 0.948051948051948;
81 93 0.982456140350877;
81 94 0.966887417218543;
81 95 0.980891719745223;
81 98 0.91812865497076;
81 100 0.64;
81 101 0.645161290322581;
82 83 0.696132596685083;
82 84 0.715909090909091;
82 85 0.685082872928177;
82 86 0.76271186440678;
82 87 0.93006993006993;
82 88 0.902173913043478;
82 90 0.863636363636364;
82 91 0.853932584269663;
82 92 0.963636363636364;
82 93 0.911111111111111;
82 94 0.878980891719745;
82 95 0.864705882352941;
82 98 0.876404494382023;
82 100 0.507462686567164;
82 101 0.612903225806452;
82 102 -0.160714285714286;
83 84 0.875;
83 85 0.953271028037383;
83 86 0.806451612903226;
83 87 0.84;
83 88 0.740740740740741;
83 90 0.772277227722772;
83 91 0.757142857142857;
83 92 0.723618090452261;
83 93 0.772511848341232;
83 94 0.835978835978836;
83 95 0.73;
83 98 0.783653846153846;
83 100 0.819444444444444;
83 101 0.593220338983051;
84 85 0.867924528301887;
84 86 0.786516853932584;
84 87 0.850574712643678;
84 88 0.766666666666667;
84 90 0.777777777777778;
84 91 0.752380952380952;
84 92 0.729166666666667;
84 93 0.784313725490196;
84 94 0.824175824175824;
84 95 0.733333333333333;
84 98 0.758620689655172;
84 100 0.833333333333333;
84 101 0.616666666666667;
85 86 0.794594594594595;
85 87 0.838888888888889;
85 88 0.732718894009217;
85 90 0.765853658536585;
85 91 0.75462962962963;
85 92 0.710659898477157;
85 93 0.76303317535545;
85 94 0.815789473684211;
85 95 0.723618090452261;
85 98 0.776190476190476;
85 100 0.824324324324324;
85 101 0.60655737704918;
86 87 0.917808219178082;
86 88 0.813829787234043;
86 90 0.866666666666667;
86 91 0.835164835164835;
86 92 0.775147928994083;
86 93 0.85792349726776;
86 94 0.93125;
86 95 0.760233918128655;
86 98 0.855555555555556;
86 100 0.671641791044776;
86 101 0.716666666666667;
87 88 0.97752808988764;
87 90 0.928571428571429;
87 91 0.909090909090909;
87 92 0.949367088607595;
87 93 0.931034482758621;
87 94 0.917647058823529;
87 95 0.878612716763006;
87 98 0.970930232558139;
87 100 0.884615384615385;
87 101 0.925;
88 90 0.888349514563107;
88 91 0.864485981308411;
88 92 0.925;
88 93 0.901869158878505;
88 94 0.906735751295337;
88 95 0.841584158415842;
88 98 0.933962264150943;
88 100 0.653333333333333;
88 101 0.790322580645161;
89 96 0.682926829268293;
89 97 0.807511737089202;
89 99 0.788732394366197;
89 100 -0.0869565217391304;
89 102 0.6;
90 91 0.96039603960396;
90 92 0.89247311827957;
90 93 0.960199004975124;
90 94 0.938202247191011;
90 95 0.867724867724868;
90 98 0.919191919191919;
90 100 0.623188405797101;
90 101 0.610169491525424;
91 92 0.877551020408163;
91 93 0.980769230769231;
91 94 0.962365591397849;
91 95 0.903061224489796;
91 98 0.91304347826087;
91 100 0.561643835616438;
91 101 0.616666666666667;
92 93 0.928205128205128;
92 94 0.906976744186046;
92 95 0.875675675675676;
92 98 0.911917098445596;
92 102 -0.186046511627907;
93 94 0.979166666666667;
93 95 0.95959595959596;
93 98 0.913461538461538;
93 100 0.666666666666667;
93 101 0.677966101694915;
94 95 0.948275862068966;
94 98 0.919786096256685;
94 100 0.87037037037037;
94 101 0.904761904761905;
95 98 0.861538461538462;
95 100 0.628571428571429;
95 101 0.65;
96 97 0.730538922155689;
96 99 0.746268656716418;
96 102 0.730769230769231;
97 99 0.767123287671233;
97 102 0.660714285714286;
98 100 0.643835616438356;
98 101 0.75;
99 102 0.555555555555556;
100 101 0.629032258064516]
