n = 77
taille = 1526
Mat = [0 1 0.762626262626263;
0 3 -0.420634920634921;
0 4 -0.397163120567376;
0 6 0.716666666666667;
0 8 0.661538461538462;
0 9 0.677570093457944;
0 10 0.649769585253456;
0 11 0.688118811881188;
0 12 0.664739884393064;
0 13 0.860696517412935;
0 14 0.854166666666667;
0 15 0.898550724637681;
0 16 0.833333333333333;
0 17 0.877934272300469;
0 18 1;
0 36 0.808139534883721;
0 37 0.850746268656716;
0 38 0.869565217391304;
0 50 0.7;
0 52 0.692307692307692;
0 53 0.675675675675676;
0 60 0.788079470198676;
0 61 0.66504854368932;
0 65 -0.394088669950739;
0 67 0.670731707317073;
0 68 0.662037037037037;
0 72 0.672413793103448;
0 74 0.689393939393939;
0 75 0.822916666666667;
1 13 0.764397905759162;
1 14 0.782122905027933;
1 15 0.835897435897436;
1 16 0.836734693877551;
1 17 0.763819095477387;
1 18 0.928571428571429;
1 36 0.691823899371069;
1 37 0.890625;
1 38 0.8;
1 52 0.692307692307692;
1 74 0.778625954198473;
1 75 0.8;
2 3 0.701754385964912;
2 6 -0.541984732824427;
2 7 -0.503759398496241;
2 8 -0.44578313253012;
2 9 -0.52258064516129;
2 10 -0.522012578616352;
2 11 -0.510344827586207;
2 13 -0.379084967320261;
2 14 -0.426470588235294;
2 17 -0.401273885350318;
2 31 0.754716981132076;
2 33 -0.579710144927536;
2 46 -0.503184713375796;
2 47 -0.582781456953642;
2 48 -0.574803149606299;
2 49 -0.576923076923077;
2 50 -0.545454545454545;
2 51 -0.572327044025157;
2 55 0.654088050314465;
2 56 0.659722222222222;
2 61 -0.512820512820513;
2 66 0.794871794871795;
2 67 -0.50381679389313;
2 68 -0.537974683544304;
2 71 0.700934579439252;
2 72 -0.5859375;
3 6 -0.57;
3 7 -0.532258064516129;
3 8 -0.55;
3 9 -0.546875;
3 10 -0.546153846153846;
3 11 -0.547826086956522;
3 13 -0.476190476190476;
3 14 -0.511627906976744;
3 15 -0.452380952380952;
3 16 -0.395348837209302;
3 17 -0.515384615384615;
3 18 -0.425;
3 31 0.795698924731183;
3 33 -0.731707317073171;
3 36 -0.443181818181818;
3 38 -0.388888888888889;
3 46 -0.538461538461538;
3 47 -0.639344262295082;
3 48 -0.626984126984127;
3 49 -0.6015625;
3 50 -0.5625;
3 51 -0.603053435114504;
3 55 0.7;
3 56 0.739130434782609;
3 57 0.691056910569106;
3 60 -0.408;
3 61 -0.532258064516129;
3 62 0.676923076923077;
3 66 0.681818181818182;
3 67 -0.554545454545455;
3 68 -0.587786259541985;
3 71 0.755102040816326;
3 72 -0.571428571428571;
3 75 -0.404255319148936;
3 76 -0.488372093023256;
4 6 -0.583333333333333;
4 7 -0.591304347826087;
4 8 -0.563106796116505;
4 9 -0.583333333333333;
4 10 -0.585034013605442;
4 11 -0.553030303030303;
4 12 -0.564814814814815;
4 13 -0.45985401459854;
4 14 -0.516393442622951;
4 15 -0.438848920863309;
4 16 -0.36986301369863;
4 17 -0.475524475524476;
4 18 -0.384615384615385;
4 33 -0.565217391304348;
4 36 -0.418181818181818;
4 38 -0.377777777777778;
4 46 -0.583333333333333;
4 47 -0.595744680851064;
4 48 -0.612068965517241;
4 49 -0.591549295774648;
4 50 -0.604166666666667;
4 51 -0.602739726027397;
4 53 -0.566666666666667;
4 60 -0.392857142857143;
4 61 -0.568345323741007;
4 66 0.7;
4 67 -0.581196581196581;
4 68 -0.593103448275862;
4 72 -0.555555555555556;
4 75 -0.46031746031746;
4 76 -0.545454545454545;
5 52 -0.4;
6 7 0.894366197183099;
6 8 0.936507936507937;
6 9 0.917582417582418;
6 10 0.951612903225806;
6 11 0.82183908045977;
6 12 0.807142857142857;
6 13 0.698224852071006;
6 14 0.757763975155279;
6 15 0.725714285714286;
6 16 0.657458563535912;
6 17 0.762430939226519;
6 18 0.76;
6 19 -0.365714285714286;
6 20 -0.495575221238938;
6 25 -0.545454545454545;
6 26 -0.417582417582418;
6 27 -0.558441558441558;
6 28 -0.38953488372093;
6 29 -0.4;
6 31 -0.542553191489362;
6 32 -0.468571428571429;
6 33 0.911111111111111;
6 34 -0.424731182795699;
6 35 -0.475177304964539;
6 36 0.795774647887324;
6 38 0.742138364779874;
6 39 -0.403973509933775;
6 40 -0.365714285714286;
6 41 -0.402597402597403;
6 42 -0.405555555555556;
6 44 -0.472527472527473;
6 45 -0.450980392156863;
6 46 0.960674157303371;
6 47 0.932960893854749;
6 48 0.971830985915493;
6 49 0.93956043956044;
6 50 0.969879518072289;
6 51 0.915254237288136;
6 52 1;
6 53 0.781456953642384;
6 54 -0.551515151515152;
6 55 -0.486187845303867;
6 56 -0.536764705882353;
6 57 -0.446043165467626;
6 58 -0.379120879120879;
6 59 -0.414965986394558;
6 60 0.741935483870968;
6 61 0.937142857142857;
6 62 -0.556213017751479;
6 63 -0.456;
6 64 -0.371794871794872;
6 65 -0.664705882352941;
6 66 -0.842105263157895;
6 67 0.964285714285714;
6 68 0.858695652173913;
6 69 -0.468085106382979;
6 71 -0.527472527472527;
6 72 0.818181818181818;
6 75 0.655913978494624;
6 76 0.678571428571429;
7 8 0.927835051546392;
7 9 0.936781609195402;
7 10 0.859550561797753;
7 11 0.793939393939394;
7 13 0.682352941176471;
7 14 0.704545454545455;
7 15 0.656804733727811;
7 17 0.6875;
7 19 -0.369942196531792;
7 20 -0.42962962962963;
7 25 -0.5;
7 26 -0.418079096045198;
7 27 -0.470588235294118;
7 28 -0.369942196531792;
7 29 -0.389473684210526;
7 31 -0.526785714285714;
7 32 -0.429530201342282;
7 33 0.7;
7 34 -0.486033519553073;
7 35 -0.461538461538462;
7 38 0.655172413793103;
7 39 -0.406896551724138;
7 40 -0.379310344827586;
7 41 -0.391566265060241;
7 42 -0.410404624277457;
7 44 -0.429378531073446;
7 45 -0.517857142857143;
7 46 0.834285714285714;
7 47 0.934131736526946;
7 48 0.78698224852071;
7 49 0.868571428571429;
7 50 0.913907284768212;
7 51 0.857954545454545;
7 52 1;
7 53 0.651315789473684;
7 54 -0.497005988023952;
7 55 -0.425287356321839;
7 56 -0.511111111111111;
7 57 -0.455223880597015;
7 59 -0.415492957746479;
7 61 0.958579881656805;
7 62 -0.544871794871795;
7 63 -0.431034482758621;
7 64 -0.4;
7 65 -0.547619047619048;
7 66 -0.568181818181818;
7 67 0.934959349593496;
7 68 0.804469273743017;
7 69 -0.453900709219858;
7 71 -0.487179487179487;
7 72 0.76978417266187;
7 75 0.670731707317073;
8 9 0.932835820895522;
8 10 0.904411764705882;
8 11 0.791666666666667;
8 12 0.818181818181818;
8 13 0.65;
8 14 0.705357142857143;
8 15 0.684615384615385;
8 16 0.656488549618321;
8 17 0.717557251908397;
8 18 0.8;
8 20 -0.545454545454545;
8 23 -0.384;
8 25 -0.590909090909091;
8 26 -0.403100775193798;
8 27 -0.591549295774648;
8 28 -0.370967741935484;
8 29 -0.482758620689655;
8 31 -0.480769230769231;
8 32 -0.48;
8 33 0.918367346938776;
8 34 -0.375;
8 35 -0.459770114942529;
8 36 0.759398496240602;
8 38 0.785046728971963;
8 39 -0.428571428571429;
8 41 -0.418181818181818;
8 42 -0.413533834586466;
8 43 -0.402061855670103;
8 44 -0.462121212121212;
8 45 -0.5;
8 46 0.902255639097744;
8 47 0.953125;
8 48 0.903846153846154;
8 49 0.946153846153846;
8 50 0.982758620689655;
8 51 0.93984962406015;
8 52 1;
8 53 0.815789473684211;
8 54 -0.48780487804878;
8 55 -0.412213740458015;
8 56 -0.482758620689655;
8 57 -0.382022471910112;
8 58 -0.398496240601504;
8 59 -0.495412844036697;
8 60 0.694117647058824;
8 61 0.961240310077519;
8 62 -0.521739130434783;
8 63 -0.379746835443038;
8 64 -0.405405405405405;
8 65 -0.582677165354331;
8 66 -0.888888888888889;
8 67 0.956521739130435;
8 68 0.805970149253731;
8 69 -0.408163265306122;
8 71 -0.4;
8 72 0.775510204081633;
8 75 0.670731707317073;
9 10 0.909502262443439;
9 11 0.839805825242718;
9 12 0.744318181818182;
9 13 0.719211822660099;
9 14 0.760204081632653;
9 15 0.71563981042654;
9 17 0.728110599078341;
9 20 -0.439716312056738;
9 25 -0.478527607361963;
9 26 -0.383177570093458;
9 27 -0.441176470588235;
9 28 -0.368932038834951;
9 29 -0.405660377358491;
9 31 -0.524590163934426;
9 32 -0.478260869565217;
9 33 0.733333333333333;
9 34 -0.477477477477477;
9 35 -0.467455621301775;
9 38 0.67379679144385;
9 39 -0.370786516853933;
9 41 -0.389189189189189;
9 42 -0.368663594470046;
9 44 -0.428571428571429;
9 45 -0.467532467532468;
9 46 0.873239436619718;
9 47 0.947368421052632;
9 48 0.777777777777778;
9 49 0.880184331797235;
9 50 0.948186528497409;
9 51 0.886255924170616;
9 52 1;
9 53 0.73015873015873;
9 54 -0.45320197044335;
9 55 -0.435185185185185;
9 56 -0.527272727272727;
9 57 -0.455089820359281;
9 59 -0.376404494382022;
9 60 0.657894736842105;
9 61 0.971698113207547;
9 62 -0.54040404040404;
9 63 -0.455284552845528;
9 65 -0.585365853658537;
9 66 -0.613636363636364;
9 67 0.970414201183432;
9 68 0.840909090909091;
9 69 -0.403508771929825;
9 71 -0.516393442622951;
9 72 0.827777777777778;
9 73 -0.370967741935484;
9 75 0.76;
9 76 0.648351648351648;
10 11 0.778846153846154;
10 12 0.687150837988827;
10 14 0.68;
10 17 0.683257918552036;
10 20 -0.441379310344828;
10 25 -0.478787878787879;
10 27 -0.447619047619048;
10 29 -0.403669724770642;
10 31 -0.523809523809524;
10 32 -0.439153439153439;
10 33 0.736842105263158;
10 34 -0.402654867256637;
10 35 -0.468208092485549;
10 36 0.733333333333333;
10 38 0.678947368421053;
10 44 -0.411764705882353;
10 45 -0.468354430379747;
10 46 0.953703703703704;
10 47 0.901408450704225;
10 48 0.862637362637363;
10 49 0.836363636363636;
10 50 0.949238578680203;
10 51 0.851162790697674;
10 52 1;
10 53 0.675392670157068;
10 54 -0.473170731707317;
10 55 -0.445454545454545;
10 56 -0.520710059171598;
10 57 -0.456140350877193;
10 59 -0.377777777777778;
10 60 0.653846153846154;
10 61 0.925233644859813;
10 62 -0.53960396039604;
10 63 -0.4609375;
10 65 -0.574162679425837;
10 66 -0.590909090909091;
10 67 0.970414201183432;
10 68 0.803571428571429;
10 69 -0.365714285714286;
10 71 -0.5;
10 72 0.758241758241758;
11 12 0.817073170731707;
11 13 0.729166666666667;
11 14 0.759562841530055;
11 15 0.71356783919598;
11 16 0.653465346534653;
11 17 0.720588235294118;
11 20 -0.461538461538462;
11 25 -0.496644295302013;
11 26 -0.395121951219512;
11 27 -0.468085106382979;
11 31 -0.490909090909091;
11 32 -0.461988304093567;
11 33 0.741935483870968;
11 34 -0.483253588516746;
11 35 -0.477707006369427;
11 38 0.664739884393064;
11 39 -0.383233532934132;
11 40 -0.368686868686869;
11 41 -0.371428571428571;
11 42 -0.369458128078818;
11 44 -0.426470588235294;
11 45 -0.468085106382979;
11 46 0.746268656716418;
11 47 0.83756345177665;
11 48 0.759036144578313;
11 49 0.848039215686274;
11 50 0.877777777777778;
11 51 0.844221105527638;
11 52 1;
11 53 0.737142857142857;
11 54 -0.409574468085106;
11 55 -0.406862745098039;
11 56 -0.480519480519481;
11 57 -0.435897435897436;
11 58 -0.365853658536585;
11 59 -0.36969696969697;
11 61 0.818181818181818;
11 62 -0.513513513513513;
11 63 -0.434782608695652;
11 65 -0.552083333333333;
11 66 -0.5;
11 67 0.885542168674699;
11 68 0.942028985507246;
11 69 -0.46875;
11 71 -0.487179487179487;
11 72 0.933734939759036;
11 75 0.808080808080808;
11 76 0.648351648351648;
12 13 0.691358024691358;
12 14 0.733766233766234;
12 15 0.691860465116279;
12 16 0.653179190751445;
12 17 0.6875;
12 29 -0.384615384615385;
12 32 -0.48951048951049;
12 38 0.680272108843537;
12 45 -0.508928571428571;
12 47 0.720238095238095;
12 49 0.701149425287356;
12 50 0.769736842105263;
12 51 0.692307692307692;
12 52 1;
12 53 0.932432432432432;
12 61 0.715976331360947;
12 67 0.755905511811024;
12 68 0.803370786516854;
12 72 0.759124087591241;
12 74 0.670212765957447;
12 75 0.8125;
13 14 0.923497267759563;
13 15 0.903553299492386;
13 16 0.829145728643216;
13 17 0.911764705882353;
13 18 1;
13 20 -0.386861313868613;
13 25 -0.414965986394558;
13 31 -0.44954128440367;
13 32 -0.393258426966292;
13 36 0.759259259259259;
13 37 0.846153846153846;
13 38 0.819767441860465;
13 45 -0.384615384615385;
13 47 0.685567010309278;
13 49 0.661691542288557;
13 50 0.731843575418994;
13 51 0.666666666666667;
13 53 0.68;
13 56 -0.386075949367089;
13 60 0.780821917808219;
13 61 0.692307692307692;
13 62 -0.418478260869565;
13 65 -0.440414507772021;
13 66 -0.452380952380952;
13 67 0.705882352941177;
13 68 0.717073170731707;
13 69 -0.388888888888889;
13 71 -0.394957983193277;
13 72 0.696969696969697;
13 74 0.704;
13 75 0.831460674157303;
14 15 0.936842105263158;
14 16 0.839378238341969;
14 17 0.923857868020305;
14 18 1;
14 20 -0.415492957746479;
14 25 -0.438271604938272;
14 31 -0.42741935483871;
14 32 -0.420731707317073;
14 34 -0.407960199004975;
14 36 0.769230769230769;
14 37 0.8;
14 38 0.824242424242424;
14 42 -0.371134020618557;
14 44 -0.421319796954315;
14 45 -0.5;
14 47 0.724867724867725;
14 49 0.704081632653061;
14 50 0.784883720930233;
14 51 0.705263157894737;
14 52 0.666666666666667;
14 53 0.738095238095238;
14 54 -0.375690607734807;
14 56 -0.4375;
14 57 -0.387755102040816;
14 59 -0.401273885350318;
14 60 0.75974025974026;
14 61 0.736842105263158;
14 62 -0.474576271186441;
14 63 -0.420634920634921;
14 65 -0.486486486486487;
14 66 -0.431818181818182;
14 67 0.763888888888889;
14 68 0.766169154228856;
14 69 -0.427631578947368;
14 71 -0.43801652892562;
14 72 0.748427672955975;
14 74 0.708955223880597;
14 75 0.887755102040816;
15 16 0.884615384615385;
15 17 0.919811320754717;
15 18 1;
15 25 -0.377358490566038;
15 31 -0.380165289256198;
15 32 -0.374301675977654;
15 36 0.802325581395349;
15 37 0.865671641791045;
15 38 0.877777777777778;
15 47 0.678048780487805;
15 49 0.661904761904762;
15 50 0.732984293193717;
15 51 0.66504854368932;
15 52 0.692307692307692;
15 53 0.703296703296703;
15 60 0.794701986754967;
15 61 0.707317073170732;
15 62 -0.390625;
15 63 -0.414634146341463;
15 65 -0.405;
15 67 0.707317073170732;
15 68 0.705607476635514;
15 71 -0.38655462184874;
15 72 0.715116279069767;
15 74 0.75968992248062;
15 75 0.925531914893617;
16 17 0.855140186915888;
16 18 0.928571428571429;
16 36 0.764367816091954;
16 37 0.838235294117647;
16 38 0.840425531914894;
16 52 0.692307692307692;
16 53 0.702702702702703;
16 60 0.696774193548387;
16 65 -0.379310344827586;
16 74 0.8;
16 75 0.884210526315789;
17 18 1;
17 20 -0.386206896551724;
17 25 -0.411042944785276;
17 29 -0.386792452830189;
17 31 -0.424;
17 32 -0.424731182795699;
17 35 -0.368421052631579;
17 36 0.846590909090909;
17 37 0.850746268656716;
17 38 0.887096774193548;
17 45 -0.396103896103896;
17 46 0.655660377358491;
17 47 0.712918660287081;
17 49 0.703703703703704;
17 50 0.757731958762887;
17 51 0.69811320754717;
17 52 0.666666666666667;
17 53 0.687830687830688;
17 56 -0.385542168674699;
17 60 0.798701298701299;
17 61 0.725118483412322;
17 62 -0.419191919191919;
17 63 -0.416;
17 65 -0.456310679611651;
17 66 -0.4;
17 67 0.733333333333333;
17 68 0.704545454545455;
17 69 -0.38150289017341;
17 71 -0.40495867768595;
17 72 0.694444444444444;
17 74 0.701492537313433;
17 75 0.86734693877551;
18 29 -0.392857142857143;
18 32 -0.448275862068966;
18 36 0.981818181818182;
18 37 0.785714285714286;
18 38 0.96078431372549;
18 45 -0.647058823529412;
18 52 0.692307692307692;
18 60 0.69811320754717;
19 20 0.882758620689655;
19 21 0.897849462365591;
19 22 0.853658536585366;
19 23 0.888888888888889;
19 24 0.863157894736842;
19 25 0.836477987421384;
19 26 0.859223300970874;
19 27 0.903846153846154;
19 28 0.893401015228426;
19 29 0.825242718446602;
19 30 0.871657754010695;
19 32 0.707865168539326;
19 33 -0.445945945945946;
19 39 0.915254237288136;
19 40 0.881188118811881;
19 41 0.824175824175824;
19 42 0.864734299516908;
19 43 0.857142857142857;
19 44 0.832535885167464;
19 45 0.850340136054422;
19 47 -0.417910447761194;
19 48 -0.424581005586592;
19 49 -0.432692307692308;
19 50 -0.447368421052632;
19 51 -0.421052631578947;
19 54 0.720812182741117;
19 58 0.852380952380952;
19 59 0.870056497175141;
19 64 0.875;
19 66 0.659090909090909;
19 67 -0.366459627329193;
19 68 -0.382075471698113;
19 69 0.821428571428571;
19 70 0.884057971014493;
19 73 0.834782608695652;
19 76 -0.494117647058824;
20 21 0.878048780487805;
20 22 0.88;
20 23 0.896551724137931;
20 24 0.877862595419847;
20 25 0.895522388059702;
20 26 0.872340425531915;
20 27 0.896907216494845;
20 28 0.905797101449275;
20 29 0.840909090909091;
20 30 0.887096774193548;
20 32 0.76271186440678;
20 33 -0.547169811320755;
20 39 0.9;
20 40 0.895104895104895;
20 41 0.863309352517986;
20 42 0.907142857142857;
20 43 0.862595419847328;
20 44 0.89041095890411;
20 45 0.89;
20 46 -0.430555555555556;
20 47 -0.550724637681159;
20 48 -0.546762589928058;
20 49 -0.556338028169014;
20 50 -0.524475524475524;
20 51 -0.547945205479452;
20 54 0.698529411764706;
20 58 0.888111888111888;
20 59 0.904411764705882;
20 61 -0.427536231884058;
20 64 0.888;
20 65 0.755395683453237;
20 67 -0.444444444444444;
20 68 -0.541095890410959;
20 69 0.897196261682243;
20 70 0.895104895104895;
20 72 -0.476190476190476;
20 73 0.904109589041096;
20 75 -0.471698113207547;
20 76 -0.5625;
21 22 0.888888888888889;
21 23 0.934426229508197;
21 24 0.898305084745763;
21 25 0.834532374100719;
21 26 0.858638743455497;
21 27 0.882352941176471;
21 28 0.900552486187845;
21 29 0.851851851851852;
21 30 0.896739130434783;
21 32 0.723926380368098;
21 33 -0.421052631578947;
21 39 0.903225806451613;
21 40 0.898395721925134;
21 41 0.817073170731707;
21 42 0.901041666666667;
21 43 0.881987577639752;
21 44 0.829896907216495;
21 45 0.869230769230769;
21 47 -0.370967741935484;
21 49 -0.393782383419689;
21 50 -0.388235294117647;
21 51 -0.382978723404255;
21 54 0.70391061452514;
21 58 0.856410256410256;
21 59 0.92156862745098;
21 64 0.911242603550296;
21 69 0.796052631578947;
21 70 0.90625;
21 73 0.897196261682243;
22 23 0.903614457831325;
22 24 0.870967741935484;
22 25 0.826086956521739;
22 26 0.864705882352941;
22 27 0.865168539325843;
22 28 0.896969696969697;
22 29 0.895833333333333;
22 30 0.873417721518987;
22 32 0.788732394366197;
22 33 -0.490909090909091;
22 39 0.889705882352941;
22 40 0.898203592814371;
22 41 0.818181818181818;
22 42 0.888235294117647;
22 43 0.889570552147239;
22 44 0.803468208092486;
22 45 0.888888888888889;
22 47 -0.384146341463415;
22 49 -0.391812865497076;
22 50 -0.408163265306122;
22 51 -0.403614457831325;
22 54 0.65;
22 58 0.88;
22 59 0.888888888888889;
22 64 0.887417218543046;
22 69 0.82962962962963;
22 70 0.9;
22 73 0.899082568807339;
22 76 -0.438356164383562;
23 24 0.906735751295337;
23 25 0.885350318471338;
23 26 0.872549019607843;
23 27 0.884615384615385;
23 28 0.903553299492386;
23 29 0.858490566037736;
23 30 0.896174863387978;
23 32 0.72316384180791;
23 33 -0.4;
23 39 0.92485549132948;
23 40 0.906862745098039;
23 41 0.849162011173184;
23 42 0.921951219512195;
23 43 0.907514450867052;
23 44 0.841346153846154;
23 45 0.898648648648649;
23 47 -0.385;
23 48 -0.410404624277457;
23 49 -0.407766990291262;
23 50 -0.401069518716578;
23 51 -0.400990099009901;
23 54 0.690721649484536;
23 58 0.855072463768116;
23 59 0.948571428571429;
23 64 0.93048128342246;
23 68 -0.366666666666667;
23 69 0.815950920245399;
23 70 0.91304347826087;
23 73 0.912280701754386;
23 76 -0.5;
24 25 0.816993464052288;
24 26 0.815384615384615;
24 27 0.835164835164835;
24 28 0.871657754010695;
24 29 0.810526315789474;
24 30 0.867816091954023;
24 32 0.674556213017751;
24 33 -0.381578947368421;
24 39 0.919254658385093;
24 40 0.880829015544041;
24 41 0.808383233532934;
24 42 0.858585858585859;
24 43 0.862275449101796;
24 44 0.78391959798995;
24 45 0.862068965517241;
24 48 -0.376543209876543;
24 54 0.664864864864865;
24 58 0.829145728643216;
24 59 0.908536585365854;
24 64 0.917127071823204;
24 69 0.764331210191083;
24 70 0.908163265306122;
24 73 0.862385321100917;
24 76 -0.430555555555556;
25 26 0.867924528301887;
25 27 0.935483870967742;
25 28 0.900662251655629;
25 29 0.816326530612245;
25 30 0.867132867132867;
25 32 0.744186046511628;
25 33 -0.563636363636364;
25 34 0.656626506024096;
25 39 0.853333333333333;
25 40 0.866242038216561;
25 41 0.858064516129032;
25 42 0.888198757763975;
25 43 0.845637583892617;
25 44 0.858895705521472;
25 45 0.833333333333333;
25 46 -0.487341772151899;
25 47 -0.560509554140127;
25 48 -0.6;
25 49 -0.580246913580247;
25 50 -0.552147239263804;
25 51 -0.59375;
25 54 0.718954248366013;
25 58 0.858024691358025;
25 59 0.888888888888889;
25 61 -0.465408805031447;
25 64 0.876712328767123;
25 65 0.756578947368421;
25 67 -0.461538461538462;
25 68 -0.560240963855422;
25 69 0.848739495798319;
25 70 0.858895705521472;
25 72 -0.496062992125984;
25 73 0.855670103092783;
25 75 -0.424242424242424;
25 76 -0.53968253968254;
26 27 0.905660377358491;
26 28 0.865671641791045;
26 29 0.831775700934579;
26 30 0.885416666666667;
26 32 0.725274725274725;
26 33 -0.402777777777778;
26 39 0.863636363636364;
26 40 0.903381642512077;
26 41 0.819672131147541;
26 42 0.891509433962264;
26 43 0.872222222222222;
26 44 0.851162790697674;
26 45 0.874172185430464;
26 47 -0.447115384615385;
26 48 -0.448863636363636;
26 49 -0.474178403755869;
26 50 -0.494736842105263;
26 51 -0.4688995215311;
26 54 0.722222222222222;
26 58 0.841860465116279;
26 59 0.88;
26 61 -0.371980676328502;
26 64 0.884210526315789;
26 67 -0.396341463414634;
26 68 -0.419354838709677;
26 69 0.834319526627219;
26 70 0.868544600938967;
26 72 -0.371428571428571;
26 73 0.845528455284553;
26 76 -0.472527472527473;
27 28 0.892156862745098;
27 29 0.851851851851852;
27 30 0.895348837209302;
27 32 0.773333333333333;
27 33 -0.538461538461538;
27 39 0.88659793814433;
27 40 0.884615384615385;
27 41 0.865979381443299;
27 42 0.901960784313726;
27 43 0.89247311827957;
27 44 0.933962264150943;
27 45 0.9;
27 46 -0.461538461538462;
27 47 -0.55;
27 48 -0.575757575757576;
27 49 -0.598039215686274;
27 50 -0.553398058252427;
27 51 -0.580952380952381;
27 54 0.767676767676768;
27 58 0.886792452830189;
27 59 0.927835051546392;
27 61 -0.451923076923077;
27 64 0.873563218390805;
27 65 0.836734693877551;
27 67 -0.379746835443038;
27 68 -0.556603773584906;
27 69 0.942028985507246;
27 70 0.883495145631068;
27 72 -0.47887323943662;
27 73 0.916666666666667;
27 75 -0.490196078431373;
27 76 -0.541666666666667;
28 29 0.864077669902913;
28 30 0.884615384615385;
28 32 0.738888888888889;
28 33 -0.444444444444444;
28 39 0.932926829268293;
28 40 0.877450980392157;
28 41 0.852272727272727;
28 42 0.891625615763547;
28 43 0.891428571428571;
28 44 0.864077669902913;
28 45 0.888888888888889;
28 47 -0.448979591836735;
28 48 -0.413793103448276;
28 49 -0.45320197044335;
28 50 -0.480662983425414;
28 51 -0.445;
28 54 0.700507614213198;
28 58 0.870192307692308;
28 59 0.91566265060241;
28 64 0.89010989010989;
28 66 0.666666666666667;
28 67 -0.402597402597403;
28 68 -0.405797101449275;
28 69 0.820987654320988;
28 70 0.896039603960396;
28 73 0.91304347826087;
28 76 -0.524390243902439;
29 30 0.855769230769231;
29 32 0.761904761904762;
29 33 -0.464285714285714;
29 39 0.858585858585859;
29 40 0.85981308411215;
29 41 0.820754716981132;
29 42 0.847619047619048;
29 43 0.863157894736842;
29 44 0.841121495327103;
29 45 0.910112359550562;
29 46 -0.415841584158416;
29 47 -0.405660377358491;
29 48 -0.4;
29 49 -0.424528301886792;
29 50 -0.401869158878505;
29 51 -0.431372549019608;
29 58 0.857142857142857;
29 59 0.857142857142857;
29 61 -0.398148148148148;
29 64 0.863636363636364;
29 66 0.8;
29 68 -0.403669724770642;
29 69 0.75;
29 70 0.867924528301887;
29 72 -0.414893617021277;
29 73 0.904109589041096;
30 32 0.707317073170732;
30 33 -0.408450704225352;
30 39 0.878980891719745;
30 40 0.893617021276596;
30 41 0.858895705521472;
30 42 0.9;
30 43 0.867924528301887;
30 44 0.870466321243523;
30 45 0.885496183206107;
30 47 -0.396739130434783;
30 48 -0.375796178343949;
30 49 -0.413612565445026;
30 50 -0.421052631578947;
30 51 -0.406417112299465;
30 54 0.668478260869565;
30 58 0.860103626943005;
30 59 0.91025641025641;
30 64 0.887573964497041;
30 66 0.659090909090909;
30 69 0.826666666666667;
30 70 0.889473684210526;
30 73 0.918918918918919;
30 76 -0.366197183098592;
31 33 -0.611111111111111;
31 46 -0.5;
31 47 -0.605042016806723;
31 48 -0.608695652173913;
31 49 -0.579365079365079;
31 50 -0.540322580645161;
31 51 -0.590551181102362;
31 54 0.648648648648649;
31 55 0.69047619047619;
31 56 0.711864406779661;
31 57 0.742857142857143;
31 61 -0.516129032258065;
31 62 0.650793650793651;
31 66 0.775;
31 67 -0.490196078431373;
31 68 -0.543307086614173;
31 71 0.737373737373737;
31 72 -0.572727272727273;
32 33 -0.571428571428571;
32 38 -0.383116883116883;
32 39 0.715277777777778;
32 40 0.760869565217391;
32 41 0.751592356687898;
32 42 0.726775956284153;
32 43 0.793333333333333;
32 44 0.718918918918919;
32 45 0.782312925170068;
32 46 -0.444444444444444;
32 47 -0.505555555555556;
32 48 -0.417218543046358;
32 49 -0.497267759562842;
32 50 -0.570552147239264;
32 51 -0.508379888268156;
32 53 -0.467532467532468;
32 58 0.72972972972973;
32 59 0.708333333333333;
32 60 -0.456692913385827;
32 61 -0.463276836158192;
32 64 0.703703703703704;
32 66 0.95;
32 67 -0.544776119402985;
32 68 -0.475935828877005;
32 69 0.737931034482759;
32 70 0.725274725274725;
32 72 -0.431506849315068;
32 73 0.857142857142857;
32 75 -0.384615384615385;
32 76 -0.51219512195122;
33 34 -0.467532467532468;
33 35 -0.527272727272727;
33 39 -0.463768115942029;
33 40 -0.445945945945946;
33 41 -0.568627450980392;
33 42 -0.394736842105263;
33 43 -0.508771929824561;
33 44 -0.5;
33 45 -0.432432432432432;
33 46 0.736842105263158;
33 47 0.859154929577465;
33 48 0.824561403508772;
33 49 0.837837837837838;
33 50 0.8;
33 51 0.866666666666667;
33 52 0.846153846153846;
33 54 -0.526315789473684;
33 55 -0.578947368421053;
33 56 -0.608108108108108;
33 57 -0.629032258064516;
33 58 -0.454545454545455;
33 59 -0.36986301369863;
33 61 0.74025974025974;
33 62 -0.532467532467532;
33 63 -0.52;
33 64 -0.388888888888889;
33 65 -0.64;
33 66 -0.696969696969697;
33 67 0.709677419354839;
33 68 0.786666666666667;
33 69 -0.517241379310345;
33 70 -0.447368421052632;
33 71 -0.568181818181818;
33 72 0.8125;
34 35 0.810344827586207;
34 46 -0.373271889400922;
34 47 -0.542056074766355;
34 48 -0.442622950819672;
34 49 -0.506787330316742;
34 50 -0.525252525252525;
34 51 -0.5;
34 52 -0.384615384615385;
34 61 -0.46046511627907;
34 67 -0.541176470588235;
34 68 -0.506666666666667;
34 72 -0.480874316939891;
35 46 -0.454545454545455;
35 47 -0.551515151515152;
35 48 -0.525316455696203;
35 49 -0.523529411764706;
35 50 -0.497005988023952;
35 51 -0.524096385542169;
35 52 -0.384615384615385;
35 61 -0.469512195121951;
35 66 0.688888888888889;
35 67 -0.496402877697842;
35 68 -0.511494252873563;
35 72 -0.458015267175573;
35 76 -0.5;
36 37 0.852941176470588;
36 38 0.931972789115646;
36 46 0.726744186046512;
36 47 0.660714285714286;
36 48 0.708029197080292;
36 50 0.714285714285714;
36 52 0.692307692307692;
36 60 0.739130434782609;
36 61 0.672514619883041;
36 66 -0.372093023255814;
36 67 0.666666666666667;
36 75 0.65979381443299;
37 38 0.876923076923077;
37 60 0.666666666666667;
38 46 0.688524590163934;
38 50 0.652173913043478;
38 52 0.8;
38 53 0.66875;
38 60 0.713286713286713;
38 61 0.685082872928177;
38 65 -0.397727272727273;
38 74 0.695238095238095;
38 75 0.916666666666667;
38 76 0.67741935483871;
39 40 0.905882352941176;
39 41 0.835526315789474;
39 42 0.874285714285714;
39 43 0.881944444444444;
39 44 0.808988764044944;
39 45 0.874074074074074;
39 47 -0.441176470588235;
39 48 -0.51006711409396;
39 49 -0.465909090909091;
39 50 -0.429378531073446;
39 51 -0.45;
39 54 0.751515151515151;
39 58 0.857954545454545;
39 59 0.887573964497041;
39 64 0.903846153846154;
39 68 -0.438202247191011;
39 69 0.782608695652174;
39 70 0.938202247191011;
39 72 -0.381294964028777;
39 73 0.887640449438202;
39 75 -0.390625;
39 76 -0.482758620689655;
40 41 0.856353591160221;
40 42 0.904306220095694;
40 43 0.893258426966292;
40 44 0.876777251184834;
40 45 0.932885906040268;
40 47 -0.430693069306931;
40 48 -0.421348314606742;
40 49 -0.444976076555024;
40 50 -0.468085106382979;
40 51 -0.44390243902439;
40 54 0.69;
40 58 0.876777251184834;
40 59 0.907514450867052;
40 64 0.888297872340426;
40 66 0.697674418604651;
40 67 -0.372670807453416;
40 68 -0.411214953271028;
40 69 0.86144578313253;
40 70 0.908653846153846;
40 73 0.906779661016949;
40 76 -0.493975903614458;
41 42 0.864130434782609;
41 43 0.826589595375723;
41 44 0.838709677419355;
41 45 0.832;
41 46 -0.368131868131868;
41 47 -0.463687150837989;
41 48 -0.439306358381503;
41 49 -0.47027027027027;
41 50 -0.518292682926829;
41 51 -0.477777777777778;
41 58 0.82258064516129;
41 59 0.888888888888889;
41 61 -0.379888268156425;
41 64 0.858024691358025;
41 66 0.707317073170732;
41 67 -0.453237410071942;
41 68 -0.426315789473684;
41 69 0.804195804195804;
41 70 0.842391304347826;
41 72 -0.374149659863946;
41 73 0.848739495798319;
41 76 -0.482758620689655;
42 43 0.862637362637363;
42 44 0.874418604651163;
42 45 0.887417218543046;
42 47 -0.439613526570048;
42 48 -0.446927374301676;
42 49 -0.462616822429907;
42 50 -0.481675392670157;
42 51 -0.473684210526316;
42 54 0.693069306930693;
42 58 0.861111111111111;
42 59 0.943502824858757;
42 61 -0.371428571428571;
42 64 0.920634920634921;
42 67 -0.403614457831325;
42 68 -0.41743119266055;
42 69 0.847953216374269;
42 70 0.897674418604651;
42 72 -0.374301675977654;
42 73 0.909090909090909;
42 75 -0.377551020408163;
42 76 -0.50561797752809;
43 44 0.808743169398907;
43 45 0.873949579831933;
43 47 -0.422857142857143;
43 48 -0.391566265060241;
43 49 -0.423913043478261;
43 50 -0.459119496855346;
43 51 -0.4375;
43 54 0.664705882352941;
43 58 0.860215053763441;
43 59 0.889655172413793;
43 64 0.9125;
43 68 -0.39572192513369;
43 69 0.814569536423841;
43 70 0.888888888888889;
43 73 0.878504672897196;
43 76 -0.533333333333333;
44 45 0.870967741935484;
44 46 -0.419811320754717;
44 47 -0.497607655502392;
44 48 -0.494444444444444;
44 49 -0.509259259259259;
44 50 -0.536082474226804;
44 51 -0.504716981132076;
44 52 -0.461538461538462;
44 54 0.684729064039409;
44 58 0.830275229357798;
44 59 0.875706214689266;
44 61 -0.419047619047619;
44 64 0.853403141361257;
44 67 -0.487951807228916;
44 68 -0.468181818181818;
44 69 0.842105263157895;
44 70 0.814814814814815;
44 72 -0.410112359550562;
44 73 0.852459016393443;
44 75 -0.381443298969072;
44 76 -0.488636363636364;
45 46 -0.469798657718121;
45 47 -0.493421052631579;
45 48 -0.552631578947368;
45 49 -0.493506493506494;
45 50 -0.483660130718954;
45 51 -0.496688741721854;
45 52 -1;
45 53 -0.414814814814815;
45 54 0.673913043478261;
45 58 0.850649350649351;
45 59 0.888888888888889;
45 60 -0.446428571428571;
45 61 -0.445945945945946;
45 64 0.886524822695035;
45 66 0.894736842105263;
45 67 -0.428571428571429;
45 68 -0.480769230769231;
45 69 0.801587301587302;
45 70 0.882352941176471;
45 72 -0.401574803149606;
45 73 0.893203883495146;
45 75 -0.424657534246575;
45 76 -0.523809523809524;
46 47 0.878048780487805;
46 48 0.865921787709497;
46 49 0.811320754716981;
46 50 0.936507936507937;
46 51 0.820754716981132;
46 52 1;
46 54 -0.479591836734694;
46 55 -0.450704225352113;
46 56 -0.511904761904762;
46 57 -0.45398773006135;
46 59 -0.376404494382022;
46 60 0.675324675324675;
46 61 0.902912621359223;
46 62 -0.530927835051546;
46 63 -0.464;
46 65 -0.565853658536585;
46 66 -0.6;
46 67 0.957055214723926;
46 68 0.762790697674419;
46 69 -0.369942196531792;
46 71 -0.475;
46 72 0.706896551724138;
46 76 0.654761904761905;
47 48 0.883040935672515;
47 49 0.952380952380952;
47 50 0.962765957446808;
47 51 0.945812807881773;
47 52 1;
47 53 0.714285714285714;
47 54 -0.549222797927461;
47 55 -0.5;
47 56 -0.590062111801242;
47 57 -0.515337423312883;
47 58 -0.428571428571429;
47 59 -0.436781609195402;
47 61 0.96078431372549;
47 62 -0.590673575129534;
47 63 -0.471544715447154;
47 64 -0.406417112299465;
47 65 -0.654822335025381;
47 66 -0.8;
47 67 0.950617283950617;
47 68 0.868544600938967;
47 69 -0.515151515151515;
47 70 -0.376190476190476;
47 71 -0.596491228070175;
47 72 0.835294117647059;
47 73 -0.415254237288136;
47 75 0.705263157894737;
47 76 0.686046511627907;
48 49 0.910112359550562;
48 50 0.898089171974522;
48 51 0.898876404494382;
48 52 1;
48 54 -0.635838150289017;
48 55 -0.51685393258427;
48 56 -0.58273381294964;
48 57 -0.532846715328467;
48 58 -0.396648044692737;
48 59 -0.516556291390728;
48 61 0.810344827586207;
48 62 -0.60377358490566;
48 63 -0.469565217391304;
48 64 -0.435897435897436;
48 65 -0.622857142857143;
48 66 -0.634146341463415;
48 67 0.845588235294118;
48 68 0.830601092896175;
48 69 -0.492753623188406;
48 70 -0.391061452513966;
48 71 -0.584745762711864;
48 72 0.746478873239437;
48 76 0.693333333333333;
49 50 0.911917098445596;
49 51 0.947619047619048;
49 52 1;
49 53 0.672043010752688;
49 54 -0.56;
49 55 -0.47906976744186;
49 56 -0.574850299401198;
49 57 -0.511904761904762;
49 58 -0.442396313364055;
49 59 -0.474576271186441;
49 61 0.894736842105263;
49 62 -0.580808080808081;
49 63 -0.467741935483871;
49 64 -0.447916666666667;
49 65 -0.647058823529412;
49 66 -0.659090909090909;
49 67 0.86144578313253;
49 68 0.876712328767123;
49 69 -0.529069767441861;
49 70 -0.401869158878505;
49 71 -0.565573770491803;
49 72 0.859550561797753;
49 73 -0.39344262295082;
49 75 0.701030927835051;
49 76 0.670454545454545;
50 51 0.921465968586387;
50 52 1;
50 53 0.779141104294479;
50 54 -0.605555555555556;
50 55 -0.538860103626943;
50 56 -0.537037037037037;
50 57 -0.461538461538462;
50 58 -0.474226804123711;
50 59 -0.446327683615819;
50 61 0.952127659574468;
50 62 -0.571428571428571;
50 63 -0.488188976377953;
50 64 -0.447058823529412;
50 65 -0.679347826086957;
50 66 -0.651162790697674;
50 67 0.939759036144578;
50 68 0.903061224489796;
50 69 -0.550335570469799;
50 70 -0.416666666666667;
50 71 -0.547008547008547;
50 72 0.890322580645161;
50 73 -0.474747474747475;
50 75 0.815789473684211;
50 76 0.797101449275362;
51 52 1;
51 53 0.684491978609626;
51 54 -0.553846153846154;
51 55 -0.511848341232227;
51 56 -0.568047337278107;
51 57 -0.512048192771084;
51 58 -0.443396226415094;
51 59 -0.474860335195531;
51 61 0.88780487804878;
51 62 -0.605128205128205;
51 63 -0.484375;
51 64 -0.456989247311828;
51 65 -0.64390243902439;
51 66 -0.733333333333333;
51 67 0.858895705521472;
51 68 0.873831775700935;
51 69 -0.534883720930233;
51 70 -0.398104265402844;
51 71 -0.585365853658537;
51 72 0.866279069767442;
51 73 -0.401709401709402;
51 75 0.725274725274725;
51 76 0.662650602409639;
52 53 1;
52 57 -1;
52 61 1;
52 65 -0.5;
52 67 1;
52 68 1;
53 60 0.653846153846154;
53 61 0.71957671957672;
53 62 -0.404761904761905;
53 63 -0.47;
53 65 -0.395604395604396;
53 67 0.721428571428571;
53 68 0.763157894736842;
53 72 0.760233918128655;
53 74 0.767241379310345;
53 75 0.865853658536585;
54 58 0.668292682926829;
54 59 0.710059171597633;
54 60 -0.372413793103448;
54 61 -0.464285714285714;
54 64 0.694444444444444;
54 67 -0.541935483870968;
54 68 -0.480392156862745;
54 69 0.654088050314465;
54 70 0.701492537313433;
54 72 -0.43452380952381;
54 76 -0.51219512195122;
55 61 -0.435406698564593;
55 66 0.822222222222222;
55 67 -0.517857142857143;
55 68 -0.438356164383562;
55 71 0.7;
55 72 -0.443820224719101;
56 57 0.687074829931973;
56 61 -0.509316770186335;
56 66 0.733333333333333;
56 67 -0.528571428571429;
56 68 -0.541666666666667;
56 71 0.730769230769231;
56 72 -0.571428571428571;
56 76 -0.368421052631579;
57 61 -0.432098765432099;
57 67 -0.475862068965517;
57 68 -0.476470588235294;
57 71 0.773584905660377;
57 72 -0.453237410071942;
58 59 0.864406779661017;
58 64 0.848958333333333;
58 67 -0.391566265060241;
58 68 -0.393665158371041;
58 69 0.845714285714286;
58 70 0.856481481481482;
58 73 0.859504132231405;
58 76 -0.455555555555556;
59 64 0.94375;
59 65 0.664739884393064;
59 68 -0.455555555555556;
59 69 0.807142857142857;
59 70 0.893258426966292;
59 72 -0.366197183098592;
59 73 0.931034482758621;
59 75 -0.484375;
59 76 -0.491803278688525;
60 61 0.677852348993289;
60 65 -0.384105960264901;
60 66 -0.409090909090909;
60 69 -0.435897435897436;
60 72 0.669565217391304;
60 74 0.66304347826087;
60 75 0.816666666666667;
60 76 0.685185185185185;
61 62 -0.523316062176166;
61 63 -0.470588235294118;
61 65 -0.575757575757576;
61 66 -0.604651162790698;
61 67 0.975460122699387;
61 68 0.821596244131455;
61 69 -0.4;
61 71 -0.508196721311475;
61 72 0.804469273743017;
61 75 0.736263736263736;
61 76 0.650602409638554;
62 66 0.777777777777778;
62 67 -0.529761904761905;
62 68 -0.552238805970149;
62 71 0.705882352941177;
62 72 -0.515527950310559;
62 75 -0.402597402597403;
62 76 -0.449275362318841;
63 67 -0.443396226415094;
63 68 -0.4765625;
63 72 -0.564705882352941;
64 68 -0.396907216494845;
64 69 0.826923076923077;
64 70 0.905263157894737;
64 73 0.88785046728972;
64 75 -0.392405063291139;
64 76 -0.52112676056338;
65 67 -0.641509433962264;
65 68 -0.596153846153846;
65 72 -0.532934131736527;
65 75 -0.379310344827586;
66 67 -0.5;
66 68 -0.644444444444444;
66 71 0.774193548387097;
66 72 -0.65;
66 73 1;
66 75 -0.545454545454545;
66 76 -0.818181818181818;
67 68 0.875;
67 69 -0.467741935483871;
67 71 -0.563106796116505;
67 72 0.870229007633588;
67 73 -0.456521739130435;
67 75 0.784615384615385;
67 76 0.813559322033898;
68 69 -0.494252873563218;
68 71 -0.544715447154472;
68 72 0.939226519337017;
68 75 0.81;
68 76 0.648351648351648;
69 70 0.773255813953488;
69 72 -0.43046357615894;
69 73 0.778947368421053;
69 75 -0.371428571428571;
69 76 -0.492063492063492;
70 73 0.89344262295082;
70 76 -0.443181818181818;
71 72 -0.591397849462366;
71 76 -0.366666666666667;
72 74 0.685185185185185;
72 75 0.849315068493151;
73 76 -0.445945945945946;
74 75 0.793814432989691]
