n = 85
taille = 1617
Mat = [0 1 0.852760736196319;
0 2 0.854054054054054;
0 3 0.883977900552486;
0 5 0.678362573099415;
0 6 0.836158192090395;
0 8 0.812154696132597;
0 9 0.852564102564103;
0 10 0.832432432432432;
0 11 0.832;
0 12 0.676136363636364;
0 13 0.72972972972973;
0 14 0.736263736263736;
0 15 0.745762711864407;
0 16 0.751633986928105;
0 17 0.727272727272727;
0 18 0.675;
0 19 0.676646706586826;
0 20 0.773722627737226;
0 21 0.640243902439024;
0 22 0.765027322404372;
0 23 0.721590909090909;
0 24 0.774436090225564;
0 26 0.752808988764045;
0 29 1;
0 31 0.62111801242236;
0 46 0.8125;
0 47 0.686746987951807;
0 49 0.722826086956522;
0 50 0.726708074534162;
0 56 0.797752808988764;
0 57 0.793103448275862;
0 58 0.766233766233766;
0 59 0.747311827956989;
0 62 0.776315789473684;
0 63 0.78;
0 64 -0.494505494505495;
0 66 0.787234042553192;
0 67 0.730337078651685;
0 70 0.817142857142857;
0 77 0.804511278195489;
0 78 0.688888888888889;
0 79 0.869565217391304;
0 81 0.837209302325581;
0 83 0.827160493827161;
1 2 0.873563218390805;
1 3 0.877906976744186;
1 5 0.647058823529412;
1 6 0.75;
1 8 0.736526946107784;
1 9 0.787096774193548;
1 10 0.748571428571429;
1 11 0.789473684210526;
1 12 0.63953488372093;
1 13 0.659090909090909;
1 14 0.656976744186046;
1 15 0.642857142857143;
1 16 0.686666666666667;
1 17 0.670103092783505;
1 18 0.632258064516129;
1 19 0.656050955414013;
1 20 0.744360902255639;
1 21 0.641975308641975;
1 22 0.69364161849711;
1 23 0.641176470588235;
1 24 0.740157480314961;
1 26 0.683673469387755;
1 46 0.726190476190476;
1 47 0.6625;
1 49 0.76969696969697;
1 50 0.694805194805195;
1 56 0.731958762886598;
1 57 0.722627737226277;
1 58 0.701149425287356;
1 59 0.685393258426966;
1 62 0.71264367816092;
1 63 0.72027972027972;
1 66 0.734939759036145;
1 67 0.686390532544379;
1 70 0.738095238095238;
1 77 0.754098360655738;
1 78 0.692307692307692;
1 79 0.875;
1 80 0.631578947368421;
1 81 0.736842105263158;
1 83 0.71830985915493;
2 3 0.911214953271028;
2 5 0.664921465968586;
2 6 0.770334928229665;
2 8 0.75;
2 9 0.784210526315789;
2 10 0.76605504587156;
2 11 0.790540540540541;
2 12 0.660287081339713;
2 13 0.697247706422018;
2 14 0.674418604651163;
2 15 0.685714285714286;
2 16 0.695652173913043;
2 17 0.721649484536082;
2 18 0.647368421052632;
2 19 0.701492537313433;
2 20 0.78698224852071;
2 21 0.647959183673469;
2 22 0.716279069767442;
2 23 0.669856459330144;
2 24 0.753012048192771;
2 26 0.760330578512397;
2 27 0.643518518518518;
2 29 0.636363636363636;
2 31 0.658031088082902;
2 42 0.658415841584158;
2 44 0.652631578947368;
2 46 0.752380952380952;
2 47 0.685;
2 49 0.794117647058823;
2 50 0.683937823834197;
2 55 0.668181818181818;
2 56 0.760330578512397;
2 57 0.731843575418994;
2 58 0.736363636363636;
2 59 0.704545454545455;
2 62 0.743119266055046;
2 63 0.748633879781421;
2 66 0.769230769230769;
2 67 0.679425837320574;
2 70 0.761904761904762;
2 77 0.791044776119403;
2 78 0.705882352941177;
2 79 0.828571428571429;
2 81 0.735632183908046;
2 83 0.719512195121951;
3 5 0.684210526315789;
3 6 0.747572815533981;
3 8 0.736585365853659;
3 9 0.774869109947644;
3 10 0.75462962962963;
3 11 0.761904761904762;
3 12 0.666666666666667;
3 13 0.699074074074074;
3 14 0.685446009389671;
3 15 0.695652173913043;
3 16 0.692307692307692;
3 17 0.68;
3 18 0.628272251308901;
3 19 0.703517587939699;
3 20 0.769230769230769;
3 21 0.625641025641026;
3 22 0.713615023474178;
3 23 0.6875;
3 24 0.792682926829268;
3 26 0.723577235772358;
3 29 0.696969696969697;
3 31 0.645833333333333;
3 44 0.632978723404255;
3 46 0.740384615384615;
3 47 0.686868686868687;
3 49 0.795;
3 50 0.7;
3 55 0.651376146788991;
3 56 0.723577235772358;
3 57 0.740112994350282;
3 58 0.693693693693694;
3 59 0.706422018348624;
3 62 0.7;
3 63 0.721311475409836;
3 64 -0.402061855670103;
3 66 0.724137931034483;
3 67 0.666666666666667;
3 70 0.748792270531401;
3 77 0.784615384615385;
3 78 0.709923664122137;
3 79 0.838235294117647;
3 81 0.761904761904762;
3 83 0.746835443037975;
4 5 0.942307692307692;
4 6 0.848484848484849;
4 7 0.814814814814815;
4 8 0.84375;
4 9 0.848484848484849;
4 10 0.846153846153846;
4 11 0.795918367346939;
4 12 0.772727272727273;
4 13 0.742424242424242;
4 14 0.757575757575758;
4 15 0.753846153846154;
4 16 0.86046511627907;
4 17 0.727272727272727;
4 18 0.766666666666667;
4 19 0.75;
4 20 0.746031746031746;
4 21 0.733333333333333;
4 22 0.770491803278688;
4 23 0.784615384615385;
4 46 0.833333333333333;
4 47 0.96969696969697;
4 50 0.95;
4 51 0.916666666666667;
4 56 0.848484848484849;
4 57 0.848484848484849;
4 58 0.818181818181818;
4 59 0.753846153846154;
4 62 0.818181818181818;
4 63 0.784615384615385;
4 64 -0.7;
4 66 0.769230769230769;
4 67 0.846153846153846;
4 70 0.821428571428571;
5 6 0.797814207650273;
5 7 0.788461538461538;
5 8 0.751351351351351;
5 9 0.87719298245614;
5 10 0.782383419689119;
5 11 0.8359375;
5 12 0.786885245901639;
5 13 0.766839378238342;
5 14 0.736842105263158;
5 15 0.745945945945946;
5 16 0.8;
5 17 0.802083333333333;
5 18 0.719298245614035;
5 19 0.771428571428571;
5 20 0.852348993288591;
5 21 0.760233918128655;
5 22 0.769633507853403;
5 23 0.738219895287958;
5 24 0.689655172413793;
5 46 0.768817204301075;
5 47 0.893258426966292;
5 49 0.709497206703911;
5 50 0.888235294117647;
5 56 0.85981308411215;
5 57 0.774193548387097;
5 58 0.852631578947368;
5 59 0.780612244897959;
5 62 0.852631578947368;
5 63 0.848101265822785;
5 64 -0.494736842105263;
5 66 0.838383838383838;
5 67 0.802139037433155;
5 70 0.771739130434783;
5 77 0.761904761904762;
5 78 0.845528455284553;
5 79 0.919354838709677;
5 80 0.734939759036145;
5 81 0.658227848101266;
5 82 0.735294117647059;
5 83 0.635135135135135;
6 7 0.984848484848485;
6 8 0.965346534653465;
6 9 0.994623655913978;
6 10 0.981042654028436;
6 11 0.979452054794521;
6 12 0.852216748768473;
6 13 0.877358490566038;
6 14 0.875598086124402;
6 15 0.892156862745098;
6 16 0.898876404494382;
6 17 0.927083333333333;
6 18 0.849462365591398;
6 19 0.83756345177665;
6 20 0.945121951219512;
6 21 0.839572192513369;
6 22 0.903846153846154;
6 23 0.871287128712871;
6 24 0.754601226993865;
6 46 0.975369458128079;
6 47 0.813471502590674;
6 49 0.705583756345178;
6 50 0.844919786096257;
6 51 0.720338983050847;
6 56 0.991596638655462;
6 57 0.971590909090909;
6 58 0.990654205607477;
6 59 0.887323943661972;
6 62 1;
6 63 0.938888888888889;
6 64 -0.557894736842105;
6 66 0.973684210526316;
6 67 0.906862745098039;
6 70 0.985148514851485;
6 77 0.872;
6 78 0.753968253968254;
6 79 1;
6 80 0.662790697674419;
6 81 0.975609756097561;
6 82 0.628571428571429;
6 83 0.974025974025974;
7 8 0.935483870967742;
7 9 0.985074626865672;
7 10 0.984615384615385;
7 11 0.980392156862745;
7 12 0.91044776119403;
7 13 0.907692307692308;
7 14 0.907692307692308;
7 15 0.90625;
7 16 0.976744186046512;
7 17 0.866666666666667;
7 18 0.966666666666667;
7 19 0.90625;
7 20 0.875;
7 21 0.916666666666667;
7 22 0.919354838709677;
7 23 0.923076923076923;
7 24 0.671875;
7 46 0.970149253731343;
7 47 0.850746268656716;
7 50 0.819672131147541;
7 51 0.842105263157895;
7 56 0.985074626865672;
7 57 0.970149253731343;
7 58 0.96969696969697;
7 59 0.909090909090909;
7 62 1;
7 63 0.909090909090909;
7 64 -0.888888888888889;
7 66 0.944444444444444;
7 67 1;
7 70 0.970149253731343;
7 72 0.714285714285714;
7 75 0.714285714285714;
7 76 1;
7 77 1;
7 78 1;
8 9 0.972527472527473;
8 10 0.971428571428571;
8 11 0.951388888888889;
8 12 0.825870646766169;
8 13 0.853080568720379;
8 14 0.864734299516908;
8 15 0.886138613861386;
8 16 0.852272727272727;
8 17 0.914893617021277;
8 18 0.827027027027027;
8 19 0.802083333333333;
8 20 0.925;
8 21 0.786096256684492;
8 22 0.893719806763285;
8 23 0.866336633663366;
8 24 0.723270440251572;
8 46 0.965346534653465;
8 47 0.797927461139896;
8 49 0.665;
8 50 0.824468085106383;
8 51 0.696428571428571;
8 56 0.957264957264957;
8 57 0.976608187134503;
8 58 0.962264150943396;
8 59 0.882075471698113;
8 62 0.961904761904762;
8 63 0.920454545454545;
8 64 -0.553191489361702;
8 66 0.9375;
8 67 0.881773399014778;
8 70 0.98019801980198;
8 77 0.876923076923077;
8 78 0.712121212121212;
8 79 1;
8 81 1;
8 83 1;
9 10 0.994818652849741;
9 11 0.979865771812081;
9 12 0.945355191256831;
9 13 0.94300518134715;
9 14 0.931578947368421;
9 15 0.940217391304348;
9 16 0.974683544303797;
9 17 0.931372549019608;
9 18 0.947674418604651;
9 19 0.943502824858757;
9 20 0.94578313253012;
9 21 0.941860465116279;
9 22 0.968421052631579;
9 23 0.935135135135135;
9 24 0.822695035460993;
9 46 0.989304812834225;
9 47 0.931818181818182;
9 49 0.823863636363636;
9 50 0.917647058823529;
9 51 0.797872340425532;
9 56 0.992063492063492;
9 57 0.993506493506494;
9 58 0.991228070175439;
9 59 0.953846153846154;
9 62 1;
9 63 0.95;
9 64 -0.75;
9 66 0.974576271186441;
9 67 0.989247311827957;
9 70 0.994565217391304;
9 77 1;
9 78 0.905660377358491;
9 79 1;
9 80 0.918032786885246;
9 81 1;
9 82 1;
9 83 1;
10 11 0.980132450331126;
10 12 0.849056603773585;
10 13 0.873303167420814;
10 14 0.885844748858447;
10 15 0.901408450704225;
10 16 0.882352941176471;
10 17 0.93;
10 18 0.835051546391753;
10 19 0.832512315270936;
10 20 0.947368421052632;
10 21 0.822335025380711;
10 22 0.91324200913242;
10 23 0.882075471698113;
10 24 0.744047619047619;
10 46 0.985915492957746;
10 47 0.818627450980392;
10 49 0.697560975609756;
10 50 0.835051546391753;
10 51 0.716666666666667;
10 56 0.991935483870968;
10 57 0.977900552486188;
10 58 0.991071428571429;
10 59 0.901345291479821;
10 62 1;
10 63 0.940860215053763;
10 64 -0.57;
10 66 0.974576271186441;
10 67 0.915094339622642;
10 70 0.990566037735849;
10 77 0.889705882352941;
10 78 0.744525547445255;
10 79 1;
10 80 0.626373626373626;
10 81 0.988505747126437;
10 83 0.98780487804878;
11 12 0.914285714285714;
11 13 0.906040268456376;
11 14 0.904761904761905;
11 15 0.907801418439716;
11 16 0.947826086956522;
11 17 0.878378378378378;
11 18 0.902255639097744;
11 19 0.904761904761905;
11 20 0.909090909090909;
11 21 0.893939393939394;
11 22 0.946308724832215;
11 23 0.886524822695035;
11 24 0.811881188118812;
11 46 0.971631205673759;
11 47 0.893939393939394;
11 49 0.819444444444444;
11 50 0.875;
11 51 0.802816901408451;
11 56 0.968421052631579;
11 57 0.990825688073395;
11 58 0.968085106382979;
11 59 0.926666666666667;
11 62 0.978494623655914;
11 63 0.904411764705882;
11 64 -0.682926829268293;
11 66 0.955752212389381;
11 67 0.971830985915493;
11 70 0.980132450331126;
11 73 0.787878787878788;
11 77 0.978494623655914;
11 78 0.870967741935484;
11 79 1;
11 80 0.893617021276596;
11 81 1;
11 82 0.939393939393939;
11 83 1;
12 13 0.89622641509434;
12 14 0.885167464114832;
12 15 0.894230769230769;
12 16 0.885869565217391;
12 17 0.96;
12 18 0.843243243243243;
12 19 0.922279792746114;
12 20 0.963636363636364;
12 21 0.895833333333333;
12 22 0.889423076923077;
12 23 0.866336633663366;
12 24 0.675;
12 46 0.83743842364532;
12 47 0.831632653061224;
12 49 0.744897959183674;
12 50 0.835106382978723;
12 51 0.675213675213675;
12 56 0.926829268292683;
12 57 0.832369942196532;
12 58 0.927927927927928;
12 59 0.892018779342723;
12 62 0.927272727272727;
12 63 0.955307262569832;
12 64 -0.53;
12 66 0.935779816513762;
12 67 0.866995073891626;
12 70 0.846534653465347;
12 77 0.841269841269841;
12 78 0.78125;
12 79 0.983606557377049;
12 80 0.804878048780488;
12 81 0.72289156626506;
12 82 0.819444444444444;
12 83 0.705128205128205;
13 14 0.922374429223744;
13 15 0.930232558139535;
13 16 0.909090909090909;
13 17 0.97;
13 18 0.860824742268041;
13 19 0.926470588235294;
13 20 0.970760233918129;
13 21 0.879396984924623;
13 22 0.912844036697248;
13 23 0.929245283018868;
13 24 0.68452380952381;
13 46 0.863849765258216;
13 47 0.807881773399015;
13 49 0.707317073170732;
13 50 0.829896907216495;
13 51 0.691666666666667;
13 56 0.91869918699187;
13 57 0.861878453038674;
13 58 0.927927927927928;
13 59 0.914798206278027;
13 62 0.927272727272727;
13 63 0.973262032085562;
13 64 -0.545454545454545;
13 66 0.939655172413793;
13 67 0.845070422535211;
13 70 0.877358490566038;
13 77 0.865671641791045;
13 78 0.748148148148148;
13 79 0.957746478873239;
13 80 0.717391304347826;
13 81 0.795454545454545;
13 82 0.736842105263158;
13 83 0.807228915662651;
14 15 0.947867298578199;
14 16 0.896739130434783;
14 17 0.97979797979798;
14 18 0.836842105263158;
14 19 0.881773399014778;
14 20 0.970414201183432;
14 21 0.861538461538462;
14 22 0.944444444444444;
14 23 0.952380952380952;
14 24 0.664670658682635;
14 46 0.876190476190476;
14 47 0.782178217821782;
14 49 0.683168316831683;
14 50 0.806282722513089;
14 51 0.714285714285714;
14 56 0.926829268292683;
14 57 0.865921787709497;
14 58 0.927927927927928;
14 59 0.95;
14 62 0.927272727272727;
14 63 0.972826086956522;
14 64 -0.571428571428571;
14 66 0.94017094017094;
14 67 0.861904761904762;
14 70 0.885167464114832;
14 77 0.862595419847328;
14 78 0.696969696969697;
14 79 0.942028985507246;
14 80 0.644444444444444;
14 81 0.813953488372093;
14 83 0.827160493827161;
15 16 0.894444444444444;
15 17 0.979591836734694;
15 18 0.850267379679144;
15 19 0.871794871794872;
15 20 0.975757575757576;
15 21 0.836842105263158;
15 22 0.956937799043062;
15 23 0.975369458128079;
15 24 0.68125;
15 46 0.892156862745098;
15 47 0.785714285714286;
15 49 0.6751269035533;
15 50 0.831578947368421;
15 51 0.716814159292035;
15 56 0.925619834710744;
15 57 0.890173410404624;
15 58 0.927272727272727;
15 59 0.948598130841122;
15 62 0.925925925925926;
15 63 0.966480446927374;
15 64 -0.617021276595745;
15 66 0.938053097345133;
15 67 0.848039215686274;
15 70 0.9064039408867;
15 77 0.913385826771654;
15 78 0.730769230769231;
15 79 0.96875;
15 80 0.647058823529412;
15 81 0.864197530864197;
15 83 0.881578947368421;
16 17 0.986842105263158;
16 18 0.842424242424242;
16 19 0.893491124260355;
16 20 0.99290780141844;
16 21 0.88622754491018;
16 22 0.896174863387978;
16 23 0.865168539325843;
16 24 0.702898550724638;
16 46 0.870786516853933;
16 47 0.83625730994152;
16 49 0.738372093023256;
16 50 0.85;
16 51 0.666666666666667;
16 56 0.96875;
16 57 0.854304635761589;
16 58 0.964285714285714;
16 59 0.893617021276596;
16 62 0.964285714285714;
16 63 0.967948717948718;
16 64 -0.505263157894737;
16 66 0.965909090909091;
16 67 0.876404494382023;
16 70 0.875706214689266;
16 77 0.838709677419355;
16 78 0.741935483870968;
16 79 0.984126984126984;
16 80 0.75;
16 81 0.776470588235294;
16 82 0.73972602739726;
16 83 0.7625;
17 18 0.967032967032967;
17 19 0.979591836734694;
17 20 0.98;
17 21 0.989130434782609;
17 22 0.989690721649485;
17 23 0.96969696969697;
17 29 0.818181818181818;
17 31 0.628865979381443;
17 40 0.627450980392157;
17 44 0.794520547945205;
17 46 0.93;
17 47 0.882352941176471;
17 49 0.752808988764045;
17 50 0.853932584269663;
17 51 0.888888888888889;
17 56 0.930693069306931;
17 57 0.9;
17 58 0.932584269662921;
17 59 1;
17 61 0.690140845070423;
17 62 0.931818181818182;
17 63 1;
17 64 -0.758620689655172;
17 66 0.927536231884058;
17 67 0.918367346938776;
17 68 0.639175257731959;
17 70 0.934065934065934;
17 72 0.836734693877551;
17 73 0.694915254237288;
17 74 0.666666666666667;
17 75 0.714285714285714;
17 76 0.711111111111111;
17 77 1;
17 78 0.911111111111111;
18 19 0.863636363636364;
18 20 0.947368421052632;
18 21 0.847058823529412;
18 22 0.857894736842105;
18 23 0.844919786096257;
18 24 0.631944444444444;
18 46 0.824468085106383;
18 47 0.76536312849162;
18 49 0.681564245810056;
18 50 0.764705882352941;
18 51 0.625;
18 56 0.9375;
18 57 0.815286624203822;
18 58 0.93;
18 59 0.856410256410256;
18 62 0.93;
18 63 0.951515151515152;
18 64 -0.581395348837209;
18 66 0.952830188679245;
18 67 0.833333333333333;
18 70 0.826086956521739;
18 77 0.793103448275862;
18 78 0.675213675213675;
18 79 0.896551724137931;
18 80 0.64;
18 81 0.652777777777778;
18 82 0.661290322580645;
18 83 0.651515151515151;
19 20 0.980769230769231;
19 21 0.928571428571429;
19 22 0.87;
19 23 0.865979381443299;
19 24 0.673202614379085;
19 46 0.82051282051282;
19 47 0.837837837837838;
19 49 0.78494623655914;
19 50 0.820224719101124;
19 51 0.638655462184874;
19 56 0.926229508196721;
19 57 0.817073170731707;
19 58 0.927272727272727;
19 59 0.882926829268293;
19 62 0.926605504587156;
19 63 0.976470588235294;
19 64 -0.409638554216867;
19 66 0.939130434782609;
19 67 0.850515463917526;
19 70 0.825641025641026;
19 73 0.647058823529412;
19 77 0.846153846153846;
19 78 0.76271186440678;
19 79 0.946428571428571;
19 80 0.866666666666667;
19 81 0.638888888888889;
19 82 0.932203389830508;
19 83 0.636363636363636;
20 21 0.980519480519481;
20 22 0.982142857142857;
20 23 0.96969696969697;
20 24 0.737704918032787;
20 46 0.938650306748466;
20 47 0.88622754491018;
20 49 0.792207792207792;
20 50 0.875;
20 51 0.769230769230769;
20 56 0.926229508196721;
20 57 0.939393939393939;
20 58 0.927927927927928;
20 59 0.988439306358382;
20 62 0.926605504587156;
20 63 0.994152046783626;
20 64 -0.848484848484849;
20 66 0.938053097345133;
20 67 0.939024390243902;
20 70 0.950920245398773;
20 77 1;
20 78 0.9;
20 79 1;
20 80 0.956521739130435;
20 81 1;
20 82 1;
20 83 1;
21 22 0.862944162436548;
21 23 0.851851851851852;
21 24 0.646666666666667;
21 46 0.80952380952381;
21 47 0.818681318681319;
21 49 0.728260869565217;
21 50 0.777142857142857;
21 56 0.94017094017094;
21 57 0.761006289308176;
21 58 0.933962264150943;
21 59 0.885;
21 62 0.943396226415094;
21 63 0.993939393939394;
21 64 -0.471264367816092;
21 66 0.951456310679612;
21 67 0.868421052631579;
21 70 0.80952380952381;
21 77 0.789915966386555;
21 78 0.816666666666667;
21 79 0.910714285714286;
21 80 0.858974358974359;
21 81 0.623376623376623;
21 82 0.895522388059702;
21 83 0.657534246575342;
22 23 0.947368421052632;
22 24 0.720238095238095;
22 46 0.904761904761905;
22 47 0.815;
22 49 0.693069306930693;
22 50 0.855670103092783;
22 51 0.709401709401709;
22 56 0.958333333333333;
22 57 0.887640449438202;
22 58 0.953703703703704;
22 59 0.977272727272727;
22 62 0.962616822429907;
22 63 0.978142076502732;
22 64 -0.603960396039604;
22 66 0.973684210526316;
22 67 0.875598086124402;
22 70 0.913875598086124;
22 77 0.948529411764706;
22 78 0.759124087591241;
22 79 0.985915492957746;
22 80 0.652173913043478;
22 81 0.852272727272727;
22 83 0.855421686746988;
23 24 0.668674698795181;
23 46 0.872549019607843;
23 47 0.77;
23 49 0.653061224489796;
23 50 0.824468085106383;
23 51 0.698275862068966;
23 56 0.934959349593496;
23 57 0.867052023121387;
23 58 0.936936936936937;
23 59 0.94392523364486;
23 62 0.936363636363636;
23 63 0.983050847457627;
23 64 -0.642105263157895;
23 66 0.947368421052632;
23 67 0.841346153846154;
23 70 0.886699507389163;
23 77 0.869230769230769;
23 78 0.700787401574803;
23 79 0.911764705882353;
23 81 0.811764705882353;
23 83 0.875;
24 26 0.625;
24 29 0.647058823529412;
24 46 0.740740740740741;
24 47 0.726114649681529;
24 49 0.77124183006536;
24 50 0.72258064516129;
24 51 0.652173913043478;
24 56 0.716049382716049;
24 57 0.741176470588235;
24 58 0.695652173913043;
24 59 0.705882352941177;
24 62 0.705882352941177;
24 63 0.733333333333333;
24 64 -0.473684210526316;
24 66 0.705128205128205;
24 67 0.704819277108434;
24 70 0.735849056603774;
24 77 0.802325581395349;
24 78 0.738095238095238;
24 79 0.941176470588235;
24 80 0.75;
24 81 0.75;
24 82 0.708333333333333;
24 83 0.734177215189873;
25 60 0.834224598930481;
25 69 0.864;
25 77 -0.496062992125984;
25 79 -0.516129032258065;
25 83 -0.379746835443038;
26 27 0.888888888888889;
26 28 0.973684210526316;
26 29 0.941176470588235;
26 30 0.89344262295082;
26 31 0.916666666666667;
26 32 0.884615384615385;
26 33 0.928571428571429;
26 35 0.865546218487395;
26 36 0.857142857142857;
26 37 0.96875;
26 38 0.869918699186992;
26 39 0.821138211382114;
26 40 0.872;
26 41 0.886178861788618;
26 42 0.888;
26 43 0.888888888888889;
26 44 0.895833333333333;
26 45 0.867924528301887;
26 48 0.785714285714286;
26 49 0.718181818181818;
26 52 0.704918032786885;
26 53 0.851239669421488;
26 55 0.920634920634921;
26 61 0.827956989247312;
26 65 0.887096774193548;
26 68 0.833333333333333;
26 71 0.902654867256637;
26 72 0.816326530612245;
26 73 0.711864406779661;
26 74 0.789473684210526;
26 75 0.857142857142857;
26 76 0.666666666666667;
26 77 0.955555555555556;
26 78 0.866666666666667;
27 28 0.973684210526316;
27 29 0.882352941176471;
27 30 0.917874396135266;
27 31 0.860103626943005;
27 32 0.943877551020408;
27 33 0.921875;
27 34 0.691919191919192;
27 35 0.901041666666667;
27 36 0.868778280542986;
27 37 0.969230769230769;
27 38 0.905263157894737;
27 39 0.885714285714286;
27 40 0.764423076923077;
27 41 0.912844036697248;
27 42 0.917874396135266;
27 43 0.905405405405405;
27 44 0.931937172774869;
27 45 0.867924528301887;
27 48 0.868571428571429;
27 52 0.687203791469194;
27 53 0.898617511520737;
27 54 0.697435897435897;
27 55 0.809954751131222;
27 61 0.83030303030303;
27 65 0.813084112149533;
27 68 0.864734299516908;
27 71 0.806763285024155;
27 72 0.900709219858156;
27 73 0.803921568627451;
27 74 0.801369863013699;
27 75 0.852272727272727;
27 76 0.8046875;
27 84 0.887323943661972;
28 29 0.941176470588235;
28 30 1;
28 31 0.931506849315068;
28 32 1;
28 33 1;
28 34 0.625;
28 35 0.985714285714286;
28 36 0.947368421052632;
28 37 1;
28 38 0.972972972972973;
28 39 0.866666666666667;
28 40 0.906666666666667;
28 41 0.973684210526316;
28 42 0.973684210526316;
28 43 0.921052631578947;
28 44 1;
28 45 0.905660377358491;
28 48 0.815789473684211;
28 52 0.842105263157895;
28 53 0.972602739726027;
28 55 0.986842105263158;
28 61 0.979166666666667;
28 65 0.893333333333333;
28 68 0.887323943661972;
28 71 0.968253968253968;
28 73 0.636363636363636;
28 74 1;
29 30 0.941176470588235;
29 31 0.878787878787879;
29 32 1;
29 33 0.9375;
29 34 0.8125;
29 35 0.9375;
29 36 0.882352941176471;
29 37 0.939393939393939;
29 38 0.941176470588235;
29 39 0.764705882352941;
29 40 0.818181818181818;
29 41 0.941176470588235;
29 42 0.941176470588235;
29 43 0.941176470588235;
29 44 0.941176470588235;
29 45 0.846153846153846;
29 48 0.764705882352941;
29 49 0.68;
29 52 0.823529411764706;
29 53 0.939393939393939;
29 54 0.705882352941177;
29 55 0.941176470588235;
29 61 0.939393939393939;
29 64 -0.4;
29 65 0.818181818181818;
29 68 0.9375;
29 71 0.923076923076923;
30 31 0.841530054644809;
30 32 0.939226519337017;
30 33 0.928571428571429;
30 34 0.675531914893617;
30 35 0.912087912087912;
30 36 0.890995260663507;
30 37 1;
30 38 0.916666666666667;
30 39 0.877551020408163;
30 40 0.757575757575758;
30 41 0.957345971563981;
30 42 0.932642487046632;
30 43 0.900943396226415;
30 44 0.92817679558011;
30 45 0.905660377358491;
30 48 0.872727272727273;
30 52 0.705;
30 53 0.899038461538462;
30 54 0.682795698924731;
30 55 0.792452830188679;
30 61 0.882352941176471;
30 65 0.79126213592233;
30 68 0.868020304568528;
30 71 0.868686868686869;
30 72 0.877862595419847;
30 73 0.829545454545455;
30 74 0.801470588235294;
30 75 0.876712328767123;
30 76 0.826446280991736;
30 84 0.770491803278688;
31 32 0.845238095238095;
31 33 0.841176470588235;
31 34 0.624309392265193;
31 35 0.784210526315789;
31 36 0.767676767676768;
31 37 0.9375;
31 38 0.803191489361702;
31 39 0.777173913043478;
31 40 0.772972972972973;
31 41 0.825641025641026;
31 42 0.810055865921788;
31 43 0.803030303030303;
31 44 0.808383233532934;
31 45 0.846153846153846;
31 48 0.728323699421965;
31 49 0.629834254143646;
31 52 0.6524064171123;
31 53 0.798969072164949;
31 55 0.817258883248731;
31 61 0.75796178343949;
31 65 0.790575916230366;
31 68 0.786885245901639;
31 71 0.721311475409836;
31 72 0.776859504132231;
31 73 0.649484536082474;
31 74 0.69047619047619;
31 75 0.753846153846154;
31 76 0.679245283018868;
31 77 0.645454545454546;
31 82 0.622641509433962;
31 84 0.791666666666667;
32 33 0.952095808383233;
32 34 0.676300578034682;
32 35 0.921686746987952;
32 36 0.897435897435897;
32 37 1;
32 38 0.920731707317073;
32 39 0.935135135135135;
32 40 0.770491803278688;
32 41 0.963541666666667;
32 42 0.972527472527473;
32 43 0.923469387755102;
32 44 0.957575757575758;
32 45 0.935483870967742;
32 48 0.865771812080537;
32 52 0.648936170212766;
32 53 0.93717277486911;
32 54 0.710059171597633;
32 55 0.805128205128205;
32 61 0.878571428571429;
32 65 0.82010582010582;
32 68 0.879120879120879;
32 71 0.861878453038674;
32 72 0.949275362318841;
32 73 0.813725490196078;
32 74 0.867132867132867;
32 75 0.943181818181818;
32 76 0.864;
32 84 0.859154929577465;
33 34 0.691428571428571;
33 35 0.880952380952381;
33 36 0.857142857142857;
33 37 1;
33 38 0.897590361445783;
33 39 0.884615384615385;
33 40 0.726775956284153;
33 41 0.932642487046632;
33 42 0.938202247191011;
33 43 0.923857868020305;
33 44 0.970059880239521;
33 45 0.901960784313726;
33 48 0.86;
33 52 0.723404255319149;
33 53 0.927461139896373;
33 54 0.7;
33 55 0.841836734693878;
33 61 0.837037037037037;
33 65 0.814814814814815;
33 68 0.880434782608696;
33 71 0.830601092896175;
33 72 0.92436974789916;
33 73 0.76;
33 74 0.849206349206349;
33 75 0.895348837209302;
33 76 0.838095238095238;
33 84 0.855072463768116;
34 35 0.759776536312849;
34 36 0.658415841584158;
34 37 0.622641509433962;
34 38 0.685393258426966;
34 39 0.734042553191489;
34 41 0.693467336683417;
34 42 0.668478260869565;
34 43 0.679802955665025;
34 44 0.714285714285714;
34 45 0.738095238095238;
34 48 0.695121951219512;
34 53 0.708542713567839;
34 54 0.781420765027322;
34 61 0.64968152866242;
34 65 0.622448979591837;
34 68 0.664921465968586;
34 72 0.703703703703704;
34 73 0.697916666666667;
34 74 0.716312056737589;
34 75 0.675;
34 76 0.809917355371901;
34 84 0.859375;
35 36 0.868020304568528;
35 37 0.983050847457627;
35 38 0.877005347593583;
35 39 0.878453038674033;
35 40 0.831521739130435;
35 41 0.896907216494845;
35 42 0.903954802259887;
35 43 0.878172588832487;
35 44 0.891566265060241;
35 45 0.905660377358491;
35 48 0.895953757225434;
35 52 0.783783783783784;
35 53 0.88659793814433;
35 54 0.739583333333333;
35 55 0.770408163265306;
35 61 0.857142857142857;
35 65 0.846560846560847;
35 68 0.836065573770492;
35 71 0.813829787234043;
35 72 0.877049180327869;
35 73 0.77;
35 74 0.8203125;
35 75 0.846153846153846;
35 76 0.824074074074074;
35 84 0.8125;
36 37 0.938461538461538;
36 38 0.835897435897436;
36 39 0.803827751196172;
36 40 0.731132075471698;
36 41 0.869369369369369;
36 42 0.859223300970874;
36 43 0.845132743362832;
36 44 0.861538461538462;
36 45 0.830188679245283;
36 48 0.766666666666667;
36 52 0.630841121495327;
36 53 0.882352941176471;
36 54 0.65;
36 55 0.728888888888889;
36 61 0.83030303030303;
36 65 0.793577981651376;
36 68 0.805687203791469;
36 71 0.853080568720379;
36 72 0.855172413793103;
36 73 0.725490196078431;
36 74 0.753333333333333;
36 75 0.781609195402299;
36 76 0.748091603053435;
36 84 0.757142857142857;
37 38 0.968253968253968;
37 39 0.841269841269841;
37 40 0.890625;
37 41 0.969230769230769;
37 42 0.96875;
37 43 0.907692307692308;
37 44 1;
37 45 0.903846153846154;
37 48 0.784615384615385;
37 52 0.815384615384615;
37 53 0.967741935483871;
37 55 1;
37 61 0.972972972972973;
37 64 -0.411764705882353;
37 65 0.875;
37 68 0.9;
37 71 0.962264150943396;
38 39 0.865168539325843;
38 40 0.813186813186813;
38 41 0.90625;
38 42 0.897142857142857;
38 43 0.887179487179487;
38 44 0.91566265060241;
38 45 0.862745098039216;
38 48 0.824858757062147;
38 52 0.721311475409836;
38 53 0.91578947368421;
38 54 0.668421052631579;
38 55 0.762886597938144;
38 61 0.857142857142857;
38 65 0.79144385026738;
38 68 0.845303867403315;
38 71 0.8;
38 72 0.896551724137931;
38 73 0.787234042553192;
38 74 0.80327868852459;
38 75 0.907692307692308;
38 76 0.803921568627451;
38 84 0.80952380952381;
39 40 0.698979591836735;
39 41 0.893203883495146;
39 42 0.92964824120603;
39 43 0.866666666666667;
39 44 0.899441340782123;
39 45 0.867924528301887;
39 48 0.877300613496933;
39 52 0.676616915422886;
39 53 0.868932038834951;
39 54 0.766304347826087;
39 55 0.752380952380952;
39 61 0.826923076923077;
39 65 0.769607843137255;
39 68 0.824120603015075;
39 71 0.818181818181818;
39 72 0.909090909090909;
39 73 0.795918367346939;
39 74 0.854014598540146;
39 75 0.91566265060241;
39 76 0.855932203389831;
39 84 0.852941176470588;
40 41 0.779904306220096;
40 42 0.782383419689119;
40 43 0.741784037558685;
40 44 0.730769230769231;
40 45 0.865384615384615;
40 48 0.798882681564246;
40 53 0.754807692307692;
40 55 0.693396226415094;
40 61 0.730263157894737;
40 65 0.663414634146341;
40 68 0.702020202020202;
40 71 0.762626262626263;
40 72 0.701492537313433;
40 73 0.754901960784314;
40 74 0.630434782608696;
41 42 0.945812807881773;
41 43 0.914798206278027;
41 44 0.942708333333333;
41 45 0.867924528301887;
41 48 0.870056497175141;
41 52 0.687203791469194;
41 53 0.926605504587156;
41 54 0.710659898477157;
41 55 0.783783783783784;
41 61 0.854545454545454;
41 65 0.790697674418605;
41 68 0.875;
41 71 0.836538461538462;
41 72 0.915492957746479;
41 73 0.787878787878788;
41 74 0.843537414965986;
41 75 0.916666666666667;
41 76 0.83969465648855;
41 84 0.8;
42 43 0.917874396135266;
42 44 0.96045197740113;
42 45 0.867924528301887;
42 48 0.88125;
42 52 0.654822335025381;
42 53 0.911330049261084;
42 54 0.688888888888889;
42 55 0.801932367149758;
42 61 0.866666666666667;
42 65 0.800995024875622;
42 68 0.886010362694301;
42 71 0.886010362694301;
42 72 0.921259842519685;
42 73 0.816326530612245;
42 74 0.842105263157895;
42 75 0.933333333333333;
42 76 0.850877192982456;
42 84 0.8;
43 44 0.964285714285714;
43 45 0.792452830188679;
43 48 0.85;
43 52 0.665116279069767;
43 53 0.900900900900901;
43 54 0.675;
43 55 0.778761061946903;
43 61 0.854545454545454;
43 65 0.80365296803653;
43 68 0.886792452830189;
43 71 0.811320754716981;
43 72 0.931506849315068;
43 73 0.794117647058823;
43 74 0.834437086092715;
43 75 0.897727272727273;
43 76 0.825757575757576;
43 84 0.830985915492958;
44 45 0.884615384615385;
44 48 0.859060402684564;
44 52 0.643243243243243;
44 53 0.927083333333333;
44 54 0.725146198830409;
44 55 0.794871794871795;
44 56 0.677083333333333;
44 58 0.682352941176471;
44 61 0.863354037267081;
44 62 0.686046511627907;
44 65 0.813829787234043;
44 68 0.923913043478261;
44 71 0.834254143646409;
44 72 0.944055944055944;
44 73 0.787878787878788;
44 74 0.857142857142857;
44 75 0.918604651162791;
44 76 0.838461538461538;
44 84 0.859154929577465;
45 48 0.867924528301887;
45 52 0.905660377358491;
45 53 0.865384615384615;
45 54 0.711538461538462;
45 55 0.905660377358491;
45 61 0.88;
45 65 0.75;
45 68 0.8125;
45 71 0.867924528301887;
46 47 0.815384615384615;
46 49 0.688775510204082;
46 50 0.82258064516129;
46 51 0.690265486725664;
46 56 0.983870967741935;
46 57 0.971428571428571;
46 58 0.982142857142857;
46 59 0.893023255813953;
46 62 0.990990990990991;
46 63 0.932960893854749;
46 64 -0.548387096774194;
46 66 0.963636363636364;
46 67 0.907317073170732;
46 70 0.985294117647059;
46 77 0.88;
46 78 0.722222222222222;
46 79 1;
46 81 0.987341772151899;
46 83 0.986486486486487;
47 49 0.779569892473118;
47 50 0.917127071823204;
47 51 0.773584905660377;
47 56 0.928571428571429;
47 57 0.797546012269939;
47 58 0.929824561403509;
47 59 0.824390243902439;
47 62 0.929203539823009;
47 63 0.883977900552486;
47 64 -0.494736842105263;
47 66 0.878260869565217;
47 67 0.857868020304569;
47 70 0.809278350515464;
47 77 0.831932773109244;
47 78 0.905982905982906;
47 79 0.912280701754386;
47 80 0.831168831168831;
47 82 0.793650793650794;
48 52 0.821428571428571;
48 53 0.857142857142857;
48 54 0.748571428571429;
48 55 0.754189944134078;
48 61 0.72992700729927;
48 65 0.728323699421965;
48 68 0.8;
48 71 0.824242424242424;
48 72 0.89;
48 73 0.764044943820225;
48 74 0.839622641509434;
48 75 0.875;
48 76 0.835051546391753;
48 84 0.722222222222222;
49 50 0.720670391061452;
49 56 0.781818181818182;
49 57 0.63030303030303;
49 58 0.755102040816326;
49 59 0.699029126213592;
49 62 0.762886597938144;
49 63 0.764705882352941;
49 64 -0.370786516853933;
49 66 0.75;
49 67 0.741116751269036;
49 70 0.676923076923077;
49 77 0.783582089552239;
49 78 0.766917293233083;
49 79 0.897058823529412;
49 80 0.865168539325843;
49 82 0.851351351351351;
50 51 0.726415094339623;
50 56 0.911504424778761;
50 57 0.826086956521739;
50 58 0.911764705882353;
50 59 0.841836734693878;
50 62 0.91;
50 63 0.871951219512195;
50 64 -0.510869565217391;
50 66 0.865979381443299;
50 67 0.827956989247312;
50 70 0.837837837837838;
50 77 0.878260869565217;
50 78 0.836206896551724;
50 79 0.952380952380952;
50 80 0.746835443037975;
50 81 0.746666666666667;
50 82 0.73015873015873;
50 83 0.728571428571429;
51 56 0.857142857142857;
51 57 0.710743801652893;
51 58 0.853658536585366;
51 59 0.702479338842975;
51 62 0.85;
51 63 0.752808988764045;
51 64 -0.366197183098592;
51 66 0.829787234042553;
51 67 0.706896551724138;
51 70 0.701754385964912;
51 79 0.784313725490196;
51 81 0.647887323943662;
52 53 0.677725118483412;
52 54 0.671957671957672;
52 61 0.645161290322581;
52 68 0.646766169154229;
52 71 0.65;
52 74 0.643356643356643;
53 54 0.709183673469388;
53 55 0.787330316742081;
53 61 0.838509316770186;
53 65 0.808411214953271;
53 68 0.859903381642512;
53 71 0.827751196172249;
53 72 0.916666666666667;
53 73 0.77;
53 74 0.826666666666667;
53 75 0.908045977011494;
53 76 0.786259541984733;
53 84 0.845070422535211;
54 61 0.672955974842767;
54 68 0.664864864864865;
54 71 0.648648648648649;
54 72 0.745901639344262;
54 73 0.693877551020408;
54 74 0.803149606299213;
54 75 0.796875;
54 76 0.862385321100917;
54 84 0.73469387755102;
55 61 0.707317073170732;
55 65 0.757990867579909;
55 68 0.758293838862559;
55 71 0.707547169811321;
55 72 0.717241379310345;
55 74 0.666666666666667;
55 75 0.67816091954023;
55 76 0.656488549618321;
55 77 0.625;
55 84 0.704225352112676;
56 57 0.988095238095238;
56 58 0.991228070175439;
56 59 0.944;
56 62 1;
56 63 0.943548387096774;
56 64 -0.774193548387097;
56 66 0.967391304347826;
56 67 0.991735537190083;
56 70 0.991304347826087;
56 72 0.836734693877551;
56 73 0.689655172413793;
56 74 0.660714285714286;
56 75 0.714285714285714;
56 76 0.704545454545455;
56 77 1;
56 78 0.909090909090909;
57 58 1;
57 59 0.87431693989071;
57 62 1;
57 63 0.931506849315068;
57 64 -0.55;
57 66 0.964285714285714;
57 67 0.874285714285714;
57 70 0.988372093023256;
57 77 0.827956989247312;
57 78 0.702127659574468;
57 79 1;
57 80 0.637362637362637;
57 81 0.977011494252874;
57 83 0.975609756097561;
58 59 0.946902654867257;
58 62 1;
58 63 0.946428571428571;
58 64 -0.894736842105263;
58 66 0.967391304347826;
58 67 0.981651376146789;
58 70 1;
58 72 0.836734693877551;
58 73 0.74468085106383;
58 74 0.723404255319149;
58 75 0.714285714285714;
58 76 0.704545454545455;
58 77 1;
58 78 0.909090909090909;
59 62 0.946902654867257;
59 63 0.98936170212766;
59 64 -0.58;
59 66 0.957627118644068;
59 67 0.864485981308411;
59 70 0.901869158878505;
59 77 0.933823529411765;
59 78 0.773722627737226;
59 79 0.971830985915493;
59 80 0.673913043478261;
59 81 0.829545454545455;
59 82 0.644736842105263;
59 83 0.843373493975904;
60 69 0.866666666666667;
60 77 -0.455357142857143;
60 79 -0.416666666666667;
61 65 0.791139240506329;
61 68 0.816993464052288;
61 71 0.814569536423841;
61 72 0.831858407079646;
61 73 0.74468085106383;
61 74 0.758333333333333;
61 75 0.80327868852459;
61 76 0.745098039215686;
61 84 0.702127659574468;
62 63 0.945945945945946;
62 64 -0.894736842105263;
62 66 0.977777777777778;
62 67 1;
62 70 1;
62 72 0.833333333333333;
62 73 0.739130434782609;
62 74 0.760869565217391;
62 75 0.666666666666667;
62 76 0.704545454545455;
62 77 1;
62 78 0.909090909090909;
63 64 -0.805194805194805;
63 66 0.956896551724138;
63 67 0.932960893854749;
63 70 0.943502824858757;
63 77 0.96;
63 78 0.872549019607843;
63 79 0.929824561403509;
63 80 0.892857142857143;
63 81 0.923076923076923;
63 82 0.952380952380952;
63 83 1;
64 66 -0.916666666666667;
64 67 -0.541666666666667;
64 70 -0.573033707865168;
64 77 -0.455882352941176;
64 79 -0.688888888888889;
64 81 -0.454545454545455;
64 83 -0.573770491803279;
65 68 0.759803921568627;
65 71 0.765853658536585;
65 72 0.795774647887324;
65 73 0.639175257731959;
65 74 0.756944444444444;
65 75 0.738095238095238;
65 76 0.704;
65 84 0.757575757575758;
66 67 0.973684210526316;
66 70 0.974789915966387;
66 72 0.652173913043478;
66 73 0.75;
66 77 1;
66 78 0.933333333333333;
66 79 1;
66 80 0.916666666666667;
66 81 1;
66 82 1;
66 83 1;
67 70 0.901477832512315;
67 77 0.825396825396825;
67 78 0.818897637795276;
67 79 0.985507246376812;
67 80 0.775280898876405;
67 81 0.788235294117647;
67 82 0.753424657534247;
67 83 0.775;
68 71 0.761421319796954;
68 72 0.897810218978102;
68 73 0.760416666666667;
68 74 0.804195804195804;
68 75 0.855421686746988;
68 76 0.804878048780488;
68 84 0.742424242424242;
69 77 -0.63265306122449;
69 78 -0.529411764705882;
69 79 -0.617021276595745;
69 80 -0.58695652173913;
69 81 -0.574468085106383;
69 82 -0.611111111111111;
69 83 -0.583333333333333;
70 77 0.896296296296296;
70 78 0.735294117647059;
70 79 1;
70 81 1;
70 83 1;
71 72 0.826388888888889;
71 73 0.792079207920792;
71 74 0.743243243243243;
71 75 0.732558139534884;
71 76 0.707692307692308;
72 73 0.840909090909091;
72 74 0.840579710144927;
72 75 0.918604651162791;
72 76 0.813953488372093;
72 84 0.855072463768116;
73 74 0.666666666666667;
73 75 0.8;
73 76 0.825581395348837;
73 84 0.717948717948718;
74 75 0.792682926829268;
74 76 0.814516129032258;
74 84 0.692307692307692;
75 76 0.845070422535211;
75 84 0.793650793650794;
76 84 0.774647887323944;
77 78 0.738461538461539;
77 79 1;
77 80 0.709302325581395;
77 81 0.831325301204819;
77 82 0.698630136986301;
77 83 0.82051282051282;
78 79 0.920634920634921;
78 80 0.790697674418605;
78 81 0.6375;
78 82 0.768115942028985;
79 80 0.927536231884058;
79 81 1;
79 82 0.962264150943396;
79 83 1;
80 82 0.932432432432432;
81 83 1]
